Microns Total_system_throughput
0.398 0.0
0.399 0.0
0.4 0.0
0.401 0.0
0.402 0.0
0.403 0.0
0.404 0.0
0.405 0.0
0.406 0.0
0.407 0.0
0.408 0.0
0.409 0.0
0.41 0.0
0.411 0.0
0.412 0.0
0.413 0.0
0.414 0.0
0.415 0.0
0.416 0.0
0.417 0.0
0.418 0.0
0.419 0.0
0.42 0.0
0.421 0.0
0.422 0.0
0.423 0.0
0.424 0.0
0.425 0.0
0.426 0.0
0.427 0.0
0.428 0.0
0.429 0.0
0.43 0.0
0.431 0.0
0.432 0.0
0.433 0.0
0.434 0.0
0.435 0.0
0.436 0.0
0.437 0.0
0.438 0.0
0.439 0.0
0.44 0.0
0.441 0.0
0.442 0.0
0.443 0.0
0.444 0.0
0.445 0.0
0.446 0.0
0.447 0.0
0.448 0.0
0.449 0.0
0.45 0.0
0.451 0.0
0.452 0.0
0.453 0.0
0.454 0.0
0.455 0.0
0.456 0.0
0.457 0.0
0.458 0.0
0.459 0.0
0.46 0.0
0.461 0.0
0.462 0.0
0.463 0.0
0.464 0.0
0.465 0.0
0.466 0.0
0.467 0.0
0.468 0.0
0.469 0.0
0.47 0.0
0.471 0.0
0.472 0.0
0.473 0.0
0.474 0.0
0.475 0.0
0.476 0.0
0.477 0.0
0.478 0.0
0.479 0.0
0.48 0.0
0.481 0.0
0.482 0.0
0.483 0.0
0.484 0.0
0.485 0.0
0.486 0.0
0.487 0.0
0.488 0.0
0.489 0.0
0.49 0.0
0.491 0.0
0.492 0.0
0.493 0.0
0.494 0.0
0.495 0.0
0.496 0.0
0.497 0.0
0.498 0.0
0.499 0.0
0.5 0.0
0.501 0.0
0.502 0.0
0.503 0.0
0.504 0.0
0.505 0.0
0.506 0.0
0.507 0.0
0.508 0.0
0.509 0.0
0.51 0.0
0.511 0.0
0.512 0.0
0.513 0.0
0.514 0.0
0.515 0.0
0.516 0.0
0.517 0.0
0.518 0.0
0.519 0.0
0.52 0.0
0.521 0.0
0.522 0.0
0.523 0.0
0.524 0.0
0.525 2.1362117246990367e-07
0.526 9.039523858611589e-07
0.527 1.5687042146836049e-06
0.528 1.985407124852501e-06
0.529 2.0403967533629307e-06
0.53 1.8817441967482e-06
0.531 1.7555391080314835e-06
0.532 1.71823232351825e-06
0.533 1.7610266365943056e-06
0.534 1.8390079553641427e-06
0.535 2.10865724224854e-06
0.536 2.5982143980649305e-06
0.537 3.4418830145562296e-06
0.538 4.7475115669597354e-06
0.539 7.2172002097054585e-06
0.54 1.1236462559666103e-05
0.541 1.5966928941600504e-05
0.542 1.860990483275858e-05
0.543 1.776406818457892e-05
0.544 1.4160485596660938e-05
0.545 1.0272560093073557e-05
0.546 7.271867913900959e-06
0.547 5.555909985511496e-06
0.548 4.62689237340626e-06
0.549 4.163189631731202e-06
0.55 4.1168182384438855e-06
0.551 4.43314755145354e-06
0.552 4.889673673535354e-06
0.553 5.500301956391517e-06
0.554 6.215255272489257e-06
0.555 6.890911165674072e-06
0.556 7.097034588190096e-06
0.557 7.1799879073794565e-06
0.558 6.127866320011389e-06
0.559 4.310919961113451e-06
0.56 4.266398066158634e-06
0.561 4.829178739427995e-06
0.562 4.595705550948958e-06
0.563 4.271820464873924e-06
0.564 4.7230303932638516e-06
0.565 5.373170923938071e-06
0.566 5.937131444428374e-06
0.567 6.019557450907702e-06
0.568 6.310891325775514e-06
0.569 6.619794402689159e-06
0.57 6.516872683087707e-06
0.571 6.873618619704122e-06
0.572 8.130041049474255e-06
0.573 9.664455578358454e-06
0.574 1.0498190373473965e-05
0.575 1.1703680548616804e-05
0.576 1.4089471521193942e-05
0.577 1.6148194773383242e-05
0.578 1.6976402119652902e-05
0.579 1.7761915985369858e-05
0.58 1.969131203161081e-05
0.581 2.4215294152287178e-05
0.582 3.263589999800905e-05
0.583 4.899625374209732e-05
0.584 8.734413861530569e-05
0.585 0.00017952522209766924
0.586 0.00033292556405671483
0.587 0.00044842778889274735
0.588 0.00042122814796328816
0.589 0.00027678820952376914
0.59 0.00014682696479842357
0.591 8.281937367682163e-05
0.592 5.773856058762651e-05
0.593 4.43187612290553e-05
0.594 3.693685600563687e-05
0.595 3.6136482143891266e-05
0.596 3.3847745060122325e-05
0.597 3.477598664932169e-05
0.598 3.7762594636614466e-05
0.599 3.926381522301805e-05
0.6 4.2618565790332416e-05
0.601 4.75681067402654e-05
0.602 5.523314468364309e-05
0.603 6.740861967266572e-05
0.604 8.215024218312654e-05
0.605 9.533248753972367e-05
0.606 0.00010973469629240927
0.607 0.00012257262225891455
0.608 0.00012609812245279725
0.609 0.00012191155685893913
0.61 0.00011242936529344736
0.611 9.95508122905496e-05
0.612 8.434440363421445e-05
0.613 7.177882647878476e-05
0.614 6.147069931386505e-05
0.615 5.53011899954224e-05
0.616 5.0103801652355105e-05
0.617 4.726850069851646e-05
0.618 4.673444093800197e-05
0.619 4.3577292227539875e-05
0.62 4.0557805673300046e-05
0.621 3.871043967562747e-05
0.622 4.331852924205141e-05
0.623 4.6596025132896706e-05
0.624 5.190268728967644e-05
0.625 6.178559269153161e-05
0.626 7.641417639234453e-05
0.627 9.983984194644911e-05
0.628 0.0001400260671217103
0.629 0.00020628696962691486
0.63 0.0003078615879093967
0.631 0.0004348006628005749
0.632 0.0005295322382734713
0.633 0.0005351611998764134
0.634 0.0004555199566466009
0.635 0.00035438825581766677
0.636 0.00027515128712364155
0.637 0.00022961110352347818
0.638 0.0002069413571277995
0.639 0.00020011819587845644
0.64 0.0002115572522869015
0.641 0.00023387504996913176
0.642 0.00026581332381675975
0.643 0.00029944723428464187
0.644 0.00032676788397273957
0.645 0.0003308151158591399
0.646 0.00030174866004209017
0.647 0.0002517011737947331
0.648 0.00019719029764893805
0.649 0.00015682553963152553
0.65 0.00012729947268448307
0.651 0.00010494726521709408
0.652 9.079696858288236e-05
0.653 8.745819926576042e-05
0.654 8.65123825898688e-05
0.655 8.91935680621073e-05
0.656 9.640044672911916e-05
0.657 0.00011333549919017536
0.658 0.00013370953122418297
0.659 0.00016113409791883377
0.66 0.0001940664155821248
0.661 0.00022827760058696765
0.662 0.0002411666077658679
0.663 0.00023008515157297497
0.664 0.00020598237140462166
0.665 0.0001812114179361292
0.666 0.00015605205626448963
0.667 0.00013473740305984292
0.668 0.00012470799856933843
0.669 0.00011928252118864366
0.67 0.0001181250580740786
0.671 0.00011914762881091956
0.672 0.0001321658319327623
0.673 0.00015312565244613075
0.674 0.00018187406516663812
0.675 0.0002091685303812863
0.676 0.0002354678304783991
0.677 0.0002513962396114835
0.678 0.00025769838870172955
0.679 0.0002465168344815618
0.68 0.0002200473160618371
0.681 0.00018289267264810517
0.682 0.00015451278035794912
0.683 0.0001444720636599536
0.684 0.00013958440838933428
0.685 0.0001341015799068265
0.686 0.00012987491715493342
0.687 0.00013381782266624103
0.688 0.00014115332232163936
0.689 0.00014648501201620475
0.69 0.00015751297584834712
0.691 0.00016812508509461127
0.692 0.00016941213893613722
0.693 0.00016140881525951713
0.694 0.0001495895477219575
0.695 0.00013476101028878865
0.696 0.00011554785465762311
0.697 0.00010216316242858239
0.698 9.341914472538098e-05
0.699 8.67354195731498e-05
0.7 8.052579570739267e-05
0.701 7.31394681430294e-05
0.702 6.952806305719268e-05
0.703 7.337934835340316e-05
0.704 8.485057646319316e-05
0.705 9.921312797283269e-05
0.706 0.00011713212653670667
0.707 0.0001377744180029259
0.708 0.00016386435126391382
0.709 0.00020700666086492675
0.71 0.0002882730791850544
0.711 0.00042242492996399396
0.712 0.0006248925952655177
0.713 0.0009005914764125941
0.714 0.0012730373246679888
0.715 0.001653736257137033
0.716 0.0018822156366982428
0.717 0.0017753928735328476
0.718 0.0014286039453043405
0.719 0.001039771552383147
0.72 0.00073341259069107
0.721 0.0005065524764198023
0.722 0.0003498732033424797
0.723 0.0002595214131867063
0.724 0.0001898840154374155
0.725 0.0001444554475924633
0.726 0.00011550444930646544
0.727 9.726947549816796e-05
0.728 7.856397267173486e-05
0.729 6.0739091818511076e-05
0.73 5.5539495077957814e-05
0.731 5.292647190151751e-05
0.732 5.001657862415853e-05
0.733 4.571074010842472e-05
0.734 5.033085187615453e-05
0.735 5.2304421540622876e-05
0.736 4.719805816414439e-05
0.737 4.9631411766259754e-05
0.738 6.0887419310342505e-05
0.739 7.669247546284163e-05
0.74 8.434047171401482e-05
0.741 0.00010531929130312005
0.742 0.00013896633031579322
0.743 0.0002003039698169433
0.744 0.0002987133361590284
0.745 0.00045371006415646233
0.746 0.0006784946424229485
0.747 0.0009729216641499912
0.748 0.0012785768027044893
0.749 0.0014991338443095198
0.75 0.0015920521020265897
0.751 0.001653720488882237
0.752 0.001936426841448194
0.753 0.0026195169516453226
0.754 0.003376393728071908
0.755 0.003371853210515619
0.756 0.002390547645579379
0.757 0.0011790923341671506
0.758 0.0004838093368063252
0.759 0.00023800761020144505
0.76 0.0001356390640823698
0.761 7.663831853524669e-05
0.762 4.592064235478145e-05
0.763 3.725386512584997e-05
0.764 2.5863583367651572e-05
0.765 1.4581594058034504e-05
0.766 1.4031973773369121e-05
0.767 1.4986151515135337e-05
0.768 1.4706967506536275e-05
0.769 1.0089123940957864e-05
0.77 1.0471598297962693e-05
0.771 8.754992610040447e-06
0.772 1.1037130529194601e-05
0.773 1.0680214076092065e-05
0.774 4.8048053863678715e-06
0.775 6.287079597527657e-06
0.776 9.099481958948395e-06
0.777 1.6576014763447753e-05
0.778 6.449691498664742e-06
0.779 7.488780170101532e-06
0.78 1.0477694309074321e-05
0.781 1.5475702537634065e-05
0.782 8.817149483711967e-06
0.783 1.704770416991608e-05
0.784 1.707398912457002e-05
0.785 1.3180254149021421e-05
0.786 1.1371298572218676e-05
0.787 1.772887413516932e-05
0.788 2.7567485615019865e-05
0.789 5.107179136178387e-05
0.79 0.00010016326954888978
0.791 0.00015257336084042024
0.792 0.0001771311893866025
0.793 0.00014571898863272
0.794 9.683197311045763e-05
0.795 6.485210319131115e-05
0.796 4.7705140713367585e-05
0.797 -8.206404883200061e-05
0.798 0.0003379342271231788
0.799 0.0009827715247670097
0.8 0.002084740140839144
0.801 0.001534313519128308
0.802 0.0022770489217035276
0.803 0.0020385799647881027
0.804 0.0020778546213415213
0.805 0.0004364872108249132
0.806 0.00016812735776423852
0.807 0.0007635603787540366
0.808 0.0017469842026943175
0.809 0.0019407147165218554
0.81 0.0009452198651563618
0.811 0.0011999506200128123
0.812 0.001119459956562988
0.813 0.0016289525759916278
0.814 0.001552130159773912
0.815 0.0017345106479582256
0.816 0.001214706314686603
0.817 0.0013640101430672138
0.818 0.0012680038332037354
0.819 0.0010217317299487743
0.82 0.0014160417677706585
0.821 0.002298319037452094
0.822 0.0019229267836022078
0.823 0.0005739310723760014
0.824 -0.0003611809050629108
0.825 0.0002428161903342959
0.826 0.0015247988391665999
0.827 0.001883715800080672
0.828 0.000840285178818033
0.829 5.231163930751695e-06
0.83 0.0005460615463292921
0.831 0.001050026054096571
0.832 0.0013515017542243234
0.833 0.001187306154609573
0.834 0.0011581135816788961
0.835 0.0010539539165672898
0.836 0.0011215484370352385
0.837 0.0010431524267933369
0.838 0.0013047812685766064
0.839 0.0013473565077073205
0.84 0.0010862094867216442
0.841 0.0008857450327201456
0.842 0.0010634670031068284
0.843 0.0009321006376807357
0.844 0.0008030783230446003
0.845 0.0007251552430717641
0.846 0.0009048970526329448
0.847 0.0012492831158449564
0.848 0.0013799085663174404
0.849 0.001020592620283948
0.85 0.0008887372643548317
0.851 0.0011415728807357478
0.852 0.0013225934288968687
0.853 0.0013472630682279483
0.854 0.0015666611295236514
0.855 0.0010493768231008055
0.856 0.0005893703816031472
0.857 0.00036708484920230385
0.858 0.0009479603635978294
0.859 0.0011872498092859141
0.86 0.0015987289196203668
0.861 0.0010514132733660266
0.862 0.0008398730936659224
0.863 0.000587566508684359
0.864 0.0010805279953625111
0.865 0.0011443083260957892
0.866 0.0012754222453119524
0.867 0.0007262903025606831
0.868 0.000887499551844896
0.869 0.0011924904213132313
0.87 0.0014298983529061726
0.871 0.0011290075804820958
0.872 0.0012736595738867165
0.873 0.0012782886930682344
0.874 0.0011081866001740187
0.875 0.0010948674843236767
0.876 0.001218759976307617
0.877 0.0012480867889087567
0.878 0.0011712016624728136
0.879 0.001122851938237778
0.88 0.0010172345259522814
0.881 0.000880204410643086
0.882 0.0008533005696330009
0.883 0.0009014720512162611
0.884 0.0008056982492841522
0.885 0.0006600621125221489
0.886 0.0007377447403254437
0.887 0.0009213675804347388
0.888 0.0008004354694306343
0.889 0.0006593372802572053
0.89 0.0008443430066399635
0.891 0.0009775519797902649
0.892 0.0009525335135303546
0.893 0.0009994062587015146
0.894 0.0011109547210146468
0.895 0.0011415677584529944
0.896 0.0011308941071026348
0.897 0.0010695510380588598
0.898 0.001046855380199387
0.899 0.0010494068184236612
0.9 0.0011121538667257004
0.901 0.00123105274856487
0.902 0.001271255472609827
0.903 0.0012318256471595612
0.904 0.0011771253725249503
0.905 0.0011685194976950686
0.906 0.0010349166180304726
0.907 0.0008957389402055848
0.908 0.0009224427986961502
0.909 0.0009852640352266402
0.91 0.0009045179490718844
0.911 0.0007636680862239676
0.912 0.0007923565431550479
0.913 0.0009408834798503226
0.914 0.0009030322051164621
0.915 0.0007876461082404277
0.916 0.0006319760784324133
0.917 0.0005025260078857762
0.918 0.0005198393207274822
0.919 0.00066282363116676
0.92 0.0007507401012968571
0.921 0.0007069518413109232
0.922 0.0006699486888705483
0.923 0.0007598167000733013
0.924 0.0009005840128902087
0.925 0.0010049963944960554
0.926 0.0010161920690932211
0.927 0.0011661322549477737
0.928 0.0013260062232624676
0.929 0.001463799921966414
0.93 0.0014988003422604609
0.931 0.001601223548977889
0.932 0.0018045722680355167
0.933 0.00199904378864924
0.934 0.0020948703627143733
0.935 0.002147522257467952
0.936 0.0022623790427651444
0.937 0.0024084418476036525
0.938 0.002524724926255441
0.939 0.0026167746350327908
0.94 0.002646639182854397
0.941 0.0026427350945765864
0.942 0.0026423170172372138
0.943 0.002690290358503559
0.944 0.0026529956118508755
0.945 0.0026069730796062615
0.946 0.002547285785147653
0.947 0.0024743965999487944
0.948 0.0023695488718704547
0.949 0.0022810963256175553
0.95 0.0021795967083261484
0.951 0.0020707096377439857
0.952 0.0020098847331770225
0.953 0.0019316964993923976
0.954 0.0018134405345454874
0.955 0.0017393069787803319
0.956 0.0016924144347700008
0.957 0.001634534053938806
0.958 0.0015768682135817876
0.959 0.001566001702303813
0.96 0.001561045786554584
0.961 0.0016037414294025082
0.962 0.00170759321533867
0.963 0.0018355091418195732
0.964 0.0019114549634439055
0.965 0.002048706119601131
0.966 0.002254686020708899
0.967 0.0025015343507635403
0.968 0.0027637709048586568
0.969 0.00311476375426028
0.97 0.00360678688768152
0.971 0.0041621598529611665
0.972 0.00481861649210289
0.973 0.005635848873220181
0.974 0.006648662797831571
0.975 0.007793655141030546
0.976 0.00926240765857394
0.977 0.011010983424508415
0.978 0.013080346621613583
0.979 0.015467703501515929
0.98 0.018490816587711578
0.981 0.021809031839175142
0.982 0.02573850445144819
0.983 0.03017106786935091
0.984 0.03521062935000495
0.985 0.04120670609717113
0.986 0.04750341228610614
0.987 0.05432835071320589
0.988 0.061586355577688975
0.989 0.07022012638414768
0.99 0.07923227152306211
0.991 0.08852651907694342
0.992 0.09954717667611983
0.993 0.11019871725964463
0.994 0.12086551570266346
0.995 0.13158675122359523
0.996 0.14445435476086219
0.997 0.1571535074972643
0.998 0.1699970472340137
0.999 0.18263419113872328
1.0 0.1943127229271583
1.001 0.20569124722075396
1.002 0.2171930500631021
1.003 0.2288397692831294
1.004 0.2405101684113274
1.005 0.25094588340096513
1.006 0.26059030800128197
1.007 0.2686565415165395
1.008 0.27704727133141754
1.009 0.28467032639205925
1.01 0.2919645819403442
1.011 0.2994757959001264
1.012 0.3059248566205753
1.013 0.3119571871977457
1.014 0.3171799397566961
1.015 0.32224698652049216
1.016 0.3255559077303642
1.017 0.32896058359174046
1.018 0.333018427208136
1.019 0.336746738759324
1.02 0.34054208132883623
1.021 0.3440126260513686
1.022 0.34688189440269696
1.023 0.3482771404594366
1.024 0.3496932233374628
1.025 0.35055782769830995
1.026 0.3512105591471216
1.027 0.3524690236829182
1.028 0.3544715431681547
1.029 0.3562731403902451
1.03 0.35758897040338056
1.031 0.3589912935607039
1.032 0.3599818136879237
1.033 0.36041581310428494
1.034 0.36174009328289514
1.035 0.3628429280472468
1.036 0.364141626990037
1.037 0.3655000037738961
1.038 0.36640079717819923
1.039 0.3662832911224825
1.04 0.36577594969762733
1.041 0.3659681702728664
1.042 0.3663980287004269
1.043 0.3680717518285637
1.044 0.36966139045849894
1.045 0.3700264349585531
1.046 0.3701764662308999
1.047 0.3705644842369647
1.048 0.3715901295176944
1.049 0.37167037905573025
1.05 0.3714371568621787
1.051 0.37138812662413
1.052 0.3722791701211611
1.053 0.3736942460523382
1.054 0.3739817315108312
1.055 0.37345386710497913
1.056 0.3723214362341513
1.057 0.371957955593544
1.058 0.3721044280588167
1.059 0.3724054133404444
1.06 0.3730887730386397
1.061 0.37338310674111974
1.062 0.3737611970823508
1.063 0.37394669400704283
1.064 0.37387733852627253
1.065 0.3735412162872662
1.066 0.373693481957672
1.067 0.3746818208765267
1.068 0.37541914545025956
1.069 0.37604936739638234
1.07 0.37535872250004754
1.071 0.37491301452792003
1.072 0.3745668189325859
1.073 0.3751926004829579
1.074 0.3761522300694325
1.075 0.3776660556422985
1.076 0.37964990530508985
1.077 0.381243975862385
1.078 0.38262494767354943
1.079 0.3834832082078375
1.08 0.38496172358564107
1.081 0.38627115689945407
1.082 0.3870812091012773
1.083 0.3875289122343918
1.084 0.3883227810704661
1.085 0.38973762824429187
1.086 0.3911423179160026
1.087 0.3925444849737033
1.088 0.3929904596713868
1.089 0.3926555190353311
1.09 0.3923075067372896
1.091 0.3936235019765093
1.092 0.3959729499004594
1.093 0.3974001642815272
1.094 0.3978969398921898
1.095 0.39752685207545513
1.096 0.3975613835755416
1.097 0.39762630165115115
1.098 0.39837814870117605
1.099 0.39929075968720323
1.1 0.4000233413574006
1.101 0.4008674346580611
1.102 0.4014066210068607
1.103 0.40160376180340224
1.104 0.40155523720218567
1.105 0.40149600616494446
1.106 0.4017389692798818
1.107 0.40233861580159336
1.108 0.4036524497617583
1.109 0.4037467606011118
1.11 0.40368673652320497
1.111 0.40364370548646566
1.112 0.4038888727563132
1.113 0.4037405907316351
1.114 0.4038650986791938
1.115 0.40469755785064465
1.116 0.40499832220523563
1.117 0.4053856487879842
1.118 0.40573305276663435
1.119 0.40576964455978626
1.12 0.40480495230114005
1.121 0.4038637139451236
1.122 0.40365968635998734
1.123 0.4031740963919508
1.124 0.4031768983748738
1.125 0.40404556041916256
1.126 0.4047465430671186
1.127 0.40423609462147714
1.128 0.4033284255697642
1.129 0.40288754949959105
1.13 0.40337906619150116
1.131 0.4047853642444799
1.132 0.4054713261847817
1.133 0.40521418485188976
1.134 0.40487057257528586
1.135 0.4048251696848355
1.136 0.4053957206648427
1.137 0.4060462034201237
1.138 0.40675220395478084
1.139 0.4069848319096734
1.14 0.40817609583389314
1.141 0.4100684390564594
1.142 0.41204912458339865
1.143 0.4133107493626974
1.144 0.41338691026758134
1.145 0.413484124965743
1.146 0.4143082681467254
1.147 0.415770109875621
1.148 0.41761279823479464
1.149 0.4180692030251029
1.15 0.41849187105297797
1.151 0.41896268345697657
1.152 0.4201180501216745
1.153 0.4206920902006962
1.154 0.4211762359323235
1.155 0.421940167489995
1.156 0.42249649776512127
1.157 0.42375083806451325
1.158 0.4249364957918144
1.159 0.42600276614002447
1.16 0.42562755788332274
1.161 0.4253736804584122
1.162 0.4257033507534177
1.163 0.4269080877948293
1.164 0.42779333833631933
1.165 0.4284952114583777
1.166 0.42870995913461696
1.167 0.42864645836149934
1.168 0.428179479935142
1.169 0.4283960969565187
1.17 0.42821912735815976
1.171 0.4279540941812652
1.172 0.4272628984086125
1.173 0.4274862608739413
1.174 0.4270783555880954
1.175 0.42603250221705957
1.176 0.42392640574910534
1.177 0.4214204911592275
1.178 0.41912817837402966
1.179 0.41616351017795145
1.18 0.4127611038755415
1.181 0.4088080282831832
1.182 0.40352496988822967
1.183 0.39648716737892753
1.184 0.38735976154753643
1.185 0.378417892875772
1.186 0.3682663762342544
1.187 0.3568928071050873
1.188 0.34410002853641325
1.189 0.3320167006051061
1.19 0.3204208079171629
1.191 0.30750211085577894
1.192 0.29466947566844115
1.193 0.28239567495651835
1.194 0.27149479804310245
1.195 0.26213186515962084
1.196 0.2545022913607954
1.197 0.24900261448916586
1.198 0.24706479162138711
1.199 0.24782687356274335
1.2 0.24955302731104503
1.201 0.2524445930244683
1.202 0.25788231842826004
1.203 0.26589383974180714
1.204 0.27533540696135006
1.205 0.2856566576073667
1.206 0.2976390648130499
1.207 0.3100009366565719
1.208 0.3225050593748489
1.209 0.3354378427417709
1.21 0.3499236995418315
1.211 0.3633091533694934
1.212 0.37522182246248886
1.213 0.38697158376802376
1.214 0.3974032848154211
1.215 0.40622494445896856
1.216 0.41360448793593163
1.217 0.42077886755673805
1.218 0.42747088248502096
1.219 0.432634192613758
1.22 0.43583811121545
1.221 0.437650402732658
1.222 0.43939641116289496
1.223 0.44129131683455186
1.224 0.4417940930735731
1.225 0.44221618182341776
1.226 0.4425737533670842
1.227 0.4435991425319451
1.228 0.44402637404554024
1.229 0.4439874708868473
1.23 0.44336870607832873
1.231 0.4426799625857395
1.232 0.44309890435539184
1.233 0.44395897514231136
1.234 0.44459470387303346
1.235 0.444574171958668
1.236 0.4445002568352688
1.237 0.4448500115111358
1.238 0.44478113084305215
1.239 0.4446055719307985
1.24 0.44459382267766245
1.241 0.44531580120072334
1.242 0.4462386528147415
1.243 0.44670843162019747
1.244 0.44696051776585055
1.245 0.44633705300058707
1.246 0.44640562545300877
1.247 0.4461749231647219
1.248 0.4464234430726489
1.249 0.4469804001635288
1.25 0.44776718001479976
1.251 0.4480825053960449
1.252 0.44816495966968606
1.253 0.4485126758022744
1.254 0.44815187760131664
1.255 0.44815223442154145
1.256 0.44804832354959595
1.257 0.4481122057606941
1.258 0.44834622277456554
1.259 0.44902836655661077
1.26 0.449699803368535
1.261 0.4499717694522629
1.262 0.4499972556949599
1.263 0.44978021391804346
1.264 0.44990615413689533
1.265 0.4506429017031639
1.266 0.45134156945752174
1.267 0.4519772458699468
1.268 0.4517524468346722
1.269 0.45122333050154184
1.27 0.45072569691611264
1.271 0.45103673886807777
1.272 0.451217788264807
1.273 0.4512505415128872
1.274 0.4513586873420114
1.275 0.45157023580550976
1.276 0.45176134952386265
1.277 0.45214401028338985
1.278 0.4521128659048217
1.279 0.45138915754568104
1.28 0.4507468687651256
1.281 0.4512416225266743
1.282 0.45182750646020586
1.283 0.45246587466949556
1.284 0.45267735789253505
1.285 0.4529372475630271
1.286 0.4524696552947091
1.287 0.45187011087708134
1.288 0.45155362898078977
1.289 0.45149109053405057
1.29 0.4512181525050142
1.291 0.4509616202604338
1.292 0.45135053232681294
1.293 0.45162090164268137
1.294 0.45130036676431545
1.295 0.4500836775808433
1.296 0.4490698420525812
1.297 0.44999332983169366
1.298 0.45210908609972783
1.299 0.45430022960719263
1.3 0.4546192890536725
1.301 0.4542596250571289
1.302 0.4529843334514042
1.303 0.4525332946068696
1.304 0.4522830410399453
1.305 0.4528197915974869
1.306 0.4529758479514848
1.307 0.45326466570359203
1.308 0.4532634663304117
1.309 0.4539485455748963
1.31 0.4542458002379964
1.311 0.4551066998972596
1.312 0.4556356805663652
1.313 0.45614356836805275
1.314 0.4566821243687852
1.315 0.45820545108913624
1.316 0.45934542222627966
1.317 0.45945408971258117
1.318 0.45907893769868
1.319 0.459846098706123
1.32 0.4607518110178924
1.321 0.46107381249117607
1.322 0.4603888433998906
1.323 0.46089877142093777
1.324 0.4621025315318787
1.325 0.463206158669665
1.326 0.46312833433181505
1.327 0.46259481636066424
1.328 0.46207093520563014
1.329 0.4618647005009274
1.33 0.4627940215904989
1.331 0.4640081659607154
1.332 0.464937019734379
1.333 0.46474138042925534
1.334 0.4640543426482427
1.335 0.4632556793147173
1.336 0.4635374936818146
1.337 0.46470829169139277
1.338 0.4654963912602752
1.339 0.4657025488638403
1.34 0.4660129920598369
1.341 0.4666667399449481
1.342 0.46740152562652904
1.343 0.4677161377795308
1.344 0.4676634795103188
1.345 0.46747356272297247
1.346 0.4676180461662717
1.347 0.46822536937515247
1.348 0.4696756763928302
1.349 0.4706898822343026
1.35 0.47019804726414405
1.351 0.46918004939389746
1.352 0.46875814341125044
1.353 0.46914961974874986
1.354 0.47075458319431723
1.355 0.4717562509942415
1.356 0.47160792245671906
1.357 0.47143734366441337
1.358 0.4721208840700684
1.359 0.47179618820639163
1.36 0.4706770430583341
1.361 0.47005539923661016
1.362 0.4708640992192641
1.363 0.47201083224044177
1.364 0.47285753948285836
1.365 0.4724862837717309
1.366 0.47148012793099353
1.367 0.4694605732395127
1.368 0.4681914953644148
1.369 0.4679574639652999
1.37 0.4687552046375353
1.371 0.4689244357390478
1.372 0.4679346254314114
1.373 0.4658789037197753
1.374 0.4636359085231182
1.375 0.4624088941848788
1.376 0.46193127657069466
1.377 0.46121174633498696
1.378 0.45968134531226384
1.379 0.4583014837411241
1.38 0.45754651349220365
1.381 0.4564815405604582
1.382 0.45529349765580845
1.383 0.45393360765882995
1.384 0.45261142603350657
1.385 0.4522638992177179
1.386 0.45297827351553144
1.387 0.4535350289890504
1.388 0.452990326883513
1.389 0.4526193902411086
1.39 0.4526951548473271
1.391 0.45332723822202237
1.392 0.4533817606144215
1.393 0.4543761736642506
1.394 0.455812511283588
1.395 0.4572852965323954
1.396 0.4572597079995047
1.397 0.4575111634835292
1.398 0.45834115982425105
1.399 0.45928988993807524
1.4 0.460081289106507
1.401 0.46113897553470146
1.402 0.4620569671588225
1.403 0.4625949403854164
1.404 0.4633353458146974
1.405 0.4638630765414775
1.406 0.463560467697314
1.407 0.4638250931001694
1.408 0.46495099052941713
1.409 0.46633209880014426
1.41 0.46715366004152464
1.411 0.4684487620396973
1.412 0.4699675017014829
1.413 0.4709855722609675
1.414 0.47146638582453476
1.415 0.47123507093394845
1.416 0.47190431059141835
1.417 0.47345848215103026
1.418 0.4747787247564996
1.419 0.4749510829864106
1.42 0.4739612644365512
1.421 0.4733331142093551
1.422 0.47204007186889685
1.423 0.4709661341087591
1.424 0.46895926097586194
1.425 0.46703776359683075
1.426 0.46488868398831673
1.427 0.46223989675796995
1.428 0.4583965158489694
1.429 0.4538877914221123
1.43 0.4496108192255891
1.431 0.44426570006831767
1.432 0.4381897397301812
1.433 0.4321817998507231
1.434 0.4259474517103124
1.435 0.4189782307712374
1.436 0.41085130831932865
1.437 0.404150997303426
1.438 0.39598946573927085
1.439 0.38669967103461067
1.44 0.3761084446203703
1.441 0.3672614445315725
1.442 0.358786430341958
1.443 0.3492818630494764
1.444 0.33917208555956396
1.445 0.32935023736032787
1.446 0.3197127127074885
1.447 0.3112302846879183
1.448 0.30360604297247007
1.449 0.29736381057982303
1.45 0.2910688859878372
1.451 0.28596895711444753
1.452 0.2813929681852104
1.453 0.2773822258202198
1.454 0.2750477536878925
1.455 0.27461687263328616
1.456 0.2758303820227888
1.457 0.2775953139182399
1.458 0.2810587321997974
1.459 0.2863449400131228
1.46 0.2932277165147893
1.461 0.30074326250186806
1.462 0.3088092054338797
1.463 0.3183789632955335
1.464 0.3292235873887179
1.465 0.3426605238669982
1.466 0.35593980025922667
1.467 0.3695060143269261
1.468 0.3804956117147114
1.469 0.3923726658744804
1.47 0.40419762172786267
1.471 0.41675630348803805
1.472 0.42961323747149815
1.473 0.44122098596977477
1.474 0.4525146281409199
1.475 0.46095524873745425
1.476 0.4695380170698698
1.477 0.4756557965493956
1.478 0.48127225831568893
1.479 0.485698262353178
1.48 0.4906119287308241
1.481 0.49426310174190974
1.482 0.497260386179358
1.483 0.4999075481537704
1.484 0.5021537686403265
1.485 0.502401860617343
1.486 0.5023755824321207
1.487 0.50166224426328
1.488 0.5023225605035249
1.489 0.5031617730069685
1.49 0.5048267427727031
1.491 0.5056131335465192
1.492 0.5057870974367903
1.493 0.5052556773721276
1.494 0.5039824124110726
1.495 0.503216230233818
1.496 0.5028118526771889
1.497 0.5041424207614589
1.498 0.5048423654069484
1.499 0.5056178510830416
1.5 0.5051386992341725
1.501 0.5051902621389274
1.502 0.5051268150082094
1.503 0.5049114588429036
1.504 0.5049879109201137
1.505 0.5061920637925714
1.506 0.5078218018686717
1.507 0.5080467442540589
1.508 0.5086116710413601
1.509 0.5091729394921469
1.51 0.5091960596824818
1.511 0.509357824823918
1.512 0.5096971070809793
1.513 0.5105193323130646
1.514 0.511312901111791
1.515 0.512104421525904
1.516 0.5129152877110764
1.517 0.5133864973754694
1.518 0.5132828677051666
1.519 0.5118546908821138
1.52 0.5111337832425054
1.521 0.5109571872736172
1.522 0.5115997624955002
1.523 0.513403801412094
1.524 0.514710109879127
1.525 0.5144447773178555
1.526 0.5143128610550541
1.527 0.5144209789891812
1.528 0.5158034445529346
1.529 0.5161020352904465
1.53 0.5169722110502061
1.531 0.5169931324737636
1.532 0.5178898355653864
1.533 0.517977894849412
1.534 0.5174846529638429
1.535 0.5172090841012145
1.536 0.517091650211352
1.537 0.5176688629868564
1.538 0.5187232853144289
1.539 0.519725362851558
1.54 0.5198445267478073
1.541 0.5195057884291441
1.542 0.5190191942917505
1.543 0.517463862354209
1.544 0.5165874131655867
1.545 0.5163644740595281
1.546 0.5180002084630251
1.547 0.5183902237541363
1.548 0.5190689650007575
1.549 0.5188923197729993
1.55 0.5186198235071338
1.551 0.51782264976248
1.552 0.517934275290204
1.553 0.5188052388633585
1.554 0.5192190391291729
1.555 0.520391518511914
1.556 0.5213742236011628
1.557 0.5211555560605372
1.558 0.5196754986228475
1.559 0.5184431526115664
1.56 0.5185951486417513
1.561 0.5193282501897531
1.562 0.520079149989782
1.563 0.520872812924085
1.564 0.522086245372271
1.565 0.5220681977820414
1.566 0.5201463511045836
1.567 0.5188213685937421
1.568 0.5184079292599323
1.569 0.5187364627831689
1.57 0.5189850238018331
1.571 0.5194189124654643
1.572 0.5202919240398323
1.573 0.5203841699194295
1.574 0.5198613409273053
1.575 0.5188122369431366
1.576 0.5186695420357899
1.577 0.5189055594732442
1.578 0.519480013366033
1.579 0.5204828272720162
1.58 0.5214621154363983
1.581 0.5221142113660417
1.582 0.5199847710896729
1.583 0.5185096952980247
1.584 0.5187185365117797
1.585 0.5200948006771027
1.586 0.519235701213237
1.587 0.5184985449888632
1.588 0.5186342122533836
1.589 0.5180952658741286
1.59 0.5175658203903778
1.591 0.5164218192361436
1.592 0.5166452160598647
1.593 0.5169385099147057
1.594 0.5173639314559015
1.595 0.5174238499350632
1.596 0.5175731172538265
1.597 0.5185751174608635
1.598 0.5179042412023428
1.599 0.5173832636450748
1.6 0.5169582254017016
1.601 0.5174741307298975
1.602 0.5189177272014572
1.603 0.521092558074439
1.604 0.5232647284150512
1.605 0.5223984446616041
1.606 0.5213105451979675
1.607 0.520178420124055
1.608 0.5199497510234279
1.609 0.5202868758433108
1.61 0.5213401728496635
1.611 0.5220681550721372
1.612 0.5211428391447381
1.613 0.5215419171613757
1.614 0.5225588565802207
1.615 0.5226381417862096
1.616 0.5211312750634507
1.617 0.5205754527718377
1.618 0.5215591716920631
1.619 0.5232895058545063
1.62 0.5244154789326261
1.621 0.5246273408697346
1.622 0.5235179963344039
1.623 0.5226335806647592
1.624 0.5219339139592543
1.625 0.5235642131230693
1.626 0.5258405465751457
1.627 0.5277706566535786
1.628 0.5276914974212785
1.629 0.5288867570426324
1.63 0.5287943753013494
1.631 0.526372896474999
1.632 0.5245998494028986
1.633 0.5249312792857593
1.634 0.5265474761017583
1.635 0.5275523107498672
1.636 0.529368643126938
1.637 0.5290636766016684
1.638 0.5283757550563838
1.639 0.5270127361459791
1.64 0.5272050336404769
1.641 0.5280969271821166
1.642 0.5290109371384896
1.643 0.5284356744502477
1.644 0.5283377923776862
1.645 0.5279984305502536
1.646 0.5279911536964708
1.647 0.5274450745366364
1.648 0.5275780740598541
1.649 0.5265710835958053
1.65 0.5270189544789631
1.651 0.5283289471172896
1.652 0.5299041625401931
1.653 0.5296964234750655
1.654 0.5283101783995217
1.655 0.5275902050195246
1.656 0.5271202646711879
1.657 0.5269004803426312
1.658 0.5267406301062008
1.659 0.5276813666442086
1.66 0.5282523560419056
1.661 0.5276106512295511
1.662 0.5266762840289079
1.663 0.526232140257918
1.664 0.5247630008916462
1.665 0.523824780130714
1.666 0.5234982144084178
1.667 0.5241556576244167
1.668 0.5234606686453632
1.669 0.5227734487978601
1.67 0.520634192481132
1.671 0.5185112879793564
1.672 0.5161659191666458
1.673 0.5164578968050053
1.674 0.5186412562778732
1.675 0.5207892096384613
1.676 0.5223052380667209
1.677 0.5227283367178381
1.678 0.5229483678562025
1.679 0.5236508315437566
1.68 0.5259157957012213
1.681 0.5263348148864004
1.682 0.5258043324090979
1.683 0.5269915178377421
1.684 0.5289444281418273
1.685 0.5312074852094578
1.686 0.5315385752539582
1.687 0.5308945530377693
1.688 0.5301027626491749
1.689 0.5311715273949648
1.69 0.5310110561397394
1.691 0.5317384335420507
1.692 0.5325227778022144
1.693 0.5339887662074098
1.694 0.5334539204500779
1.695 0.5330968231204891
1.696 0.5312701681194607
1.697 0.5313390890468256
1.698 0.531017985678911
1.699 0.5314299726698894
1.7 0.5318682451171628
1.701 0.533272925315754
1.702 0.5329863770658345
1.703 0.5311320266181041
1.704 0.5290537567222855
1.705 0.5278632708935479
1.706 0.5280578709785383
1.707 0.52830931196552
1.708 0.5283407812570611
1.709 0.5282314071572728
1.71 0.5273168017237946
1.711 0.5266603869500982
1.712 0.5254641549575602
1.713 0.5241226047970043
1.714 0.5233003543549272
1.715 0.5237336254435195
1.716 0.5246856082648841
1.717 0.5250366268967128
1.718 0.526665107461081
1.719 0.5267968850062013
1.72 0.5265221320646386
1.721 0.5252116964658133
1.722 0.5264544847276827
1.723 0.5275978529749855
1.724 0.5285949041387817
1.725 0.5300839615471395
1.726 0.5321552071578779
1.727 0.5336934256510811
1.728 0.5320402080127692
1.729 0.5305699087397663
1.73 0.5292379847396275
1.731 0.529973488357522
1.732 0.530682737767125
1.733 0.5315190099261659
1.734 0.5316894300891627
1.735 0.5311505584878937
1.736 0.5308398413208422
1.737 0.5308875027892531
1.738 0.5316983981515574
1.739 0.532333222596613
1.74 0.5330412455041653
1.741 0.5332482169498978
1.742 0.5337948582467875
1.743 0.5349989338243479
1.744 0.5348013848907021
1.745 0.5340769048235811
1.746 0.5333970610745181
1.747 0.533478285072377
1.748 0.5336873128613785
1.749 0.5350087739530678
1.75 0.5372231855391164
1.751 0.5376607808657217
1.752 0.5363392835464661
1.753 0.5353701721540323
1.754 0.5347498194436655
1.755 0.5353233513480858
1.756 0.5357705736207027
1.757 0.5368653940778997
1.758 0.536251013120004
1.759 0.53652818160917
1.76 0.5363877777975926
1.761 0.5354022263693691
1.762 0.5338206649947788
1.763 0.5335954134333041
1.764 0.5345651164568181
1.765 0.5357685922700479
1.766 0.5365826115538881
1.767 0.5368394469104635
1.768 0.5352557527251893
1.769 0.5340706509770355
1.77 0.5328130538456549
1.771 0.5334418513767394
1.772 0.5335891909921867
1.773 0.5330006357491406
1.774 0.5335929497756072
1.775 0.5362356372902388
1.776 0.5415922191592394
1.777 0.5395058158399658
1.778 0.5353004028657323
1.779 0.531829919279864
1.78 0.5344440249701239
1.781 0.5359108399578391
1.782 0.5376028509267874
1.783 0.5390399573829902
1.784 0.5391842188655878
1.785 0.537964484195757
1.786 0.5372925288610704
1.787 0.5378251812700314
1.788 0.5388363618913512
1.789 0.5399409669736105
1.79 0.540641998632392
1.791 0.5408283038646179
1.792 0.5401771375969553
1.793 0.538822213310517
1.794 0.538065414900394
1.795 0.5380574409039968
1.796 0.5373909666102961
1.797 0.5374510658576028
1.798 0.5386395049698215
1.799 0.540665181029334
1.8 0.5407775838489062
1.801 0.5406554065025443
1.802 0.5403776080829041
1.803 0.5400525636894672
1.804 0.5400527809944194
1.805 0.5404894123163667
1.806 0.5419454037958774
1.807 0.5423271879134453
1.808 0.5426774818720431
1.809 0.5422829103188235
1.81 0.5421355237727102
1.811 0.541870003361907
1.812 0.5419978161944414
1.813 0.5430767125427233
1.814 0.5447462030743384
1.815 0.5458348490954316
1.816 0.545639622184291
1.817 0.5451174221885533
1.818 0.5438733923410908
1.819 0.5420593914759125
1.82 0.5408403412423977
1.821 0.5408575674581523
1.822 0.5418322446820221
1.823 0.5423015519674804
1.824 0.5426233284950627
1.825 0.5422189241973939
1.826 0.5415161059441261
1.827 0.5405236357922998
1.828 0.5403230558419427
1.829 0.5401977666724436
1.83 0.5407787951367434
1.831 0.5418313899999397
1.832 0.5433242375515062
1.833 0.5430770537924932
1.834 0.5421094856305373
1.835 0.5416979581816586
1.836 0.541791929973722
1.837 0.541979571793901
1.838 0.5427569869165704
1.839 0.5450987745546123
1.84 0.5454936378367256
1.841 0.5443828265849421
1.842 0.542340313794052
1.843 0.5412395598955584
1.844 0.5410629480884426
1.845 0.542187171375816
1.846 0.5437262458126632
1.847 0.5443047738197503
1.848 0.544499785023415
1.849 0.5435654625568876
1.85 0.5425899328325645
1.851 0.5414192163870883
1.852 0.5410507355526203
1.853 0.5414341917505329
1.854 0.5424639837329374
1.855 0.5435129407925442
1.856 0.5432178739385524
1.857 0.5421841316435038
1.858 0.5408382244887289
1.859 0.5405212149891947
1.86 0.5404817414641435
1.861 0.540272737963569
1.862 0.5412940502103216
1.863 0.5426682969717622
1.864 0.544326780276361
1.865 0.5441862824883694
1.866 0.5429088530564578
1.867 0.5411706341802902
1.868 0.5410319463797897
1.869 0.5430446656437772
1.87 0.5439354013568769
1.871 0.5444039391980636
1.872 0.5441389652235102
1.873 0.5454872446878168
1.874 0.5458727144372655
1.875 0.5458693089290281
1.876 0.5452246430180767
1.877 0.5456950019867159
1.878 0.5464187931123001
1.879 0.5473676881801557
1.88 0.5480291970626558
1.881 0.5470440831959474
1.882 0.5447784430266812
1.883 0.5430140557984349
1.884 0.5424546383926974
1.885 0.5432560131946127
1.886 0.5442051006082664
1.887 0.545119327529527
1.888 0.5448378926697852
1.889 0.54447425583771
1.89 0.5434050579821144
1.891 0.5422129879679718
1.892 0.5419126572742177
1.893 0.5417743399811777
1.894 0.541875527926885
1.895 0.5424265401419357
1.896 0.5437089251736694
1.897 0.5446024933283001
1.898 0.5436476320573673
1.899 0.5423987025756191
1.9 0.5415362817880709
1.901 0.5426222928844201
1.902 0.5431440932306858
1.903 0.5432731476002947
1.904 0.5434811626056318
1.905 0.5435330282270343
1.906 0.5425693536559244
1.907 0.5411101749709305
1.908 0.5411156626384076
1.909 0.5422276840927822
1.91 0.5436828334599559
1.911 0.5449570184475687
1.912 0.5450728965176761
1.913 0.5453290024134231
1.914 0.5445088373306146
1.915 0.5434137608854358
1.916 0.5417627177233975
1.917 0.5414923804175573
1.918 0.5428848400284686
1.919 0.543638390703373
1.92 0.5440525215655205
1.921 0.5432506008670009
1.922 0.5431253411424112
1.923 0.5422280166579775
1.924 0.5412815943364679
1.925 0.5401976418312431
1.926 0.5398801427822648
1.927 0.5404809818284568
1.928 0.5408836300361088
1.929 0.5409178829229008
1.93 0.5403043304810955
1.931 0.5392550441104819
1.932 0.5376295487770227
1.933 0.5359929542050725
1.934 0.5365548930407193
1.935 0.537847051701283
1.936 0.539190921327564
1.937 0.5389726639650164
1.938 0.5392400711485804
1.939 0.5387039821264675
1.94 0.5384187643330413
1.941 0.5382501628075055
1.942 0.5390572631630189
1.943 0.5407611572861953
1.944 0.5422398136750076
1.945 0.5434568548194084
1.946 0.5438075094296203
1.947 0.5433728797028855
1.948 0.5420078763066349
1.949 0.5409087619240387
1.95 0.5414057140467452
1.951 0.5428771641437977
1.952 0.5440418877377851
1.953 0.5440685454476477
1.954 0.5439917876543409
1.955 0.5437731047313736
1.956 0.5433993850389686
1.957 0.5431546519090118
1.958 0.5431906221492719
1.959 0.5432569206101098
1.96 0.5436912901665135
1.961 0.5438076255408825
1.962 0.544217057772065
1.963 0.5439650472841784
1.964 0.5437522462888076
1.965 0.5428641383116882
1.966 0.54338737508878
1.967 0.5446608883526312
1.968 0.544915739197377
1.969 0.5443851410934255
1.97 0.5432651491761396
1.971 0.5434185170478874
1.972 0.5430023355799513
1.973 0.5432502360211682
1.974 0.5428542622932815
1.975 0.5432642931824035
1.976 0.5437510465606115
1.977 0.5442448996595174
1.978 0.5450370080693464
1.979 0.54531402121757
1.98 0.5452168304599971
1.981 0.5443691101717071
1.982 0.5442417612311792
1.983 0.5446760898378766
1.984 0.545080283760098
1.985 0.5459312979487274
1.986 0.5465205584557634
1.987 0.547423466129571
1.988 0.5470138165139683
1.989 0.5467273440696557
1.99 0.5461922627106723
1.991 0.5464640294224403
1.992 0.5465789726010359
1.993 0.5457618159563222
1.994 0.5442153934438119
1.995 0.541321699118561
1.996 0.5381731842760424
1.997 0.5352399711129326
1.998 0.5372286188532037
1.999 0.5399724636963037
2.0 0.5418101282581472
2.001 0.5418467931110764
2.002 0.5419165443024804
2.003 0.5416562316523796
2.004 0.541035429813836
2.005 0.5416954084353848
2.006 0.54204745685163
2.007 0.5434267604432945
2.008 0.5437770910447313
2.009 0.5435991425263944
2.01 0.5429398489953684
2.011 0.5419830044528666
2.012 0.5417092531665756
2.013 0.5420263914188873
2.014 0.5428802120274968
2.015 0.5424198319743168
2.016 0.5420219834716791
2.017 0.5423074519711657
2.018 0.5425034633872802
2.019 0.5418208578663717
2.02 0.5404158680390374
2.021 0.5406117052489682
2.022 0.5424571706565976
2.023 0.543553415479196
2.024 0.542730289289912
2.025 0.5411859673618936
2.026 0.5410763416598428
2.027 0.5406493907964435
2.028 0.5403133277803172
2.029 0.5396409712893004
2.03 0.5407405071504672
2.031 0.5422287777951666
2.032 0.5427997469763297
2.033 0.5418951599611724
2.034 0.5410291818472749
2.035 0.5411577665534983
2.036 0.5411213779995475
2.037 0.5408435704419415
2.038 0.5408891177938322
2.039 0.540540149213657
2.04 0.5394824753786706
2.041 0.5381182259036338
2.042 0.5375602935240028
2.043 0.5376838310376003
2.044 0.537582661412933
2.045 0.5373981311895654
2.046 0.5367574668041686
2.047 0.5370289977286167
2.048 0.5369096913101007
2.049 0.5366433465665023
2.05 0.5362831226664886
2.051 0.5355940333469655
2.052 0.5347828736513207
2.053 0.5336034444775396
2.054 0.5344773361953076
2.055 0.5350649673297013
2.056 0.5362042693489831
2.057 0.5366069973022711
2.058 0.5378659048398343
2.059 0.5383777875787804
2.06 0.537676124605084
2.061 0.5371875446909365
2.062 0.5372158728378209
2.063 0.5389130883543849
2.064 0.5391966602656096
2.065 0.5389706584037909
2.066 0.5384735565740403
2.067 0.5377132518407282
2.068 0.5377900948152192
2.069 0.5375325570776328
2.07 0.538820325184682
2.071 0.5398927794054966
2.072 0.5419542919238847
2.073 0.5425975245580562
2.074 0.5429557689683202
2.075 0.5440864626062154
2.076 0.5442261324159228
2.077 0.5431286978811188
2.078 0.5413440267621458
2.079 0.5421749384605478
2.08 0.544059347210634
2.081 0.5452583933188082
2.082 0.5456757021484121
2.083 0.5457014636408198
2.084 0.5465046262360119
2.085 0.5456297685171642
2.086 0.5462408810506669
2.087 0.5464380827411071
2.088 0.5477810832192297
2.089 0.5463009880674496
2.09 0.5444220655029769
2.091 0.5431836583445998
2.092 0.5439145193097378
2.093 0.5451238891436758
2.094 0.5443994440769482
2.095 0.5431238566467081
2.096 0.5427063319726292
2.097 0.5441771041391491
2.098 0.5454980837724542
2.099 0.5454098077114471
2.1 0.5445365491107679
2.101 0.5441192504599375
2.102 0.5438922951344088
2.103 0.5433349303389211
2.104 0.5428669417135467
2.105 0.5438354682392461
2.106 0.5444897794473695
2.107 0.5445193707106523
2.108 0.5442283141827259
2.109 0.5448247499219063
2.11 0.5455603684306572
2.111 0.5446285977246904
2.112 0.5434531107635049
2.113 0.5437583864903407
2.114 0.5450112111920695
2.115 0.5446929348982135
2.116 0.5442262792007289
2.117 0.5442893761255279
2.118 0.5448874039930526
2.119 0.545665838549265
2.12 0.5465567872208664
2.121 0.5473466305961329
2.122 0.5471742974937509
2.123 0.5462496393095059
2.124 0.5458714182232843
2.125 0.5470277210013405
2.126 0.5485006146028151
2.127 0.5476564610975003
2.128 0.5462549176247029
2.129 0.5454958136441994
2.13 0.5466989036723028
2.131 0.5477307123651827
2.132 0.547420443894969
2.133 0.5463895647915157
2.134 0.544846577728823
2.135 0.5447378276183451
2.136 0.544236472728659
2.137 0.5436935537721539
2.138 0.542302301490379
2.139 0.540940082196928
2.14 0.5394127733865324
2.141 0.5383691390979483
2.142 0.538817203727134
2.143 0.5386400943822466
2.144 0.5382786139773386
2.145 0.53709449176286
2.146 0.5370112722218066
2.147 0.5371850883927692
2.148 0.5375554962226535
2.149 0.5377603011192756
2.15 0.5372638109539947
2.151 0.5362612109839126
2.152 0.5346039114984679
2.153 0.5336965772211686
2.154 0.5333754596388277
2.155 0.5335923240781993
2.156 0.5341965850834398
2.157 0.53313278297889
2.158 0.5322034554223551
2.159 0.5325559001764265
2.16 0.5334308464379381
2.161 0.5329342990165447
2.162 0.5317365590270663
2.163 0.5316376927900891
2.164 0.5304604755056184
2.165 0.5287465133867134
2.166 0.5270905598261207
2.167 0.5272205795760321
2.168 0.5275540637347763
2.169 0.526503014768566
2.17 0.5254441655702634
2.171 0.5247833078285128
2.172 0.5249690617351702
2.173 0.5246904120361432
2.174 0.5246307156944293
2.175 0.5236557790121056
2.176 0.5212725439495554
2.177 0.5184589185959844
2.178 0.5156410296076639
2.179 0.5137242240384645
2.18 0.5116136337852347
2.181 0.5100472471602325
2.182 0.5090003875726237
2.183 0.5076236223108711
2.184 0.5049247429379344
2.185 0.5011102834139106
2.186 0.4981749751811113
2.187 0.4947414426578644
2.188 0.4931904659486842
2.189 0.4900833219885796
2.19 0.4884975381558825
2.191 0.48471861808570027
2.192 0.4825235690029356
2.193 0.47882565672372196
2.194 0.4761677087897069
2.195 0.47231584087950684
2.196 0.46952250822790204
2.197 0.46623599770573027
2.198 0.462347942183868
2.199 0.45810143848541796
2.2 0.45518043992075996
2.201 0.45136254967579864
2.202 0.4469298502715909
2.203 0.44195800862491313
2.204 0.4382872912670436
2.205 0.4355612837224907
2.206 0.43370834594291324
2.207 0.43151169393599803
2.208 0.4287199011854079
2.209 0.425567926793747
2.21 0.4228468085004117
2.211 0.42154220412229265
2.212 0.42157024756100736
2.213 0.4217289401154918
2.214 0.42125003412622897
2.215 0.4202619737018384
2.216 0.42046797591513174
2.217 0.4216577118903461
2.218 0.42308580216725394
2.219 0.42386894411004394
2.22 0.42497027532370585
2.221 0.4264609033753481
2.222 0.42745299141863285
2.223 0.42931229610355653
2.224 0.4312219492831702
2.225 0.4325775407428335
2.226 0.43267318663854076
2.227 0.43310429858970656
2.228 0.43385817158587436
2.229 0.4352282226340349
2.23 0.43680034392060246
2.231 0.43756407409886666
2.232 0.43797727774699596
2.233 0.43895156249345285
2.234 0.4401414131499098
2.235 0.44102865494558124
2.236 0.44178518640010006
2.237 0.442202143546638
2.238 0.4424753868414926
2.239 0.4436878629691193
2.24 0.4450936766671831
2.241 0.44474204506964377
2.242 0.4433193919473386
2.243 0.4427143835085059
2.244 0.44408303446979464
2.245 0.4459490913929227
2.246 0.4473794422304563
2.247 0.4475961875480281
2.248 0.44638808340668035
2.249 0.4460612021981839
2.25 0.44650889570539287
2.251 0.44786476570371914
2.252 0.4477319887743261
2.253 0.4471707719573017
2.254 0.446830157678108
2.255 0.447481352731534
2.256 0.4485842883351601
2.257 0.44850239640950706
2.258 0.448432182282637
2.259 0.4483543918500641
2.26 0.4487956861642009
2.261 0.4489532736328584
2.262 0.44990900361720304
2.263 0.4500826214370605
2.264 0.44948162697381144
2.265 0.4488440444628571
2.266 0.4497963521673579
2.267 0.4508226231269138
2.268 0.451767014657409
2.269 0.45328357980828393
2.27 0.4559582865756609
2.271 0.45890211282979976
2.272 0.46207596634010656
2.273 0.4641568982847107
2.274 0.4656966628079991
2.275 0.4672609042800288
2.276 0.46947463298263997
2.277 0.4717440611035522
2.278 0.4734181587086575
2.279 0.47490883451750865
2.28 0.475693826652026
2.281 0.47679900164516503
2.282 0.4788024454375585
2.283 0.4819010728333338
2.284 0.48451389778978793
2.285 0.485211805657922
2.286 0.48585088385144337
2.287 0.4870347989083286
2.288 0.4890975754728027
2.289 0.49069567820282683
2.29 0.49195916205436613
2.291 0.49238067972758276
2.292 0.4926014614936217
2.293 0.493884333679118
2.294 0.49627404163873584
2.295 0.4986050988386507
2.296 0.49922151229659234
2.297 0.4994818865498213
2.298 0.5000552793769183
2.299 0.5021633690257468
2.3 0.5043337359813591
2.301 0.5051338276195254
2.302 0.5054222578067176
2.303 0.5066614950211724
2.304 0.5098310103893058
2.305 0.5130163673987375
2.306 0.5155620828197465
2.307 0.5168921994593986
2.308 0.5190905341130747
2.309 0.5224945400405285
2.31 0.5253016478603258
2.311 0.5274254465066346
2.312 0.5291559524066229
2.313 0.5295047616915756
2.314 0.529130118548206
2.315 0.5290113536071307
2.316 0.5313137979371083
2.317 0.5333699764089807
2.318 0.5346370153744888
2.319 0.5346849736747453
2.32 0.535023456199067
2.321 0.5359491041522646
2.322 0.5380498705183071
2.323 0.539657243641903
2.324 0.5392648281469453
2.325 0.5386103405088288
2.326 0.5387676827473739
2.327 0.5389154199867381
2.328 0.540267428378423
2.329 0.5408858379824809
2.33 0.5413720110516551
2.331 0.5402403954440221
2.332 0.5419700203677433
2.333 0.5445035699431413
2.334 0.545891065865725
2.335 0.5450853023378431
2.336 0.5444194397964488
2.337 0.5444961769130686
2.338 0.5448078274070178
2.339 0.545376450767961
2.34 0.5452016851345597
2.341 0.544953546257786
2.342 0.5449077212930586
2.343 0.5446033875166645
2.344 0.5451561006046975
2.345 0.5446917693156098
2.346 0.5448390565200976
2.347 0.544874894344566
2.348 0.5466607081384977
2.349 0.5485595794746708
2.35 0.5494098424013815
2.351 0.5501110195879934
2.352 0.5499442449393582
2.353 0.5510617972936704
2.354 0.5519603218758223
2.355 0.5535777263105568
2.356 0.5546627850044729
2.357 0.5550651209326352
2.358 0.5558897523010546
2.359 0.5568472674454539
2.36 0.5588459388402052
2.361 0.5587613685327151
2.362 0.5583362395073498
2.363 0.5567485354307926
2.364 0.5566378080137081
2.365 0.5577860520887317
2.366 0.5590307252828859
2.367 0.5600273415133021
2.368 0.5597676944779817
2.369 0.5592058569293202
2.37 0.5590690312655484
2.371 0.5597678377348947
2.372 0.5604966649291991
2.373 0.5595871481760945
2.374 0.5588698161489045
2.375 0.5589854261686107
2.376 0.5601431172771932
2.377 0.5599924726673904
2.378 0.5597875066926735
2.379 0.5589033344048618
2.38 0.5575315743269795
2.381 0.0
2.3819999999999997 0.0
