Microns Total_system_throughput
0.9682000122070312 0.0
0.9692000122070312 0.0
0.9702000122070312 5.075710214309657e-06
0.9712000122070312 6.025538447875177e-06
0.9722000122070312 7.0001408284864176e-06
0.9732000122070312 7.978000775489767e-06
0.9742000122070312 8.87866789191449e-06
0.9752000122070312 9.761712868459155e-06
0.9762000122070312 1.066791152333223e-05
0.9772000122070312 1.178204978573426e-05
0.9782000122070312 1.3210531823412186e-05
0.9792000122070312 1.5167445349748769e-05
0.9802000122070312 1.7786639044340877e-05
0.9812000122070312 2.1325702292541883e-05
0.9822000122070312 2.612180457572433e-05
0.9832000122070312 3.2496744359184e-05
0.9842000122070312 4.072821054989691e-05
0.9852000122070312 5.1230292804569696e-05
0.9862000122070312 6.40465158864224e-05
0.9872000122070312 7.93780561760912e-05
0.9882000122070312 9.728475281789927e-05
0.9892000122070312 0.00011776529691148733
0.9902000122070312 0.00014103329944914944
0.9912000122070312 0.0001669384424969428
0.9922000122070312 0.0001961718441138191
0.9932000122070312 0.00022956351599636105
0.9942000122070312 0.0002686242803492778
0.9952000122070312 0.0003151753329354592
0.9962000122070312 0.00037298087828774095
0.9972000122070312 0.00044699612341175435
0.9982000122070313 0.015118064189037937
0.9992000122070313 0.03129344730030461
1.0002000122070311 0.04957239606317448
1.0012000122070313 0.055489401857272205
1.0022000122070311 0.06277931165228061
1.0032000122070313 0.06998971079933122
1.0042000122070311 0.07872074102731993
1.0052000122070313 0.08839227834086018
1.0062000122070311 0.10121346565163605
1.0072000122070313 0.11553279397358804
1.0082000122070311 0.1310796581965808
1.0092000122070313 0.14758129373884044
1.0102000122070312 0.16357113277287766
1.0112000122070313 0.18014510638203626
1.0122000122070312 0.19530123172414368
1.0132000122070313 0.21069973245188073
1.0142000122070312 0.22383110457920558
1.0152000122070313 0.23478850596660894
1.0162000122070312 0.24172246546144732
1.0172000122070313 0.24630226644366326
1.0182000122070312 0.24800504869648146
1.0192000122070313 0.24877475783251715
1.0202000122070312 0.24766655464539283
1.0212000122070313 0.24815884473795446
1.0222000122070312 0.24712498031426927
1.0232000122070313 0.24735884414102924
1.024199951171875 0.24656039694647447
1.025199951171875 0.2475766560631068
1.026199951171875 0.24815560626345007
1.027199951171875 0.24872440400465842
1.028199951171875 0.25009508327204905
1.029199951171875 0.2515381931050201
1.030199951171875 0.2535666838648516
1.031199951171875 0.25502409207110754
1.032199951171875 0.25765375300551974
1.033199951171875 0.260237374188741
1.034199951171875 0.26438346446301764
1.035199951171875 0.26707800670706155
1.036199951171875 0.2693130458455026
1.037199951171875 0.2697228904216296
1.038199951171875 0.27300680433658114
1.039199951171875 0.27433700901059244
1.040199951171875 0.27669200776313413
1.041199951171875 0.276706303313792
1.042199951171875 0.278814541945418
1.043199951171875 0.2793276665714016
1.044199951171875 0.2799913706784281
1.045199951171875 0.28037696802463946
1.046199951171875 0.2818934319675545
1.047199951171875 0.2833329212432756
1.048199951171875 0.28445686838891093
1.049199951171875 0.28565077641947195
1.050199951171875 0.2867427930012196
1.051199951171875 0.2883477778383127
1.052199951171875 0.2891677826771685
1.053199951171875 0.289712477796257
1.054199951171875 0.2908940010148262
1.055199951171875 0.2905898351381202
1.056199951171875 0.29091913709501943
1.057199951171875 0.29052845637985153
1.058199951171875 0.2900733503760826
1.059199951171875 0.28932543372236297
1.060199951171875 0.28776783747386386
1.061199951171875 0.286941634115164
1.062199951171875 0.2850518671670779
1.063199951171875 0.2833296426065788
1.064199951171875 0.28260173711926606
1.065199951171875 0.2815252435026421
1.066199951171875 0.28019413003119237
1.067199951171875 0.27766198722829927
1.068199951171875 0.27626931958963824
1.069199951171875 0.2736444969136333
1.070199951171875 0.2712082054395577
1.071199951171875 0.2697895844583261
1.072199951171875 0.2687906307846511
1.073199951171875 0.26790266768866267
1.074199951171875 0.26590211546584136
1.075199951171875 0.26499564618316457
1.076199951171875 0.2647736586159637
1.077199951171875 0.2645795090371974
1.078199951171875 0.2649322567503995
1.079199951171875 0.2649483621481241
1.080199951171875 0.2656564950486306
1.081199951171875 0.2666309814771168
1.082199951171875 0.2674432218463846
1.083199951171875 0.26763613519545487
1.084199951171875 0.2686273546770557
1.085199951171875 0.2696541928745417
1.086199951171875 0.2714994399864783
1.087199951171875 0.27208811869624017
1.088199951171875 0.2734698140254187
1.089199951171875 0.2750917137950866
1.090199951171875 0.27703977523781675
1.091199951171875 0.2790909364756584
1.092199951171875 0.281078507689352
1.093199951171875 0.28352105162020286
1.094199951171875 0.28564720506275704
1.095199951171875 0.2876431764978225
1.096199951171875 0.28884463574334235
1.097199951171875 0.2917555735626319
1.098199951171875 0.2945327682194191
1.099199951171875 0.2969429133877221
1.100199951171875 0.29718624333902366
1.101199951171875 0.29747444960658737
1.102199951171875 0.298615920770459
1.103199951171875 0.3000470690377625
1.104199951171875 0.3007439166915937
1.105199951171875 0.3018233416472576
1.106199951171875 0.3019124859646427
1.107199951171875 0.30238630490603235
1.108199951171875 0.30144464582458497
1.109199951171875 0.3008213852253964
1.110199951171875 0.3013977652562903
1.111199951171875 0.30147103775587786
1.112199951171875 0.30182725089453194
1.113199951171875 0.3012035574184215
1.114199951171875 0.3013385781470338
1.115199951171875 0.301845495027667
1.116199951171875 0.3011203927023187
1.117199951171875 0.30045120714934026
1.118199951171875 0.2997003626629645
1.119199951171875 0.30003287044570015
1.120199951171875 0.30019605825676104
1.121199951171875 0.2992992814098956
1.122199951171875 0.2984485691031957
1.123199951171875 0.29739174227045967
1.124199951171875 0.29749324010080425
1.125199951171875 0.29718229563440857
1.126199951171875 0.29758626715711833
1.127199951171875 0.2979906071409873
1.128199951171875 0.2986370967918231
1.129199951171875 0.29870941350232255
1.130199951171875 0.2989414022426262
1.131199951171875 0.2989252017891772
1.132199951171875 0.3003448396763917
1.133199951171875 0.3010032342164677
1.134199951171875 0.30187107754615855
1.135199951171875 0.3020660243399514
1.136199951171875 0.3032108058406978
1.137199951171875 0.3047415008580661
1.138199951171875 0.3056188923615446
1.139199951171875 0.30682533653090177
1.140199951171875 0.3076212526378793
1.141199951171875 0.3097043843082672
1.142199951171875 0.31214861459471216
1.143199951171875 0.31491417382596704
1.144199951171875 0.31846905878789206
1.145199951171875 0.32161790670243573
1.146199951171875 0.32371125366365583
1.147199951171875 0.3257421208724125
1.148199951171875 0.3276689736732871
1.149199951171875 0.33081933871322616
1.150199951171875 0.33328204224485664
1.151199951171875 0.3356358958266368
1.152199951171875 0.3378838674837315
1.153199951171875 0.3395224841432928
1.154199951171875 0.34139234983285693
1.155199951171875 0.3431277593493191
1.156199951171875 0.345154207728642
1.157199951171875 0.3469016441007242
1.158199951171875 0.34813301478962544
1.159199951171875 0.3496514651429194
1.160199951171875 0.3505200995685503
1.161199951171875 0.3525073357276328
1.162199951171875 0.35352435074183436
1.163199951171875 0.3551603813967734
1.164199951171875 0.356092983884852
1.165199951171875 0.3567425713716741
1.166199951171875 0.35782606476019696
1.167199951171875 0.3590277612359478
1.168199951171875 0.36008569334780416
1.169199951171875 0.360200612932708
1.170199951171875 0.36011324456655297
1.171199951171875 0.36067640900987435
1.172199951171875 0.3614703195650134
1.173199951171875 0.36210987551595275
1.174199951171875 0.3624835428883005
1.175199951171875 0.3629258846448551
1.176199951171875 0.3624157056129531
1.177199951171875 0.3629412582580376
1.178199951171875 0.3626128250975441
1.179199951171875 0.36181404426731234
1.180199951171875 0.3612234833160025
1.181199951171875 0.36175902994882947
1.182199951171875 0.3625997757541622
1.183199951171875 0.362377651150443
1.184199951171875 0.3614384960445193
1.185199951171875 0.36134353709228023
1.186199951171875 0.3608523906281871
1.187199951171875 0.360414190079132
1.188199951171875 0.35964426464801713
1.189199951171875 0.35899779403116094
1.190199951171875 0.35932692417612694
1.191199951171875 0.35956079761606446
1.192199951171875 0.35892897352920283
1.193199951171875 0.35829621179953436
1.194199951171875 0.3572066188369805
1.195199951171875 0.3563197728700868
1.196199951171875 0.354975096551004
1.197199951171875 0.3543560718232901
1.198199951171875 0.35379593865218056
1.199199951171875 0.35287140444219633
1.200199951171875 0.35213486976061265
1.201199951171875 0.35224029660356315
1.202199951171875 0.35196443202912087
1.203199951171875 0.351578766286996
1.204199951171875 0.35166396980230236
1.205199951171875 0.35189999221167406
1.206199951171875 0.35092167887083436
1.207199951171875 0.35024421455580845
1.208199951171875 0.3499269731377908
1.209199951171875 0.35157178044491527
1.210199951171875 0.35132791569622385
1.211199951171875 0.3518246608434033
1.212199951171875 0.3517707248343539
1.213199951171875 0.3537654101172997
1.214199951171875 0.35451849163834337
1.215199951171875 0.3557706649772659
1.216199951171875 0.35521784688461333
1.217199951171875 0.3569622666890476
1.218199951171875 0.35819460342463966
1.219199951171875 0.3598959559479894
1.220199951171875 0.360764590480161
1.221199951171875 0.361372740231517
1.222199951171875 0.36317776864261203
1.223199951171875 0.36434104592601996
1.224199951171875 0.366260495998379
1.225199951171875 0.3671156173965102
1.226199951171875 0.3683800903645866
1.227199951171875 0.3699444159860776
1.228199951171875 0.37112548539469564
1.229199951171875 0.3720843673058599
1.230199951171875 0.37434176319059204
1.231199951171875 0.3762248479451837
1.232199951171875 0.37888849158206095
1.233199951171875 0.37973216238283175
1.234199951171875 0.38156825560936414
1.235199951171875 0.3832567237634811
1.236199951171875 0.3852298742895511
1.237199951171875 0.3862121978142169
1.238199951171875 0.3874686918415322
1.239199951171875 0.38770685313017667
1.240199951171875 0.389370608702301
1.241199951171875 0.39004782130671545
1.242199951171875 0.39135979607849836
1.243199951171875 0.39199314991406187
1.244199951171875 0.393573755926715
1.245199951171875 0.394510478909484
1.246199951171875 0.39575992568801793
1.247199951171875 0.39548698940947585
1.248199951171875 0.3957993998237599
1.249199951171875 0.3964387734118666
1.250199951171875 0.3958584526061332
1.251199951171875 0.39709940491084555
1.252199951171875 0.39757641033811725
1.253199951171875 0.39805710993849414
1.254199951171875 0.3967523963344193
1.255199951171875 0.3954566214276099
1.256199951171875 0.39538109015631995
1.257199951171875 0.3969679206412239
1.258199951171875 0.39730935494663655
1.259199951171875 0.39805811144086517
1.260199951171875 0.39818130808044105
1.261199951171875 0.3991765212739756
1.262199951171875 0.4001140681980437
1.263199951171875 0.39971410265176816
1.264199951171875 0.3991934620360918
1.265199951171875 0.39947327556033274
1.266199951171875 0.3990086899932286
1.267199951171875 0.3991953035035902
1.268199951171875 0.39788427274686905
1.269199951171875 0.3965177115399675
1.270199951171875 0.3935895178297546
1.271199951171875 0.3893735935300093
1.272199951171875 0.38290310733836136
1.273199951171875 0.3748186804202749
1.274199951171875 0.36443522309431314
1.275199951171875 0.3509822073135509
1.276199951171875 0.3337287843510172
1.277199951171875 0.31288134141026025
1.278199951171875 0.28830519804328486
1.279199951171875 0.26085141661816563
1.280199951171875 0.23144516047024796
1.281199951171875 0.20298810789604957
1.282199951171875 0.17673202633663532
1.283199951171875 0.15449084860819967
1.284199951171875 0.13495603493429784
1.285199951171875 0.11817521025319301
1.286199951171875 0.10216100021597807
1.287199951171875 0.08823615267151423
1.288199951171875 0.07583433365548048
1.289199951171875 0.06617567765197496
1.290199951171875 0.05791291543289061
1.291199951171875 0.05089952271547666
1.292199951171875 0.04438014849216719
1.293199951171875 0.039153549224898436
1.294199951171875 0.03458084927312943
1.295199951171875 0.030690625797033234
1.296199951171875 0.026771463546690046
1.297199951171875 0.022974884606075035
1.298199951171875 0.019234770412111957
1.299199951171875 0.01595382840115028
1.300199951171875 0.013153979192752267
1.301199951171875 0.010793869186386165
1.302199951171875 0.008829605056983365
1.303199951171875 0.007224881796001825
1.304199951171875 0.005929422531020045
1.305199951171875 0.0048607140210676
1.306199951171875 0.003997780146061935
1.307199951171875 0.003281850818213391
1.308199951171875 0.002714684543359824
1.309199951171875 0.0022631932294942996
1.310199951171875 0.0018877315542309516
1.311199951171875 0.0015767515192068547
1.312199951171875 0.0013213989666263255
1.313199951171875 0.0011178994567759522
1.314199951171875 0.000945575951827431
1.315199951171875 0.0008019295094760775
1.316199951171875 0.0006823221019240078
1.317199951171875 0.0005820104769278705
1.318199951171875 0.0004995771813878793
1.319199951171875 0.00042907169608751554
1.320199951171875 0.0003698254595584523
1.321199951171875 0.00031986268028921246
1.322199951171875 0.000278266733637815
1.323199951171875 0.0002427791782656364
1.324199951171875 0.00021224419491153523
1.325199951171875 0.000185446170253429
1.326199951171875 0.0001629061402764979
1.327199951171875 0.00014396825566812872
1.328199951171875 0.00012717118434202573
1.329199951171875 0.0001118868886447634
1.330199951171875 9.929198265115948e-05
1.331199951171875 8.821920913692214e-05
1.332199951171875 7.898052303287385e-05
1.333199951171875 7.003638182625546e-05
1.334199951171875 6.265122843107869e-05
1.335199951171875 5.595946231545393e-05
1.336199951171875 5.053093832121271e-05
1.337199951171875 4.558886622266529e-05
1.338199951171875 4.111731143303456e-05
1.339199951171875 3.6745330828052556e-05
1.340199951171875 3.3300449207135285e-05
1.341199951171875 3.047841214256629e-05
1.342199951171875 2.8620020438402504e-05
1.343199951171875 2.6431838009291515e-05
1.344199951171875 2.4227679350173637e-05
1.345199951171875 2.183424572531698e-05
1.346199951171875 1.9864684732373823e-05
1.347199951171875 1.8209111659173096e-05
1.348199951171875 1.6753676349155176e-05
1.349199951171875 1.4660192609657656e-05
1.350199951171875 1.3705094323969213e-05
1.351199951171875 1.3184634780518615e-05
1.352199951171875 1.1962654469223934e-05
1.353199951171875 1.1086306966642172e-05
1.354199951171875 9.456713535905267e-06
1.3551999511718749 0.0
1.356199951171875 0.0
