Microns Total_system_throughput
0.398 0.0
0.399 0.0
0.4 0.0
0.401 0.0
0.402 0.0
0.403 0.0
0.404 0.0
0.405 0.0
0.406 0.0
0.407 0.0
0.408 0.0
0.409 0.0
0.41 0.0
0.411 0.0
0.412 0.0
0.413 0.0
0.414 0.0
0.415 0.0
0.416 0.0
0.417 0.0
0.418 0.0
0.419 0.0
0.42 0.0
0.421 0.0
0.422 0.0
0.423 0.0
0.424 0.0
0.425 0.0
0.426 0.0
0.427 0.0
0.428 0.0
0.429 0.0
0.43 0.0
0.431 0.0
0.432 0.0
0.433 0.0
0.434 0.0
0.435 0.0
0.436 0.0
0.437 0.0
0.438 0.0
0.439 0.0
0.44 0.0
0.441 0.0
0.442 0.0
0.443 0.0
0.444 0.0
0.445 0.0
0.446 0.0
0.447 0.0
0.448 0.0
0.449 0.0
0.45 0.0
0.451 0.0
0.452 0.0
0.453 0.0
0.454 0.0
0.455 0.0
0.456 0.0
0.457 0.0
0.458 0.0
0.459 0.0
0.46 0.0
0.461 0.0
0.462 0.0
0.463 0.0
0.464 0.0
0.465 0.0
0.466 0.0
0.467 0.0
0.468 0.0
0.469 0.0
0.47 0.0
0.471 0.0
0.472 0.0
0.473 0.0
0.474 0.0
0.475 0.0
0.476 0.0
0.477 0.0
0.478 0.0
0.479 0.0
0.48 0.0
0.481 0.0
0.482 0.0
0.483 0.0
0.484 0.0
0.485 0.0
0.486 0.0
0.487 0.0
0.488 0.0
0.489 0.0
0.49 0.0
0.491 0.0
0.492 0.0
0.493 0.0
0.494 0.0
0.495 0.0
0.496 0.0
0.497 0.0
0.498 0.0
0.499 0.0
0.5 0.0
0.501 0.0
0.502 0.0
0.503 0.0
0.504 0.0
0.505 0.0
0.506 0.0
0.507 0.0
0.508 0.0
0.509 0.0
0.51 0.0
0.511 0.0
0.512 0.0
0.513 0.0
0.514 0.0
0.515 0.0
0.516 0.0
0.517 0.0
0.518 0.0
0.519 0.0
0.52 0.0
0.521 0.0
0.522 0.0
0.523 0.0
0.524 0.0
0.525 2.3612113007025706e-07
0.526 9.991624725742624e-07
0.527 1.7339302449959768e-06
0.528 2.194522989221771e-06
0.529 2.255304479538961e-06
0.53 2.079941613942465e-06
0.531 1.940443792524007e-06
0.532 1.8992076172109383e-06
0.533 1.946509302934634e-06
0.534 2.03270411639535e-06
0.535 2.330754602710104e-06
0.536 2.8718750709147845e-06
0.537 3.804404299302956e-06
0.538 5.247550059065804e-06
0.539 7.977362214408024e-06
0.54 1.241995915903087e-05
0.541 1.764866872441384e-05
0.542 2.057001985713741e-05
0.543 1.963509424600138e-05
0.544 1.5651959132928387e-05
0.545 1.1354532277145344e-05
0.546 8.037787873268248e-06
0.547 6.141094205128117e-06
0.548 5.1142264752622275e-06
0.549 4.601683574598123e-06
0.55 4.550428047538998e-06
0.551 4.898603498466087e-06
0.552 5.401442260267934e-06
0.553 6.074161996004648e-06
0.554 6.861656943800268e-06
0.555 7.6053129598445706e-06
0.556 7.830472782083517e-06
0.557 7.919643167649635e-06
0.558 6.757129428739154e-06
0.559 4.752194232793522e-06
0.56 4.701723436794386e-06
0.561 5.320355865101312e-06
0.562 5.061642960758792e-06
0.563 4.703535511602008e-06
0.564 5.198816777695788e-06
0.565 5.91271541302171e-06
0.566 6.531391934377555e-06
0.567 6.620131535324309e-06
0.568 6.9385055720651885e-06
0.569 7.276007490522984e-06
0.57 7.160798944967769e-06
0.571 7.550600522290253e-06
0.572 8.928177774842317e-06
0.573 1.0610154893795046e-05
0.574 1.152214198750754e-05
0.575 1.2841504152218773e-05
0.576 1.5454786457387846e-05
0.577 1.7707912242026275e-05
0.578 1.861076911303484e-05
0.579 1.946632513424327e-05
0.58 2.1574687680012443e-05
0.581 2.652378641746956e-05
0.582 3.573694996877703e-05
0.583 5.363658143874912e-05
0.584 9.558913079066727e-05
0.585 0.00019641604277630963
0.586 0.00036414602438366266
0.587 0.0004903408739395345
0.588 0.0004604689172290805
0.589 0.00030248795290474046
0.59 0.00016041467076109928
0.591 9.045824890231946e-05
0.592 6.304641020914093e-05
0.593 4.837939172030619e-05
0.594 4.0309861084207074e-05
0.595 3.942539336268182e-05
0.596 3.6918062070615826e-05
0.597 3.7919954653038316e-05
0.598 4.116513772826297e-05
0.599 4.2789759267294266e-05
0.6 4.643291816974256e-05
0.601 5.1811124518056716e-05
0.602 6.0143282600326966e-05
0.603 7.338092787748472e-05
0.604 8.940405583079386e-05
0.605 0.00010372181490689208
0.606 0.00011935872132578596
0.607 0.0001332861055874384
0.608 0.0001370823154454969
0.609 0.0001324949416533264
0.61 0.0001221563334238718
0.611 0.00010813419361169476
0.612 9.1591825876504e-05
0.613 7.792542941482311e-05
0.614 6.671655428777792e-05
0.615 6.000434964318569e-05
0.616 5.435029871923348e-05
0.617 5.1260906303692115e-05
0.618 5.0668132701604944e-05
0.619 4.723258118572723e-05
0.62 4.3948056771838004e-05
0.621 4.1935064497373667e-05
0.622 4.6914500278881376e-05
0.623 5.045063523811769e-05
0.624 5.6181351745645865e-05
0.625 6.686122424579395e-05
0.626 8.26696323295262e-05
0.627 0.00010798442285346673
0.628 0.00015140892265092505
0.629 0.00022299746191256498
0.63 0.00033271269245985756
0.631 0.00046977510107314537
0.632 0.0005719766891208706
0.633 0.0005779055469261392
0.634 0.0004917746813408971
0.635 0.000382494138324502
0.636 0.00029689570126995143
0.637 0.0002476922035215092
0.638 0.0002231793589284357
0.639 0.00021576489455559113
0.64 0.00022803934719362468
0.641 0.00025203080151717884
0.642 0.00028637461616279455
0.643 0.0003225271787228833
0.644 0.00035186316495232486
0.645 0.0003561298707490571
0.646 0.00032475602295164806
0.647 0.0002708233474928432
0.648 0.00021211705545198475
0.649 0.00016865383189009037
0.65 0.00013686600508194555
0.651 0.00011280539348132062
0.652 9.757083655548519e-05
0.653 9.395920625492225e-05
0.654 9.29196140905104e-05
0.655 9.577522173036161e-05
0.656 0.00010348785040119229
0.657 0.00012163740869016906
0.658 0.00014346786278932394
0.659 0.0001728506296739313
0.66 0.00020812551998254032
0.661 0.0002447540427169815
0.662 0.000258508935217454
0.663 0.00024656928255590156
0.664 0.00022068489709689548
0.665 0.0001940977416895591
0.666 0.00016710789521319914
0.667 0.00014424752828369163
0.668 0.0001334773068655195
0.669 0.0001276388957978995
0.67 0.00012636929126435883
0.671 0.00012743196741839014
0.672 0.00014132071676548172
0.673 0.00016369236585971265
0.674 0.00019437717515827395
0.675 0.00022349357301460946
0.676 0.0002515328198956878
0.677 0.0002684827701954062
0.678 0.0002751465639002991
0.679 0.0002631442605183342
0.68 0.00023483266457390202
0.681 0.00019513448570101206
0.682 0.00016481532896084951
0.683 0.0001540680988725116
0.684 0.00014882009962612742
0.685 0.00014294026695617015
0.686 0.00013840193800314441
0.687 0.00014256969496985502
0.688 0.00015034912967831654
0.689 0.00015599106991112075
0.69 0.00016769487621353345
0.691 0.0001789505607073136
0.692 0.0001802778376440825
0.693 0.00017172064488638433
0.694 0.00015910877592722954
0.695 0.00014330288903008256
0.696 0.0001228430396640067
0.697 0.00010858782964652613
0.698 9.927069132657317e-05
0.699 9.214677802979286e-05
0.7 8.55297856648574e-05
0.701 7.766637244675689e-05
0.702 7.381428114280951e-05
0.703 7.788491157383276e-05
0.704 9.003962345089765e-05
0.705 0.00010525617482987139
0.706 0.0001242379315246441
0.707 0.00014609881303133455
0.708 0.0001737251433027656
0.709 0.00021941321621184935
0.71 0.00030548014829541827
0.711 0.00044753712014145654
0.712 0.0006618898038995871
0.713 0.0009536941287887853
0.714 0.0013477941017240535
0.715 0.0017504510617651259
0.716 0.0019918406275746905
0.717 0.001878370844234998
0.718 0.0015111255233289708
0.719 0.0010995845498315661
0.72 0.0007754275614106197
0.721 0.0005354509099610517
0.722 0.00036975019976055143
0.723 0.0002742038970975029
0.724 0.00020058187804735772
0.725 0.00015255984625391287
0.726 0.00012195742179991888
0.727 0.0001026808531328762
0.728 8.291629235502901e-05
0.729 6.408973065357042e-05
0.73 5.8590332654641e-05
0.731 5.582143997006584e-05
0.732 5.274074920343985e-05
0.733 4.818978185436837e-05
0.734 5.304879832451261e-05
0.735 5.5116851892787993e-05
0.736 4.9725027466919e-05
0.737 5.227723363951585e-05
0.738 6.411930006002353e-05
0.739 8.074569310639269e-05
0.74 8.877858306231637e-05
0.741 0.00011083727814200706
0.742 0.00014621550258282708
0.743 0.0002107072427496981
0.744 0.00031415990874084386
0.745 0.00047706875283034665
0.746 0.0007132726272506022
0.747 0.0010225716577975487
0.748 0.001343536924833909
0.749 0.0015749626882967712
0.75 0.0016722237132419096
0.751 0.0017366272624813306
0.752 0.0020330739364858236
0.753 0.002749672871910578
0.754 0.0035434050713489475
0.755 0.003537890964105187
0.756 0.002507733718188275
0.757 0.001236631278041731
0.758 0.0005073120946129593
0.759 0.0002495172288410722
0.76 0.0001421684953043871
0.761 8.031073514967385e-05
0.762 4.811104641618341e-05
0.763 3.902272237882785e-05
0.764 2.7085974350470727e-05
0.765 1.5267589497432942e-05
0.766 1.4689063270495716e-05
0.767 1.5684673586720456e-05
0.768 1.5389293756411816e-05
0.769 1.055502744623614e-05
0.77 1.0952906954437182e-05
0.771 9.155517238543964e-06
0.772 1.1539689340175998e-05
0.773 1.1164233096872233e-05
0.774 5.0215281242822865e-06
0.775 6.569319393659569e-06
0.776 9.506038488937218e-06
0.777 1.7313093200072787e-05
0.778 6.735119198075574e-06
0.779 7.818607086862703e-06
0.78 1.0936948127107136e-05
0.781 1.6150764478174808e-05
0.782 9.199905272545434e-06
0.783 1.778417211782699e-05
0.784 1.780801499178929e-05
0.785 1.3744128768325945e-05
0.786 1.1855409807097812e-05
0.787 1.8479954632279893e-05
0.788 2.8729647322042064e-05
0.789 5.3214229905570434e-05
0.79 0.0001043443392213942
0.791 0.00015891064179192815
0.792 0.00018445198498006718
0.793 0.00015171154314275588
0.794 0.00010079421320781476
0.795 6.74924789973505e-05
0.796 4.9637642893556776e-05
0.797 -8.537165879805077e-05
0.798 0.0003514859162289653
0.799 0.0010219824432736323
0.8 0.0021674948723414056
0.801 0.0015949082233465463
0.802 0.002366516507228254
0.803 0.0021182668763163525
0.804 0.0021586587077082223
0.805 0.00045337378647707923
0.806 0.00017459808775019444
0.807 0.0007927948984275946
0.808 0.0018135225563160027
0.809 0.0020142453005051655
0.81 0.0009808448828098673
0.811 0.0012449383606545046
0.812 0.0011612084203799786
0.813 0.0016893799903372015
0.814 0.0016094018217874446
0.815 0.0017981707129015232
0.816 0.0012590500395875774
0.817 0.0014135370845221682
0.818 0.001313796895688066
0.819 0.0010584314993883732
0.82 0.0014666291148358332
0.821 0.0023799786895822113
0.822 0.0019908758110975962
0.823 0.0005941005832382553
0.824 -0.0003738040426683297
0.825 0.00025125573051355094
0.826 0.0015775028828018639
0.827 0.0019484641286965823
0.828 0.0008690070787591118
0.829 5.40897118610679e-06
0.83 0.0005645180213922621
0.831 0.0010853162859133768
0.832 0.0013966675320939523
0.833 0.0012267596185029522
0.834 0.0011963779129750948
0.835 0.0010885778242267269
0.836 0.001158181634594454
0.837 0.001077028859096003
0.838 0.001346909321457638
0.839 0.0013906069518290027
0.84 0.0011208741126544131
0.841 0.0009138470145504073
0.842 0.0010970096913796754
0.843 0.0009613268484026231
0.844 0.0008281102113330475
0.845 0.0007476241917053968
0.846 0.0009327683342113214
0.847 0.0012875316237787612
0.848 0.0014219027902387426
0.849 0.0010514647758146447
0.85 0.0009154582675842929
0.851 0.0011756872469950686
0.852 0.0013618763408026486
0.853 0.0013870337111402634
0.854 0.0016126240175195635
0.855 0.0010799735361592937
0.856 0.0006064481688200418
0.857 0.0003776554225862955
0.858 0.0009750872378103888
0.859 0.001221010999752142
0.86 0.0016439046316006085
0.861 0.0010809353229227344
0.862 0.0008633055499340041
0.863 0.0006038549818616874
0.864 0.0011102902987798473
0.865 0.0011756244927296916
0.866 0.001310100901960405
0.867 0.0007459098440697761
0.868 0.000911317510542812
0.869 0.0012242837795150687
0.87 0.0014677704158751847
0.871 0.001158712610312531
0.872 0.0013069479600700778
0.873 0.0013114751833884488
0.874 0.0011367641431941188
0.875 0.0011229114631184554
0.876 0.0012497661837323824
0.877 0.0012796233114096456
0.878 0.0012005933993720205
0.879 0.0011508370124599385
0.88 0.0010424125209677034
0.881 0.0009018398236514055
0.882 0.0008741287166125291
0.883 0.0009233221292863749
0.884 0.000825089699112061
0.885 0.0006758362139980958
0.886 0.0007552501614074203
0.887 0.0009430741127478432
0.888 0.0008191577699006463
0.889 0.0006746481539439354
0.89 0.0008638080155397659
0.891 0.0009999238665802897
0.892 0.0009741733302450011
0.893 0.0010219439402026401
0.894 0.0011358226994184896
0.895 0.0011669310519563365
0.896 0.0011558324957463334
0.897 0.0010929595011750389
0.898 0.0010695940595640628
0.899 0.0010720278071943963
0.9 0.0011359443625539158
0.901 0.0012571844518293046
0.902 0.0012980322070776833
0.903 0.001257570402834516
0.904 0.0012015348112801526
0.905 0.0011925601974500189
0.906 0.0010560404564301708
0.907 0.000913876767586733
0.908 0.0009409721116151776
0.909 0.0010048961919012851
0.91 0.0009223954679838631
0.911 0.0007786389979655323
0.912 0.0008077627735562005
0.913 0.000959027018438311
0.914 0.0009203016257496706
0.915 0.0008025833941655427
0.916 0.0006438606784245062
0.917 0.0005118965095678836
0.918 0.0005294503624866868
0.919 0.0006749735306067901
0.92 0.000764383219739777
0.921 0.0007196880103216124
0.922 0.0006819130832564602
0.923 0.0007732670344074144
0.924 0.0009163855025343844
0.925 0.0010224731957570188
0.926 0.0010337054737507582
0.927 0.0011860487634482938
0.928 0.001348447855172712
0.929 0.001488347378103685
0.93 0.0015237036159338943
0.931 0.0016275822523157963
0.932 0.0018340013582318594
0.933 0.002031338093446745
0.934 0.0021283925204716755
0.935 0.0021815594140541655
0.936 0.002297892327836424
0.937 0.002445882214065553
0.938 0.0025635904452659965
0.939 0.0026566615713648563
0.94 0.002686582116693989
0.941 0.002682221358827912
0.942 0.0026814002302727263
0.943 0.002729680045735096
0.944 0.002691442609735339
0.945 0.0026443642286957613
0.946 0.002583441709856185
0.947 0.00250915046703103
0.948 0.0024024789912561657
0.949 0.00231245994178934
0.95 0.002209243236141625
0.951 0.0020985703129017784
0.952 0.002036631856783023
0.953 0.0019571200544230105
0.954 0.0018370425599142928
0.955 0.0017616904282295295
0.956 0.0017139480865077678
0.957 0.001655093886692874
0.958 0.001596474220522804
0.959 0.0015852462038847342
0.96 0.0015800042133381207
0.961 0.0016229875726982918
0.962 0.001727840459750293
0.963 0.0018570101347427485
0.964 0.0019335723431326164
0.965 0.002072119434566497
0.966 0.0022801325018200745
0.967 0.002529411609767665
0.968 0.0027941790401965266
0.969 0.003148593432886466
0.97 0.0036454518609565496
0.971 0.004206192872895943
0.972 0.004868918007785918
0.973 0.0056938921591719385
0.974 0.0067162079581177085
0.975 0.007871745972760916
0.976 0.009353926729796118
0.977 0.011118251571042431
0.978 0.013205963240827684
0.979 0.015614110264053807
0.98 0.01866328957127862
0.981 0.022009456509192633
0.982 0.025971509761266047
0.983 0.03044007049927789
0.984 0.03551975581396394
0.985 0.041562859889452484
0.986 0.047907531840477635
0.987 0.05478316316882125
0.988 0.062093595749577055
0.989 0.07078899713757617
0.99 0.07986348085178338
0.991 0.08921987649030014
0.992 0.10031350511860587
0.993 0.11103230422687178
0.994 0.1217636629699129
0.995 0.13254705027963148
0.996 0.145489374025131
0.997 0.15825869308117207
0.998 0.17117008262537675
0.999 0.18387034015552728
1.0 0.1956023503244749
1.001 0.20702939149059296
1.002 0.2185775765676155
1.003 0.23026864058299434
1.004 0.2419805597117636
1.005 0.25244744175255096
1.006 0.26211576718868035
1.007 0.2701944474877901
1.008 0.2785974362350251
1.009 0.28622647390711187
1.01 0.2935230819817024
1.011 0.30103599496638994
1.012 0.3074795242271344
1.013 0.31350270377436373
1.014 0.3187109543656191
1.015 0.3237615351968687
1.016 0.3270447620097388
1.017 0.3304234300909375
1.018 0.3344573276509589
1.019 0.338159388913106
1.02 0.3419279183674554
1.021 0.3453695197084449
1.022 0.34820678340009914
1.023 0.34956396659521133
1.024 0.3509418179346613
1.025 0.3517660429338381
1.026 0.3523775814374316
1.027 0.35359673441577955
1.028 0.35556202601548015
1.029 0.3573254148533824
1.03 0.3586013250637382
1.031 0.35996374672954146
1.032 0.3609130640175034
1.033 0.3613043538274164
1.034 0.36258801223204795
1.035 0.3636495187254051
1.036 0.3649071414295108
1.037 0.3662243541839109
1.038 0.3670829123029321
1.039 0.36692128862822304
1.04 0.36636933267207156
1.041 0.3665182184040277
1.042 0.3669051321005526
1.043 0.3685374892602845
1.044 0.37008537605337555
1.045 0.3704071405428502
1.046 0.3705137174599711
1.047 0.37085854222647985
1.048 0.37184144197059105
1.049 0.37187828468331013
1.05 0.3716016057368648
1.051 0.3715093406058844
1.052 0.37235746557189164
1.053 0.37372957330754775
1.054 0.3739738945923208
1.055 0.373403018314926
1.056 0.3722279561573271
1.057 0.37182192983214096
1.058 0.3719258016705395
1.059 0.3721841676183134
1.06 0.3728246752387168
1.061 0.37307642765919447
1.062 0.37341189824155596
1.063 0.3735549981476573
1.064 0.3734436058831261
1.065 0.37306590817852153
1.066 0.3731761036849699
1.067 0.37412119332162463
1.068 0.3748155576317942
1.069 0.37540294540908103
1.07 0.37467184965776695
1.071 0.37418547446681205
1.072 0.3737986117343055
1.073 0.37438180746107297
1.074 0.3752980610115787
1.075 0.37676708654633145
1.076 0.3787047407796401
1.077 0.38025330224371956
1.078 0.3815891016104748
1.079 0.3824034686079449
1.08 0.3838361982078854
1.081 0.38510014635786166
1.082 0.3858661065351585
1.083 0.38627082761448617
1.084 0.3870205652795037
1.085 0.3883890706724195
1.086 0.3897472611920974
1.087 0.39110274796861855
1.088 0.3915054667269594
1.089 0.3911303176869425
1.09 0.39074232812179466
1.091 0.3920117137335787
1.092 0.39431004414477305
1.093 0.39568972743193626
1.094 0.39614288477141063
1.095 0.3957330959076153
1.096 0.3957262443963735
1.097 0.39574973768023075
1.098 0.39645694243489926
1.099 0.3973240731336688
1.1 0.39801200105468204
1.101 0.3988108273142572
1.102 0.3993062785499476
1.103 0.3994615079407106
1.104 0.39937247622747135
1.105 0.39927291605489146
1.106 0.3994739669575036
1.107 0.40002971401891435
1.108 0.4012954663530245
1.109 0.40134878404882707
1.11 0.401248788840704
1.111 0.40116580301302146
1.112 0.40136933476135767
1.113 0.4011819704486256
1.114 0.4012657780710565
1.115 0.40205299434917957
1.116 0.40231198698550186
1.117 0.4026570084481141
1.118 0.402962412367992
1.119 0.402959197265816
1.12 0.40196183156517423
1.121 0.40098804783079117
1.122 0.4007464439991408
1.123 0.40022548358935056
1.124 0.4001894967788281
1.125 0.4010129775680454
1.126 0.4016699940949252
1.127 0.40112487647629375
1.128 0.40018583722077294
1.129 0.3997101883853105
1.13 0.40015968050554906
1.131 0.40151658013416025
1.132 0.4021588698971991
1.133 0.4018658270548275
1.134 0.40148719033688934
1.135 0.40140441341215255
1.136 0.4019324427022685
1.137 0.40253971351822265
1.138 0.4032020031083889
1.139 0.403395071160898
1.14 0.40453829470719405
1.141 0.40637617248824265
1.142 0.4083013491414774
1.143 0.4095138161229348
1.144 0.4095516949229188
1.145 0.4096105235778648
1.146 0.41038949442742534
1.147 0.41180003295836454
1.148 0.41358759152374946
1.149 0.414002129593317
1.15 0.4143832881740193
1.151 0.4148121464863593
1.152 0.4159187405266045
1.153 0.4164497730748024
1.154 0.4168918321148815
1.155 0.4176108287758438
1.156 0.41812434615390254
1.157 0.41932859965693026
1.158 0.4204647822653991
1.159 0.42148274594767876
1.16 0.4210745739099369
1.161 0.4207865977540793
1.162 0.42107597828322696
1.163 0.42223088971528194
1.164 0.42306974371891737
1.165 0.4237272176266502
1.166 0.4239030166803345
1.167 0.42380378273716013
1.168 0.4233057828080475
1.169 0.4234837267889815
1.17 0.4232727020285539
1.171 0.42297477600580174
1.172 0.42225583374415454
1.173 0.42244087875063496
1.174 0.4220022291914871
1.175 0.42093344194559373
1.176 0.41881746924418006
1.177 0.4163069840175437
1.178 0.41400800948178457
1.179 0.4110454295989587
1.18 0.4076511201962552
1.181 0.4037136620953541
1.182 0.3984636481269886
1.183 0.39148199924696
1.184 0.3824385315900217
1.185 0.37357979721183815
1.186 0.3635285089244249
1.187 0.352272706426946
1.188 0.3396180855775533
1.189 0.32766574117984165
1.19 0.31619640657227116
1.191 0.3034237266513704
1.192 0.2907380749364342
1.193 0.278605849391665
1.194 0.2678300095035977
1.195 0.25857300451458715
1.196 0.2510272141476221
1.197 0.24558332075632228
1.198 0.2436530074783886
1.199 0.24438546684899365
1.2 0.24606847986262909
1.201 0.24890033893785846
1.202 0.2542420354047422
1.203 0.26212023411761515
1.204 0.27140692237509206
1.205 0.2815593133171741
1.206 0.2933474199922448
1.207 0.3055077605259723
1.208 0.3178065005226262
1.209 0.33052583275593683
1.21 0.3447735342817295
1.211 0.3579350430535639
1.212 0.36964376753812983
1.213 0.3811903506163299
1.214 0.391437026657042
1.215 0.4000965172026609
1.216 0.4073345616280694
1.217 0.41436959186678346
1.218 0.42092869929177723
1.219 0.4259817425424793
1.22 0.4291050232263705
1.221 0.43085791921066396
1.222 0.4325454106501991
1.223 0.4343793228476172
1.224 0.43484284527098177
1.225 0.43522698951389205
1.226 0.4355476864818401
1.227 0.43652560715750693
1.228 0.436914911709121
1.229 0.43684562538113086
1.23 0.43620595601654266
1.231 0.4354976344375335
1.232 0.4358791499673653
1.233 0.43669462348743066
1.234 0.43728942783248015
1.235 0.4372388175076665
1.236 0.4371358161086423
1.237 0.4374495512244371
1.238 0.4373517009979163
1.239 0.43714907557099325
1.24 0.43710762966668915
1.241 0.4377876136262565
1.242 0.4386650693204757
1.243 0.4390971534732664
1.244 0.4393153107488701
1.245 0.43867302232306465
1.246 0.43871102914743504
1.247 0.43845503459314117
1.248 0.4386700734953722
1.249 0.4391882442157264
1.25 0.43993224793154495
1.251 0.44021307926181724
1.252 0.4402652076731358
1.253 0.44057799859279395
1.254 0.4401949143343843
1.255 0.44016669965479693
1.256 0.4400361855157016
1.257 0.4400705700988842
1.258 0.4402721210478062
1.259 0.4409137744972786
1.26 0.44154493314204524
1.261 0.4417839096972638
1.262 0.44178097648229
1.263 0.44154005877809976
1.264 0.4416359485027107
1.265 0.4423314679116641
1.266 0.44298962515026336
1.267 0.4435859785651974
1.268 0.4433379101992241
1.269 0.4427913418678291
1.27 0.4422758330850042
1.271 0.4425539536092659
1.272 0.44270459973498016
1.273 0.442709837659909
1.274 0.44278913557859123
1.275 0.44296995663522853
1.276 0.44313081096582796
1.277 0.4434796218211191
1.278 0.4434226391551481
1.279 0.4426865509587429
1.28 0.4420304942140534
1.281 0.4424896029371867
1.282 0.44303811398394227
1.283 0.44363812001940267
1.284 0.44381962312066564
1.285 0.4440486606430335
1.286 0.4435646062717673
1.287 0.44295135882943015
1.288 0.4426157401827983
1.289 0.4425291612232762
1.29 0.4422364790620026
1.291 0.4419600067442996
1.292 0.442316188810721
1.293 0.442556265504118
1.294 0.4422174019096866
1.295 0.4410006050866957
1.296 0.4399827902754441
1.297 0.44086320176467425
1.298 0.44291162724695904
1.299 0.44503377499005525
1.3 0.44532199013156076
1.301 0.44494546534012536
1.302 0.4436722747385516
1.303 0.44320658465498397
1.304 0.4429376789798652
1.305 0.4434396010359215
1.306 0.44356877889449847
1.307 0.44382803803442206
1.308 0.4438034031461609
1.309 0.444450788330403
1.31 0.44471851273534346
1.311 0.44553810114913023
1.312 0.4460327784235296
1.313 0.44650685494054104
1.314 0.4470109990807747
1.315 0.4484790561178873
1.316 0.44957186212999783
1.317 0.4496553459567965
1.318 0.44926544246091304
1.319 0.4499935145292706
1.32 0.4508571875064193
1.321 0.45114972520756563
1.322 0.4504570844610539
1.323 0.4509336728785245
1.324 0.45208910965125687
1.325 0.4531465727594984
1.326 0.4530482937852054
1.327 0.4525043691649449
1.328 0.45197002182042845
1.329 0.45174651194495574
1.33 0.4526337471713391
1.331 0.4537995524828669
1.332 0.454686344334249
1.333 0.45447350170086254
1.334 0.45378025855495574
1.335 0.4529780296993511
1.336 0.453232431086707
1.337 0.4543560866567525
1.338 0.45510558031645876
1.339 0.4552861773654581
1.34 0.4555688043911122
1.341 0.45618709909436583
1.342 0.45688465021020014
1.343 0.4571715357670667
1.344 0.4570995196204586
1.345 0.4568934562133128
1.346 0.4570143267464138
1.347 0.4575876090654387
1.348 0.45898473442594057
1.349 0.45995567961298983
1.35 0.4594550075143981
1.351 0.4584403586024259
1.352 0.4580083177402045
1.353 0.4583711073491143
1.354 0.4599195209149056
1.355 0.4608785157616762
1.356 0.4607140954405639
1.357 0.46052805199927854
1.358 0.4611764419439663
1.359 0.46084005318560345
1.36 0.45972782237988885
1.361 0.4591016895874199
1.362 0.4598726611883603
1.363 0.46097379628391527
1.364 0.46178194130698874
1.365 0.46140073205104726
1.366 0.4603996724410742
1.367 0.4584092478618467
1.368 0.4571518603670842
1.369 0.45690527034442674
1.37 0.4576661606759604
1.371 0.457813470891352
1.372 0.4568293321144699
1.373 0.4548047920497608
1.374 0.4525976895299626
1.375 0.4513826065463292
1.376 0.4508992109024345
1.377 0.4501798208903305
1.378 0.4486691347057995
1.379 0.4473055840980134
1.38 0.44655210527587436
1.381 0.4454962339688998
1.382 0.44432043046187697
1.383 0.44297710740503077
1.384 0.4416707723158292
1.385 0.44131568551769557
1.386 0.4419968747573983
1.387 0.4425243156467873
1.388 0.4419771329992929
1.389 0.44159961657575136
1.39 0.44165802947029814
1.391 0.44225926696580437
1.392 0.4422971148214249
1.393 0.4432519323467544
1.394 0.444637867233254
1.395 0.44605935313352063
1.396 0.44601929500758924
1.397 0.44624955719968173
1.398 0.4470441782086996
1.399 0.4479546428114784
1.4 0.4487116974120564
1.401 0.4497284937667109
1.402 0.4506090834129543
1.403 0.45111911839988517
1.404 0.451826618177417
1.405 0.4523267808979464
1.406 0.4520173423176068
1.407 0.45226110914339046
1.408 0.4533447270264921
1.409 0.454677203542139
1.41 0.4554641459143949
1.411 0.4567128112415652
1.412 0.4581795228109076
1.413 0.4591581436092404
1.414 0.45961305053945134
1.415 0.45937382126795484
1.416 0.4600125620427935
1.417 0.4615139665204538
1.418 0.46278735723610614
1.419 0.4629419089547353
1.42 0.46196378863910087
1.421 0.4613383228347055
1.422 0.46006496300962324
1.423 0.45900531000253597
1.424 0.4570365941427358
1.425 0.45515128490860196
1.426 0.45304438959427906
1.427 0.4504507402165102
1.428 0.4466932301803742
1.429 0.4422876761030548
1.43 0.4381082727605143
1.431 0.4328883896111237
1.432 0.42695676535738153
1.433 0.4210918151282687
1.434 0.41500666395586183
1.435 0.40820593375581454
1.436 0.4002777287503734
1.437 0.39373987029621116
1.438 0.3857788793302503
1.439 0.3767192223481908
1.44 0.3663922809763242
1.441 0.35776504843663887
1.442 0.3495006688509804
1.443 0.34023387786679316
1.444 0.33037808298391436
1.445 0.32080328210920445
1.446 0.31140853467638774
1.447 0.3031393585263629
1.448 0.2957064848643927
1.449 0.2896200330629768
1.45 0.2834825987241674
1.451 0.2785093229597847
1.452 0.27404658771992124
1.453 0.27013458343584645
1.454 0.26785524153409046
1.455 0.26742982492487816
1.456 0.26860580101797077
1.457 0.2703187490915433
1.458 0.2736856083529084
1.459 0.2788273158760653
1.46 0.285523486359701
1.461 0.29283557010506794
1.462 0.3006833286137048
1.463 0.309995045481539
1.464 0.3205477227512206
1.465 0.33362399562800854
1.466 0.34654632397893664
1.467 0.3597475807396594
1.468 0.3704398812795914
1.469 0.3819958369132486
1.47 0.39350071544693893
1.471 0.4057195402050082
1.472 0.41822834541204396
1.473 0.42952071975832584
1.474 0.4405070024608848
1.475 0.44871571587403736
1.476 0.45706260116523484
1.477 0.46300983375590016
1.478 0.4684689731386204
1.479 0.47276925203361736
1.48 0.4775441538676334
1.481 0.48109014662187227
1.482 0.48399966791313687
1.483 0.48656841117067606
1.484 0.48874693209217507
1.485 0.4889807306454959
1.486 0.4889475824256476
1.487 0.48824584687164074
1.488 0.48888112679930096
1.489 0.4896905912024442
1.49 0.4913037660295631
1.491 0.4920619592225004
1.492 0.49222422349543643
1.493 0.4917001213357589
1.494 0.4904541991779043
1.495 0.4897018728563314
1.496 0.48930174691535455
1.497 0.4905900349617376
1.498 0.49126472276580574
1.499 0.49201299824200084
1.5 0.49154048845860804
1.501 0.4915845089376352
1.502 0.49151671382911655
1.503 0.4913012028165148
1.504 0.49136973250031885
1.505 0.4925356339212988
1.506 0.4941157035837552
1.507 0.494328969272204
1.508 0.49487312790927007
1.509 0.4954138120517682
1.51 0.49543098100423316
1.511 0.4955831421459897
1.512 0.4959081117852986
1.513 0.4967030447500105
1.514 0.49747017819788536
1.515 0.4982354007985134
1.516 0.4990195275571665
1.517 0.49947328531622504
1.518 0.49936787653233156
1.519 0.49797393966643544
1.52 0.4972682076686737
1.521 0.4970921263301542
1.522 0.49771308066143893
1.523 0.49946404957656143
1.524 0.5007308748361378
1.525 0.5004688331719994
1.526 0.500336683567856
1.527 0.5004381427666831
1.528 0.5017793973178221
1.529 0.5020663318351024
1.53 0.5029093963157837
1.531 0.5029263996602648
1.532 0.5037954474256399
1.533 0.5038779500338665
1.534 0.5033950750512719
1.535 0.5031240483695333
1.536 0.5030069497070634
1.537 0.5035656714715456
1.538 0.504588690579868
1.539 0.5055608782042449
1.54 0.5056743069080245
1.541 0.5053424136472836
1.542 0.5048667966758087
1.543 0.5033516897545759
1.544 0.5024970582295902
1.545 0.5022782128298886
1.546 0.5038674283673612
1.547 0.5042450016814396
1.548 0.5049035158166802
1.549 0.504730082326363
1.55 0.5044635120795209
1.551 0.5036866857394977
1.552 0.5037939479412181
1.553 0.504639911393303
1.554 0.5050412874994391
1.555 0.506180719737065
1.556 0.5071356527614828
1.557 0.5069221178275372
1.558 0.5054817425345356
1.559 0.5042824131761193
1.56 0.5044297116223069
1.561 0.5051423381308136
1.562 0.5058723719046745
1.563 0.5066440961909581
1.564 0.5078242188726042
1.565 0.5078065986442716
1.566 0.5059372829000113
1.567 0.5046486223246611
1.568 0.5042466995686183
1.569 0.5045665772175113
1.57 0.5048087631410116
1.571 0.505231310879744
1.572 0.50608108447693
1.573 0.5061715147180147
1.574 0.5056637641928053
1.575 0.5046442046085542
1.576 0.5045063948330167
1.577 0.504737051736993
1.578 0.5052970015139965
1.579 0.5062737153995155
1.58 0.5072276465308033
1.581 0.5078634171165115
1.582 0.505793663187089
1.583 0.504360499564943
1.584 0.5045653930212313
1.585 0.5059059572358944
1.586 0.5050722383880188
1.587 0.5043572254967408
1.588 0.5044913236785175
1.589 0.5039692977633506
1.59 0.503456603808897
1.591 0.50234619436556
1.592 0.5025660031656479
1.593 0.5028539011646579
1.594 0.5032704249629002
1.595 0.5033314993379677
1.596 0.5034795846399145
1.597 0.5044572838683129
1.598 0.5038077457939657
1.599 0.5033041136161279
1.6 0.5028938983855389
1.601 0.5033991222519765
1.602 0.5048069116934263
1.603 0.5069261701186595
1.604 0.5090429652164188
1.605 0.5082039921743363
1.606 0.5071495056855064
1.607 0.5060520729649689
1.608 0.5058336453438319
1.609 0.506165746119199
1.61 0.5071946869643802
1.611 0.5079072488280337
1.612 0.5070114503994163
1.613 0.5074042234073612
1.614 0.5083982159714432
1.615 0.5084800677170779
1.616 0.5070188171480408
1.617 0.5064829314203243
1.618 0.5074450081493358
1.619 0.5091336160535515
1.62 0.5102343343758372
1.621 0.5104457687061337
1.622 0.5093717963690094
1.623 0.5085167487021357
1.624 0.5078415372174285
1.625 0.5094334860084483
1.626 0.5116541699166383
1.627 0.5135381123004713
1.628 0.5134670855456552
1.629 0.5146362322861984
1.63 0.5145525401307349
1.631 0.5122025447386926
1.632 0.5104835691013333
1.633 0.5108125185620596
1.634 0.5123917977150013
1.635 0.513376277765183
1.636 0.5151505800354084
1.637 0.5148606725306748
1.638 0.5141981724019788
1.639 0.5128787567554817
1.64 0.5130730241543682
1.641 0.5139482436984493
1.642 0.5148451064628132
1.643 0.5142926754252062
1.644 0.5142049333873747
1.645 0.5138822591870772
1.646 0.5138828808635284
1.647 0.5133591834536018
1.648 0.5134965173501469
1.649 0.5125243695132065
1.65 0.5129683589028654
1.651 0.5142516064922034
1.652 0.515793149061254
1.653 0.5155993318305286
1.654 0.5142584415832557
1.655 0.5135661619976953
1.656 0.5131173437175245
1.657 0.5129121184602523
1.658 0.512765323470587
1.659 0.5136900216612601
1.66 0.5142548958354862
1.661 0.5136393018313085
1.662 0.5127388615152362
1.663 0.5123157411636478
1.664 0.5108947909414878
1.665 0.5099907784514099
1.666 0.5096823374643616
1.667 0.5103320348363517
1.668 0.5096650598703634
1.669 0.5090057162357688
1.67 0.5069326162020468
1.671 0.5048754489892094
1.672 0.5026016740578242
1.673 0.502895990984643
1.674 0.5050321626940045
1.675 0.5071340340505559
1.676 0.5086207141802279
1.677 0.5090432304280162
1.678 0.5092681006795794
1.679 0.5099628941478
1.68 0.5121794985890025
1.681 0.5125985200556633
1.682 0.5120929102817215
1.683 0.5132602832941835
1.684 0.5151735890677979
1.685 0.5173891504622612
1.686 0.5177231505064765
1.687 0.5171074693909523
1.688 0.5163479193889913
1.689 0.5174007472118574
1.69 0.5172563208021047
1.691 0.5179768512535684
1.692 0.5187530018315625
1.693 0.5201933157268335
1.694 0.5196846013739678
1.695 0.5193491203810625
1.696 0.5175820215832209
1.697 0.5176617112431875
1.698 0.5173615034424981
1.699 0.5177756279573158
1.7 0.5182154760626843
1.701 0.5195970625819665
1.702 0.519330912902357
1.703 0.5175371696479479
1.704 0.5155252339292054
1.705 0.5143783917037146
1.706 0.5145813191448679
1.707 0.5148397403852237
1.708 0.5148838976940575
1.709 0.5147908891428321
1.71 0.5139132035805172
1.711 0.5132871970944523
1.712 0.5121351240475344
1.713 0.5108414438294571
1.714 0.5100539384677214
1.715 0.510490254279875
1.716 0.5114322939116807
1.717 0.5117886759616609
1.718 0.5133904318226665
1.719 0.5135333490053837
1.72 0.5132800589004822
1.721 0.5120171812123219
1.722 0.5132434742531142
1.723 0.5143730006283865
1.724 0.5153600296447021
1.725 0.5168269086430554
1.726 0.5188616095821676
1.727 0.520376794934491
1.728 0.5187802653911304
1.729 0.5173620968224066
1.73 0.5160788688929759
1.731 0.5168117379163879
1.732 0.5175191394409246
1.733 0.518350550968844
1.734 0.5185327293047932
1.735 0.5180232483128614
1.736 0.5177363492137779
1.737 0.5177990662992966
1.738 0.5186063188959134
1.739 0.5192419725737223
1.74 0.519949158349826
1.741 0.5201677197333172
1.742 0.520717734787038
1.743 0.5219092255607516
1.744 0.5217335093292208
1.745 0.5210438005016653
1.746 0.5203976859865637
1.747 0.5204941641924431
1.748 0.520715437137918
1.749 0.5220222464810137
1.75 0.5242005394439956
1.751 0.5246452671484984
1.752 0.5233735490744162
1.753 0.5224457145098533
1.754 0.5218582583748178
1.755 0.5224359957886098
1.756 0.5228905910360147
1.757 0.5239773608196341
1.758 0.5233960691065885
1.759 0.5236850355622781
1.76 0.5235665223798235
1.761 0.5226231163437625
1.762 0.5210979287830488
1.763 0.5208967543609108
1.764 0.5218622146669812
1.765 0.5230560612786346
1.766 0.5238698559016794
1.767 0.5241397977826892
1.768 0.522612794805069
1.769 0.5214749616166836
1.77 0.520266346122683
1.771 0.5208997731485425
1.772 0.5210631819678269
1.773 0.5205080463680264
1.774 0.521106194231376
1.775 0.5237069457324816
1.776 0.5289585735613277
1.777 0.5269410521161918
1.778 0.5228537274903431
1.779 0.5194840460898992
1.78 0.5220577657948485
1.781 0.5235110311528939
1.782 0.5251844945179862
1.783 0.5266091537352595
1.784 0.5267709354460675
1.785 0.5256001738696072
1.786 0.5249646202010858
1.787 0.5255061217181416
1.788 0.5265153432395004
1.789 0.5276160285546468
1.79 0.528322516376768
1.791 0.5285261343760017
1.792 0.5279114045337224
1.793 0.5266089085620239
1.794 0.5258909879541349
1.795 0.5259050096471901
1.796 0.5252754681753314
1.797 0.5253561866753954
1.798 0.5265399956894903
1.799 0.528542458938282
1.8 0.5286747285091637
1.801 0.5285777597437965
1.802 0.5283287218375757
1.803 0.5280335583287659
1.804 0.5280564961889513
1.805 0.5285062644311618
1.806 0.5299529649942666
1.807 0.5303493991530953
1.808 0.5307151622646228
1.809 0.5303525695096759
1.81 0.5302317926878218
1.811 0.5299955503374243
1.812 0.5301441080891239
1.813 0.5312230936307636
1.814 0.5328799951425444
1.815 0.5339689183040198
1.816 0.533802010792932
1.817 0.5333152849080798
1.818 0.5321223714941758
1.819 0.5303717581402594
1.82 0.5292032239275309
1.821 0.5292444036096806
1.822 0.5302226128228643
1.823 0.5307064377881097
1.824 0.5310460144177632
1.825 0.530674992220085
1.826 0.5300119507601083
1.827 0.5290654249585588
1.828 0.5288940394450515
1.829 0.5287964287946336
1.83 0.5293903412271144
1.831 0.5304460570777505
1.832 0.5319329857017868
1.833 0.5317165147118446
1.834 0.5307947637583649
1.835 0.5304174748220929
1.836 0.530535235282256
1.837 0.5307448248706318
1.838 0.5315321003144946
1.839 0.5338516367745224
1.84 0.5342646440494598
1.841 0.5332030288480392
1.842 0.5312287854918445
1.843 0.530176945281406
1.844 0.5300303876658996
1.845 0.531158278552356
1.846 0.5326928045770839
1.847 0.5332864722006386
1.848 0.5335045168733134
1.849 0.5326160882520796
1.85 0.5316872792930373
1.851 0.5305671901710961
1.852 0.5302332713981872
1.853 0.5306363481896027
1.854 0.5316730338387081
1.855 0.5327287003550065
1.856 0.5324671408283904
1.857 0.5314815488850275
1.858 0.5301899240294189
1.859 0.5299069455142489
1.86 0.5298961259902191
1.861 0.5297191753065245
1.862 0.5307486411664091
1.863 0.532124381783763
1.864 0.533779086219663
1.865 0.5336698405704106
1.866 0.5324456519256803
1.867 0.5307694871741614
1.868 0.5306621032851176
1.869 0.5326650817875586
1.87 0.5335677679827788
1.871 0.5340564678773112
1.872 0.5338257005161063
1.873 0.5351777601456484
1.874 0.5355853921192668
1.875 0.5356115901561301
1.876 0.5350086349716243
1.877 0.535499894768193
1.878 0.5362400090961904
1.879 0.5372012177769804
1.88 0.5378805586648799
1.881 0.5369438441323949
1.882 0.5347501586969714
1.883 0.5330483678502812
1.884 0.5325293951332865
1.885 0.5333464213725976
1.886 0.5343086551906153
1.887 0.5352368586254649
1.888 0.5349912037793811
1.889 0.5346648880042227
1.89 0.5336457333948653
1.891 0.5325058766307933
1.892 0.5322418011021748
1.893 0.5321369139935404
1.894 0.5322673608103038
1.895 0.5328397846675548
1.896 0.5341308521505697
1.897 0.5350401693953634
1.898 0.5341336006020616
1.899 0.5329380734333307
1.9 0.5321222817834048
1.901 0.5332211551189867
1.902 0.5337657783629651
1.903 0.5339245667030853
1.904 0.534161068250887
1.905 0.5342442050249765
1.906 0.5333291942669625
1.907 0.5319270653195837
1.908 0.5319647506272116
1.909 0.5330904148488814
1.91 0.5345536699285868
1.911 0.5358392547504233
1.912 0.5359860878390889
1.913 0.5362709252396672
1.914 0.5354974263159739
1.915 0.5344535409006586
1.916 0.5328627799998025
1.917 0.5326300169194456
1.918 0.5340329964801493
1.919 0.5348077077513983
1.92 0.5352486759796844
1.921 0.5344933382077814
1.922 0.5344037875405528
1.923 0.5335545977517193
1.924 0.5326570718358377
1.925 0.5316241712880105
1.926 0.5313455629649544
1.927 0.5319708840304843
1.928 0.5324012888876711
1.929 0.5324691942261526
1.93 0.5318994666424766
1.931 0.5309007685968395
1.932 0.5293347087848437
1.933 0.5277576032555706
1.934 0.5283452729608853
1.935 0.5296521988424742
1.936 0.5310103077122454
1.937 0.5308301532797459
1.938 0.5311284200479693
1.939 0.5306353505604504
1.94 0.5303894319956839
1.941 0.5302584515702884
1.942 0.5310888184660906
1.943 0.5328029776456681
1.944 0.5342955136151766
1.945 0.5355305357615816
1.946 0.5359120023256844
1.947 0.5355196718227937
1.948 0.5342103859659443
1.949 0.5331630912518891
1.95 0.5336890586978572
1.951 0.5351758572009188
1.952 0.5363605482571308
1.953 0.5364234131527325
1.954 0.5363844037722514
1.955 0.5362055254676501
1.956 0.5358738193000981
1.957 0.535669362739602
1.958 0.5357418182491285
1.959 0.5358442843500252
1.96 0.5363099248315686
1.961 0.5364619779594294
1.962 0.5369032963725607
1.963 0.5366921634753512
1.964 0.5365197751865953
1.965 0.5356810773801516
1.966 0.5362351157773445
1.967 0.5375297715372265
1.968 0.5378192999373472
1.969 0.5373336805560088
1.97 0.5362662777102664
1.971 0.5364558535732625
1.972 0.5360832503722832
1.973 0.5363663466292861
1.974 0.5360138084773024
1.975 0.5364572108737478
1.976 0.5369765294520987
1.977 0.5375030205160177
1.978 0.5383242555120634
1.979 0.5386369072897539
1.98 0.5385800416527372
1.981 0.5377818061926868
1.982 0.5376952463590927
1.983 0.5381637215467215
1.984 0.5386025746152551
1.985 0.5394831206982457
1.986 0.5401052012525553
1.987 0.541037447878927
1.988 0.5406725769488354
1.989 0.5404294963053377
1.99 0.5399407021628049
1.991 0.5402495937046282
1.992 0.5404035655294183
1.993 0.5396360086419904
1.994 0.5381472881241066
1.995 0.5353260800315093
1.996 0.5322525153760856
1.997 0.5293915209182501
1.998 0.5313986271506577
1.999 0.5341531799772881
2.0 0.5360117530904689
2.001 0.5360888325576221
2.002 0.5361987459780388
2.003 0.5359821548549576
2.004 0.5354088752213312
2.005 0.5361031505801829
2.006 0.5364928428237146
2.007 0.5378994867998871
2.008 0.5382878471686225
2.009 0.538153365915853
2.01 0.537542388994938
2.011 0.5366367861636919
2.012 0.5364075349003017
2.013 0.5367634847521219
2.014 0.5376510879194144
2.015 0.5372372708982643
2.016 0.5368854126060265
2.017 0.5372104783384494
2.018 0.537447056712259
2.019 0.5368132605452818
2.02 0.5354636839715065
2.021 0.5357002611700877
2.022 0.5375717317506802
2.023 0.5387010528696262
2.024 0.537928250468732
2.025 0.5364405371703551
2.026 0.5363748998165352
2.027 0.5359947430300179
2.028 0.5357047218931649
2.029 0.5350812861559711
2.03 0.536214896570968
2.031 0.5377342873095883
2.032 0.5383442370571178
2.033 0.537490807077356
2.034 0.536675620574052
2.035 0.5368470254894715
2.036 0.536854870052724
2.037 0.5366232648401585
2.038 0.536712563711744
2.039 0.536410459446338
2.04 0.5354050404994641
2.041 0.5340952555473765
2.042 0.533585692698434
2.043 0.5337526161707886
2.044 0.533696568041668
2.045 0.5335578290779943
2.046 0.5329662379208879
2.047 0.5332804591587599
2.048 0.5332066744967642
2.049 0.532986924183921
2.05 0.5326739727162217
2.051 0.5320343718854642
2.052 0.5312734767301528
2.053 0.5301466519470837
2.054 0.531059910881992
2.055 0.5316889531607677
2.056 0.5328664219793953
2.057 0.533312123048007
2.058 0.5346089783845843
2.059 0.5351635738099649
2.06 0.5345119434194351
2.061 0.5340721315135061
2.062 0.5341462814471116
2.063 0.535880021822352
2.064 0.5362083358971182
2.065 0.5360299965285347
2.066 0.5355820652280922
2.067 0.5348723269270702
2.068 0.5349953453793055
2.069 0.5347857961922733
2.07 0.5361138371024458
2.071 0.5372279423416457
2.072 0.5393265888917468
2.073 0.5400141602405201
2.074 0.5404182798370293
2.075 0.5415914613450997
2.076 0.5417783673361004
2.077 0.5407337409369836
2.078 0.5390047461284746
2.079 0.5398800392868283
2.08 0.5418047028314528
2.081 0.5430472098087173
2.082 0.5435113858355187
2.083 0.5435856995566668
2.084 0.5444345669466389
2.085 0.5436118562739761
2.086 0.544269689399345
2.087 0.5445152706096407
2.088 0.5459028501591976
2.089 0.5444770943704792
2.09 0.542653632283823
2.091 0.5414684156819696
2.092 0.5422462952222692
2.093 0.5435014846202483
2.094 0.5428287511666008
2.095 0.5416063757823524
2.096 0.5412396036184264
2.097 0.5427562137354168
2.098 0.5441237707851131
2.099 0.544085828424524
2.1 0.5432648133828437
2.101 0.5428986672341695
2.102 0.5427224705993118
2.103 0.542216595194758
2.104 0.5417999095351029
2.105 0.5428170545214756
2.106 0.5435208161175837
2.107 0.5436011259313243
2.108 0.5433613970352174
2.109 0.5440078680773067
2.11 0.5447935308607929
2.111 0.5439142225738886
2.112 0.5427914124643389
2.113 0.5431475729572255
2.114 0.544450457872751
2.115 0.5441840394642956
2.116 0.543769398897642
2.117 0.5438841208803792
2.118 0.5445335313134235
2.119 0.5453634553705172
2.12 0.546306083608611
2.121 0.5471479068700046
2.122 0.5470280555270567
2.123 0.5461560684296626
2.124 0.5458303930896837
2.125 0.5470392946091894
2.126 0.5485651406622521
2.127 0.5477738213540339
2.128 0.5464248690162286
2.129 0.5457184401710611
2.13 0.5469751427607984
2.131 0.5480607883803185
2.132 0.5478037120189192
2.133 0.5468254832839055
2.134 0.5453345799176754
2.135 0.5452791297942625
2.136 0.5448307182078254
2.137 0.5443406878048703
2.138 0.5430012170432895
2.139 0.5416906381097426
2.14 0.5402145478751437
2.141 0.5392226892139917
2.142 0.5397249279120692
2.143 0.5396010587453451
2.144 0.5392925284449347
2.145 0.5381597451009098
2.146 0.5381300137279853
2.147 0.5383579548563971
2.148 0.5387830636869904
2.149 0.5390423414815542
2.15 0.5385987153460056
2.151 0.5376476632886137
2.152 0.536040042937343
2.153 0.5351842353695188
2.154 0.5349162460927055
2.155 0.5351878741841378
2.156 0.5358482324837137
2.157 0.534835415371397
2.158 0.5339573910025855
2.159 0.5343653960600817
2.16 0.5352978952248606
2.161 0.5348542309201076
2.162 0.5337067659484882
2.163 0.5336622048460581
2.164 0.5325351465043286
2.165 0.5308690374581994
2.166 0.5292609130527656
2.167 0.5294460491651874
2.168 0.5298356475785708
2.169 0.5288347414780891
2.17 0.5278258721804324
2.171 0.5272167100557711
2.172 0.5274581264757894
2.173 0.5272330183658211
2.174 0.5272279799528827
2.175 0.5263031523428485
2.176 0.5239626444699066
2.177 0.5211890688152674
2.178 0.5184107035606326
2.179 0.516537851486599
2.18 0.5144698166662682
2.181 0.5129487229978442
2.182 0.5119499230739338
2.183 0.5106191365100623
2.184 0.5079580882652243
2.185 0.5041741514198667
2.186 0.5012741077292606
2.187 0.4978721458465446
2.188 0.4963642048039187
2.189 0.49328966827667897
2.19 0.4917460263910842
2.191 0.4879941714248848
2.192 0.4858363311996371
2.193 0.48216475748662
2.194 0.47953979646862754
2.195 0.4757118381913951
2.196 0.47294938760554694
2.197 0.46968958074276296
2.198 0.4658230734053059
2.199 0.4615946175853258
2.2 0.4587010717894753
2.201 0.4549030396256729
2.202 0.4504845508014268
2.203 0.4455216779317733
2.204 0.4418695484956535
2.205 0.4391692229330797
2.206 0.43734877055011756
2.207 0.4351813475304071
2.208 0.43241324633005696
2.209 0.429281277240781
2.21 0.42658334673651577
2.211 0.42531407414786754
2.212 0.42538930535492897
2.213 0.4255964637212706
2.214 0.42516021427436046
2.215 0.42420999388613395
2.216 0.4244650394333324
2.217 0.42571340047390277
2.218 0.4272027761979583
2.219 0.42804125041555935
2.22 0.4292013324932055
2.221 0.4307549541994377
2.222 0.43180537129756486
2.223 0.4337322328405895
2.224 0.435710463714187
2.225 0.4371293119955226
2.226 0.43727519778806156
2.227 0.4377602536648919
2.228 0.43857175152842326
2.229 0.4400064406487671
2.23 0.4416458315182153
2.231 0.44246820799225467
2.232 0.442936341229114
2.233 0.4439721449992511
2.234 0.4452263065672621
2.235 0.44617468012672273
2.236 0.44699108556842665
2.237 0.44746412866356805
2.238 0.4477919055665423
2.239 0.44907045090270387
2.24 0.4505450616186233
2.241 0.4502409032681506
2.242 0.4488523527069663
2.243 0.44829149330070134
2.244 0.44972932406246535
2.245 0.4516713420705174
2.246 0.4531725282741652
2.247 0.4534446663271084
2.248 0.452273299630893
2.249 0.4519946721983724
2.25 0.45250101598070125
2.251 0.45392801597128063
2.252 0.4538464393049984
2.253 0.45333056874495153
2.254 0.4530383117195079
2.255 0.4537517601059189
2.256 0.45492356716050886
2.257 0.4548940040621746
2.258 0.45487634653187814
2.259 0.45485106564651856
2.26 0.45535251415363875
2.261 0.4555662623083373
2.262 0.4565901228714906
2.263 0.45682047255684904
2.264 0.456264642235339
2.265 0.4556716022354144
2.266 0.4566927548795142
2.267 0.457789324083143
2.268 0.45880306741903276
2.269 0.46039827464866284
2.27 0.46317039149745104
2.271 0.4662166493492403
2.272 0.46949742799971295
2.273 0.4716684549062531
2.274 0.47329008165287645
2.275 0.4749370473292018
2.276 0.47724471636671806
2.277 0.47960964065067435
2.278 0.4813698770585499
2.279 0.4829440848934979
2.28 0.4838010344686124
2.281 0.4849839421096985
2.282 0.4870810082231309
2.283 0.49029291116056567
2.284 0.4930113461257691
2.285 0.49378177759711844
2.286 0.4944925934246119
2.287 0.4957582510475038
2.288 0.49791900395171873
2.289 0.4996072468611493
2.29 0.500955239644181
2.291 0.501446169045738
2.292 0.50173283557136
2.293 0.5031015578971576
2.294 0.5055983232423849
2.295 0.5080360195772667
2.296 0.5087271015622127
2.297 0.5090555655307443
2.298 0.5097032430950102
2.299 0.5119156573702028
2.3 0.5141921915081866
2.301 0.5150721329097869
2.302 0.515366237845132
2.303 0.5166298565543335
2.304 0.5198617308650445
2.305 0.5231097584949875
2.306 0.5257055598450173
2.307 0.5270618459956262
2.308 0.5293034320011696
2.309 0.532774410378828
2.31 0.5356367469181653
2.311 0.5378023304503163
2.312 0.5395668833592363
2.313 0.5399225553268533
2.314 0.5395405412300252
2.315 0.539419439636408
2.316 0.5417671836343431
2.317 0.5438638165922691
2.318 0.5451557840408155
2.319 0.5452046859013784
2.32 0.5455498279334942
2.321 0.5464936876386023
2.322 0.5486357857396182
2.323 0.5502747832841977
2.324 0.5498746471718979
2.325 0.5492072827522225
2.326 0.5493677206361516
2.327 0.5495183645463964
2.328 0.5508969731604715
2.329 0.5515275497252506
2.33 0.5520232880544037
2.331 0.5508694083639377
2.332 0.5526330629637363
2.333 0.5552164591100262
2.334 0.5566312534579252
2.335 0.5558096368560778
2.336 0.5551306737364684
2.337 0.5552089206250544
2.338 0.5555267027173709
2.339 0.5561065135146868
2.34 0.555928309437602
2.341 0.5556752885280343
2.342 0.5556285619755208
2.343 0.5553182405542401
2.344 0.555881828050413
2.345 0.555408361229602
2.346 0.5555585462507145
2.347 0.5555950891699937
2.348 0.5574160381334691
2.349 0.5593522690009465
2.35 0.5602192605094322
2.351 0.5609342330757278
2.352 0.5607641772028267
2.353 0.5619037169511079
2.354 0.5628199196437326
2.355 0.5644691458614705
2.356 0.5655755526496309
2.357 0.5659858043756761
2.358 0.5668266600352502
2.359 0.5678030139057548
2.36 0.5698410083579017
2.361 0.5697547741635595
2.362 0.5693212808952732
2.363 0.5677023393783376
2.364 0.5675894334437694
2.365 0.568760268760047
2.366 0.5700294303996662
2.367 0.5710456546543595
2.368 0.5707808991678452
2.369 0.5702080076909436
2.37 0.570068490037161
2.371 0.5707810452432803
2.372 0.5715242118200707
2.373 0.5705968006899422
2.374 0.5698653554430649
2.375 0.5699832400435013
2.376 0.571163708259931
2.377 0.5710100997779011
2.378 0.5708011011799081
2.379 0.5698995331572536
2.38 0.5685007842504837
2.381 0.0
2.3819999999999997 0.0
