Microns Total_system_throughput
0.398 0.0
0.399 0.0
0.4 0.0
0.401 0.0
0.402 0.0
0.403 0.0
0.404 0.0
0.405 0.0
0.406 0.0
0.407 0.0
0.408 0.0
0.409 0.0
0.41 0.0
0.411 0.0
0.412 0.0
0.413 0.0
0.414 0.0
0.415 0.0
0.416 0.0
0.417 0.0
0.418 0.0
0.419 0.0
0.42 0.0
0.421 0.0
0.422 0.0
0.423 0.0
0.424 0.0
0.425 0.0
0.426 0.0
0.427 0.0
0.428 0.0
0.429 0.0
0.43 0.0
0.431 0.0
0.432 0.0
0.433 0.0
0.434 0.0
0.435 0.0
0.436 0.0
0.437 0.0
0.438 0.0
0.439 0.0
0.44 0.0
0.441 0.0
0.442 0.0
0.443 0.0
0.444 0.0
0.445 0.0
0.446 0.0
0.447 0.0
0.448 0.0
0.449 0.0
0.45 0.0
0.451 0.0
0.452 0.0
0.453 0.0
0.454 0.0
0.455 0.0
0.456 0.0
0.457 0.0
0.458 0.0
0.459 0.0
0.46 0.0
0.461 0.0
0.462 0.0
0.463 0.0
0.464 0.0
0.465 0.0
0.466 0.0
0.467 0.0
0.468 0.0
0.469 0.0
0.47 0.0
0.471 0.0
0.472 0.0
0.473 0.0
0.474 0.0
0.475 0.0
0.476 0.0
0.477 0.0
0.478 0.0
0.479 0.0
0.48 0.0
0.481 0.0
0.482 0.0
0.483 0.0
0.484 0.0
0.485 0.0
0.486 0.0
0.487 0.0
0.488 0.0
0.489 0.0
0.49 0.0
0.491 0.0
0.492 0.0
0.493 0.0
0.494 0.0
0.495 0.0
0.496 0.0
0.497 0.0
0.498 0.0
0.499 0.0
0.5 0.0
0.501 0.0
0.502 0.0
0.503 0.0
0.504 0.0
0.505 0.0
0.506 0.0
0.507 0.0
0.508 0.0
0.509 0.0
0.51 0.0
0.511 0.0
0.512 0.0
0.513 0.0
0.514 0.0
0.515 0.0
0.516 0.0
0.517 0.0
0.518 0.0
0.519 0.0
0.52 0.0
0.521 0.0
0.522 0.0
0.523 0.0
0.524 0.0
0.525 2.0166046786218297e-07
0.526 8.533398583587509e-07
0.527 1.48087206063361e-06
0.528 1.8742436672613748e-06
0.529 1.9261544122721166e-06
0.53 1.7763848532694127e-06
0.531 1.657246020058547e-06
0.532 1.622028052043545e-06
0.533 1.6624263004801509e-06
0.534 1.736041425075775e-06
0.535 1.9905929787588384e-06
0.536 2.4527397030079146e-06
0.537 3.2491710958102633e-06
0.538 4.481697168426075e-06
0.539 6.813107306342948e-06
0.54 1.0607330119477788e-05
0.541 1.5072936467189494e-05
0.542 1.756793145573398e-05
0.543 1.6769453419897333e-05
0.544 1.3367636351591813e-05
0.545 9.697396800888075e-06
0.546 6.86471415166428e-06
0.547 5.244833150778968e-06
0.548 4.367831474665874e-06
0.549 3.930091569234246e-06
0.55 3.8863165222310816e-06
0.551 4.187255548993767e-06
0.552 4.621013985449836e-06
0.553 5.200958512735004e-06
0.554 5.880233948632495e-06
0.555 6.523045250336197e-06
0.556 6.721838873999268e-06
0.557 6.804115197605846e-06
0.558 5.81023009178344e-06
0.559 4.089681141497487e-06
0.56 4.049632773808967e-06
0.561 4.586291654466708e-06
0.562 4.366908057306406e-06
0.563 4.061324147279191e-06
0.564 4.492701425464062e-06
0.565 5.113861689122379e-06
0.566 5.653609939396159e-06
0.567 5.735139032007894e-06
0.568 6.015886759669589e-06
0.569 6.313677197145452e-06
0.57 6.218782807372274e-06
0.571 6.562649742160847e-06
0.572 7.766288811802607e-06
0.573 9.23686427440608e-06
0.574 1.0038928202113054e-05
0.575 1.1197484463031572e-05
0.576 1.348705686583953e-05
0.577 1.5465726031364384e-05
0.578 1.6267290048652067e-05
0.579 1.7028718544287144e-05
0.58 1.8888122371335327e-05
0.581 2.323941762466942e-05
0.582 3.1336596482051997e-05
0.583 4.7069461589818945e-05
0.584 8.395172638277273e-05
0.585 0.00017263952611145845
0.586 0.0003203171513517999
0.587 0.0004316614300914126
0.588 0.00040568148114905644
0.589 0.00026670542581132316
0.59 0.0001415487207031781
0.591 7.988170586253252e-05
0.592 5.571806211634305e-05
0.593 4.2788959594625045e-05
0.594 3.567939716373229e-05
0.595 3.492338460707695e-05
0.596 3.2727473243799434e-05
0.597 3.364138640197515e-05
0.598 3.6548314380311805e-05
0.599 3.8019686859300125e-05
0.6 4.1288090339898094e-05
0.601 4.610533430813608e-05
0.602 5.356040354295586e-05
0.603 6.539848456270203e-05
0.604 7.973861726832165e-05
0.605 9.257800165749086e-05
0.606 0.00010661474970793926
0.607 0.00011914413759989893
0.608 0.00012262898224812952
0.609 0.00011861349794058937
0.61 0.00010943926271822313
0.611 9.694865849840235e-05
0.612 8.217813834467267e-05
0.613 6.996790127477043e-05
0.614 5.9947703656285075e-05
0.615 5.3956058685916305e-05
0.616 4.890769617796851e-05
0.617 4.616135840642451e-05
0.618 4.5660795786048555e-05
0.619 4.259570220026549e-05
0.62 3.9662360285240716e-05
0.621 3.7873044851132785e-05
0.622 4.2400725168285305e-05
0.623 4.5629464009454306e-05
0.624 5.084903429669588e-05
0.625 6.055861106932802e-05
0.626 7.493037492481662e-05
0.627 9.794507255734094e-05
0.628 0.0001374300791267349
0.629 0.00020255285115517463
0.63 0.00030242326066397984
0.631 0.00042730942296688576
0.632 0.0005206390388856574
0.633 0.000526405552788285
0.634 0.0004482643889216145
0.635 0.00034889649723662613
0.636 0.00027100591259832915
0.637 0.00022625047804213138
0.638 0.00020400123161605117
0.639 0.0001973605870589899
0.64 0.00020873227060278933
0.641 0.00023085159639518344
0.642 0.00026248985586547075
0.643 0.00029583009698313714
0.644 0.00032295883506991424
0.645 0.00032709837651091246
0.646 0.0002984854174371401
0.647 0.0002490847973348507
0.648 0.00019522310890619123
0.649 0.00015532653857847612
0.65 0.0001261357405782923
0.651 0.00010403149960106095
0.652 9.004233578506745e-05
0.653 8.676750326703967e-05
0.654 8.586486786305246e-05
0.655 8.85627171684927e-05
0.656 9.575822848953598e-05
0.657 0.00011262691317258577
0.658 0.0001329282389190765
0.659 0.00016025829068706877
0.66 0.0001930905915730389
0.661 0.00022722243450362857
0.662 0.00024014954772946462
0.663 0.00022920779804476684
0.664 0.00020527996196922183
0.665 0.0001806663554561531
0.666 0.0001556452796297328
0.667 0.00013444011601136351
0.668 0.00012448263673200716
0.669 0.00011911448013985174
0.67 0.00011800559073503923
0.671 0.0001190743638696573
0.672 0.00013213683467810228
0.673 0.00015315247449064815
0.674 0.00018197751244634832
0.675 0.00020936963878830005
0.676 0.00023578646726285475
0.677 0.00025183467743381866
0.678 0.0002582482858409714
0.679 0.0002471387501759827
0.68 0.00022068783264332588
0.681 0.0001834958312053845
0.682 0.0001550820089467013
0.683 0.0001450599544301473
0.684 0.00014020605047631164
0.685 0.00013475021346598008
0.686 0.00013055277598810546
0.687 0.0001345673145440153
0.688 0.00014199762167406465
0.689 0.00014741681976785428
0.69 0.00015857459366811885
0.691 0.00016932175276225666
0.692 0.0001706818245976207
0.693 0.0001626792119496236
0.694 0.0001508230314735488
0.695 0.0001359226489374926
0.696 0.00011658700952356165
0.697 0.00010311998940343035
0.698 9.432878189733618e-05
0.699 8.761211887446171e-05
0.7 8.136949862203025e-05
0.701 7.393275388426748e-05
0.702 7.030775701035134e-05
0.703 7.422916026464194e-05
0.704 8.586430071207443e-05
0.705 0.00010043467660265988
0.706 0.00011861697255375071
0.707 0.00013957100918534412
0.708 0.00016606056297697308
0.709 0.00020985595455176703
0.71 0.0002923449408639763
0.711 0.00042854370669412746
0.712 0.0006341684213598534
0.713 0.0009142822485536377
0.714 0.0012928447722884318
0.715 0.001680056381627534
0.716 0.0019128412082803626
0.717 0.0018049098746505785
0.718 0.0014528606934866755
0.719 0.0010577930656584058
0.72 0.0007463823779924084
0.721 0.0005156882868935733
0.722 0.0003563058001373932
0.723 0.00026438351593976875
0.724 0.00019350764572560072
0.725 0.00014726236582542657
0.726 0.00011778887449073288
0.727 9.922690021407494e-05
0.728 8.017208215615962e-05
0.729 6.200325404494901e-05
0.73 5.671450733532177e-05
0.731 5.406432891661822e-05
0.732 5.110896378543396e-05
0.733 4.6724661206708894e-05
0.734 5.146436185561586e-05
0.735 5.350011411564781e-05
0.736 4.829298192318969e-05
0.737 5.079953063255064e-05
0.738 6.234094931468654e-05
0.739 7.854905581500111e-05
0.74 8.641043739139985e-05
0.741 0.00010793931748726441
0.742 0.00014246969306101092
0.743 0.00020542023173956056
0.744 0.0003064422406253666
0.745 0.0004655993756443267
0.746 0.0006964981391790727
0.747 0.0009990577102709137
0.748 0.0013133433831603394
0.749 0.001540388440540246
0.75 0.0016363835178116902
0.751 0.001700307660879341
0.752 0.0019916072114651955
0.753 0.0026950114187506207
0.754 0.0034747926214401476
0.755 0.0034712067784657347
0.756 0.0024617551768152134
0.757 0.001214592274089066
0.758 0.0004985305754494537
0.759 0.00024532559835005517
0.76 0.00013985271162980886
0.761 7.904342932585557e-05
0.762 4.737629308324621e-05
0.763 3.84465516675046e-05
0.764 2.6699756613512575e-05
0.765 1.5057600860891134e-05
0.766 1.4494436370180726e-05
0.767 1.548474643881003e-05
0.768 1.5200859503033904e-05
0.769 1.0431076365599783e-05
0.77 1.0829762201156981e-05
0.771 9.057151532232078e-06
0.772 1.1421458265806258e-05
0.773 1.105540076911625e-05
0.774 4.975069086695885e-06
0.775 6.511794432350998e-06
0.776 9.42749757034198e-06
0.777 1.7178591509283188e-05
0.778 6.686112303795296e-06
0.779 7.76555921110504e-06
0.78 1.0868107785383625e-05
0.781 1.605701376253832e-05
0.782 9.150997491348894e-06
0.783 1.7698301679149268e-05
0.784 1.7730696239757377e-05
0.785 1.3691130361464663e-05
0.786 1.1815441451549946e-05
0.787 1.8426593397304685e-05
0.788 2.8660561681648546e-05
0.789 5.3111909520505216e-05
0.79 0.0001041938872689081
0.791 0.0001587577832556204
0.792 0.00018436291173647005
0.793 0.00015171080642200344
0.794 0.00010084181225438809
0.795 6.755648758100766e-05
0.796 4.970830544969527e-05
0.797 -8.553367724661572e-05
0.798 0.00035231931812145515
0.799 0.0010248883586152194
0.8 0.002174679656207069
0.801 0.0016009452905124404
0.802 0.0023765852978037526
0.803 0.002128271905154924
0.804 0.002169863855086198
0.805 0.0004559387125312841
0.806 0.0001756671695364687
0.807 0.0007980177007211763
0.808 0.0018263108338186062
0.809 0.002029381276368343
0.81 0.0009886684565590653
0.811 0.0012554422969245052
0.812 0.001171540066731339
0.813 0.001705186485781455
0.814 0.001625197314377319
0.815 0.0018166409696194193
0.816 0.0012725570433467519
0.817 0.001429344997304184
0.818 0.001329086326728744
0.819 0.001071229006423065
0.82 0.0014850257661297949
0.821 0.002410906597924707
0.822 0.002017644414051665
0.823 0.0006023557955710222
0.824 -0.0003791659042980001
0.825 0.0002549722654647872
0.826 0.001601541982657559
0.827 0.0019790250728827113
0.828 0.000883023839297401
0.829 5.4986177949701205e-06
0.83 0.0005741243224199537
0.831 0.0011042648413352074
0.832 0.0014216682772186422
0.833 0.0012492591506326344
0.834 0.0012188459220750405
0.835 0.0011094986615182991
0.836 0.001180946913981194
0.837 0.0010986692485151774
0.838 0.001374559170657032
0.839 0.0014197584318705351
0.84 0.0011448574279495749
0.841 0.0009337961946424447
0.842 0.001121431190452952
0.843 0.0009831421878664646
0.844 0.0008472586783266101
0.845 0.0007652324683655161
0.846 0.0009551366854632185
0.847 0.0013189576740885616
0.848 0.0014572149468921416
0.849 0.0010780247468513914
0.85 0.0009389714347600994
0.851 0.001206382420928887
0.852 0.0013980083614237265
0.853 0.0014244183154211393
0.854 0.0016567677583558657
0.855 0.0011099901935550656
0.856 0.0006235578852665992
0.857 0.00038846814416762006
0.858 0.00100341202128947
0.859 0.0012569878742668904
0.86 0.0016930249522667108
0.861 0.0011136820536426393
0.862 0.0008898163118702077
0.863 0.0006226476413159023
0.864 0.0011453010245296852
0.865 0.00121317845078086
0.866 0.0013524876679606211
0.867 0.0007703480051745455
0.868 0.0009415468696112862
0.869 0.0012653931524101492
0.87 0.001517652079593241
0.871 0.0011985608398616878
0.872 0.0013524227193181231
0.873 0.0013576368119427916
0.874 0.0011772340484753293
0.875 0.0011633394041902572
0.876 0.0012952622953079798
0.877 0.0013267181940599183
0.878 0.0012452588527796667
0.879 0.00119410965637878
0.88 0.0010820224467356688
0.881 0.0009364657136012006
0.882 0.0009080363651450544
0.883 0.0009595023453561538
0.884 0.0008577455340427105
0.885 0.0007028502865483166
0.886 0.00078573450158953
0.887 0.0009815083846442705
0.888 0.0008528614873845919
0.889 0.000702668699518932
0.89 0.0009000204782563245
0.891 0.0010422299570577217
0.892 0.0010157664797974665
0.893 0.0010659707938607212
0.894 0.0011851926168941899
0.895 0.001218101057542392
0.896 0.0012069584631975148
0.897 0.00114172198808902
0.898 0.0011177217972559272
0.899 0.0011206727296550977
0.9 0.0011879205686189827
0.901 0.0013151839633381132
0.902 0.0013584063656152732
0.903 0.0013165363618145068
0.904 0.0012583249149538402
0.905 0.001249373274550975
0.906 0.0011067448198966872
0.907 0.0009580963749168666
0.908 0.0009868530979128673
0.909 0.0010542672918284774
0.91 0.0009680550357774069
0.911 0.0008174702857575342
0.912 0.0008483443572345063
0.913 0.0010075608460968814
0.914 0.0009672134123345912
0.915 0.0008437884085813859
0.916 0.0006771519542336171
0.917 0.0005385509966503309
0.918 0.000557211322974239
0.919 0.0007106095311855762
0.92 0.000805016199947116
0.921 0.0007582047825016754
0.922 0.0007186536551568221
0.923 0.0008152073074044104
0.924 0.0009664164618363794
0.925 0.001078661483893541
0.926 0.0010908794900356359
0.927 0.0012520705977282
0.928 0.001423988007903537
0.929 0.0015722513519464733
0.93 0.0016101385795087816
0.931 0.0017204829943822842
0.932 0.0019393284413733664
0.933 0.0021487099555840407
0.934 0.0022521160822266905
0.935 0.00230913409361317
0.936 0.002433069082549805
0.937 0.002590613102543569
0.938 0.002716173541732833
0.939 0.0028157011196431993
0.94 0.002848337763335709
0.941 0.002844635546588295
0.942 0.0028446831901715653
0.943 0.002896835657950155
0.944 0.002857173978570423
0.945 0.002808095592207184
0.946 0.0027442769335007788
0.947 0.0026662092507283024
0.948 0.0025536712360054647
0.949 0.0024587652657044688
0.95 0.0023497597201988076
0.951 0.0022327501170930322
0.952 0.0021675314603389513
0.953 0.002083561058006873
0.954 0.0019563361382731706
0.955 0.001876674516343836
0.956 0.0018263824962594444
0.957 0.0017642130367962984
0.958 0.0017022534835648307
0.959 0.0016908013369296554
0.96 0.001685727048791756
0.961 0.0017321159691522092
0.962 0.0018445812221957578
0.963 0.0019830807674324595
0.964 0.002065466482914218
0.965 0.0022141330853429923
0.966 0.002437136465515346
0.967 0.0027043924189851173
0.968 0.0029883708230991485
0.969 0.003368422135069157
0.97 0.003901131425044591
0.971 0.004502537102915511
0.972 0.005213496650054462
0.973 0.006098654262833226
0.974 0.007195759967342603
0.975 0.008436279878988486
0.976 0.010027689262507777
0.977 0.01192257369786877
0.978 0.014165432500264597
0.979 0.016753395988822497
0.98 0.020030845663134428
0.981 0.02362900909277564
0.982 0.02789061629385077
0.983 0.03269873223382451
0.984 0.038166224700583506
0.985 0.04467229342070607
0.986 0.05150623943357555
0.987 0.0589150153272315
0.988 0.06679564853704086
0.989 0.07617092292695811
0.99 0.08595940822160228
0.991 0.09605680805700773
0.992 0.10803063237397609
0.993 0.11960724116677403
0.994 0.13120369366231532
0.995 0.14286251480598514
0.996 0.15685522676298014
0.997 0.17066891254038621
0.998 0.18464326214712667
0.999 0.19839726129031335
1.0 0.21111353769584446
1.001 0.22350728027785757
1.002 0.23603834537825347
1.003 0.24873028784519025
1.004 0.2614513608418128
1.005 0.2728334360738613
1.006 0.2833580717563193
1.007 0.29216912625209124
1.008 0.3013353711142767
1.009 0.3096688557724668
1.01 0.31764670642263787
1.011 0.32586260985943627
1.012 0.33292464758322854
1.013 0.33953482232498194
1.014 0.3452653083051242
1.015 0.35082760949599767
1.016 0.3544768781059221
1.017 0.3582311859700457
1.018 0.3626976594677576
1.019 0.36680615205359207
1.02 0.3709885350609793
1.021 0.37481791475713533
1.022 0.3779928727259988
1.023 0.37956200824505976
1.024 0.3811540471344449
1.025 0.38214511166999154
1.026 0.38290522388408404
1.027 0.38432579767652514
1.028 0.38655792400261846
1.029 0.38857126123792407
1.03 0.3900550177784618
1.031 0.3916332876632663
1.032 0.3927624319428409
1.033 0.3932843671422669
1.034 0.39477780629817427
1.035 0.39602969649731673
1.036 0.3974954810297202
1.037 0.39902655745937954
1.038 0.40005817083552836
1.039 0.3999778427375631
1.04 0.3994715322146969
1.041 0.3997289828449992
1.042 0.4002458703695763
1.043 0.4021215980822803
1.044 0.40390567752974166
1.045 0.4043517654793213
1.046 0.40456275516343804
1.047 0.4050337017648343
1.048 0.4062015599018232
1.049 0.4063358982477994
1.05 0.4061273033571511
1.051 0.40611986296695807
1.052 0.40714031049307686
1.053 0.408733942035796
1.054 0.40909425814098077
1.055 0.4085624381061423
1.056 0.4073688091917865
1.057 0.40701612783020874
1.058 0.4072212344217759
1.059 0.40759528618715396
1.06 0.40838775867796756
1.061 0.4087543114825141
1.062 0.40921243169866317
1.063 0.40945955426694663
1.064 0.40942743219404326
1.065 0.4091029275860482
1.066 0.4093130821130364
1.067 0.41043893196779074
1.068 0.4112898086868929
1.069 0.41202330338107157
1.07 0.4113093638434204
1.071 0.41086348880967055
1.072 0.4105263768098094
1.073 0.4112543843799649
1.074 0.41234830381867643
1.075 0.41404982170246113
1.076 0.4162668305908793
1.077 0.41805665838523787
1.078 0.419612933768126
1.079 0.4205960083738316
1.08 0.4222594143182366
1.081 0.42373745302127164
1.082 0.4246676959400274
1.083 0.4252003337482056
1.084 0.4261127140821049
1.085 0.42770653179901236
1.086 0.4292892935093909
1.087 0.4308693742807017
1.088 0.43139989340875523
1.089 0.43107297725595345
1.09 0.4307314322579981
1.091 0.4322167654675648
1.092 0.4348370451734731
1.093 0.43644475229743324
1.094 0.43703059121709414
1.095 0.4366641134227948
1.096 0.43674184787577175
1.097 0.4368527648744999
1.098 0.43771824999886333
1.099 0.4387603304141984
1.1 0.4396045386339654
1.101 0.44057123732030573
1.102 0.4412027549548955
1.103 0.4414581780333524
1.104 0.4414433614729038
1.105 0.44141655567360616
1.106 0.44172179970808584
1.107 0.442419096848302
1.108 0.44390169906052496
1.109 0.44404309918373097
1.11 0.4440145550169769
1.111 0.44400448311734025
1.112 0.44431123673899703
1.113 0.4441849639963923
1.114 0.444358597285452
1.115 0.4453110428196041
1.116 0.44567832904339744
1.117 0.4461407255351682
1.118 0.4465590429846235
1.119 0.4466350993074853
1.12 0.4456087419354118
1.121 0.444607828669257
1.122 0.4444181939409075
1.123 0.44391830097299295
1.124 0.4439559087144388
1.125 0.4449468217768452
1.126 0.4457530087229018
1.127 0.44522484005635743
1.128 0.444258849012486
1.129 0.4438067044394648
1.13 0.4443814502859395
1.131 0.4459639139801176
1.132 0.4467527285406954
1.133 0.44650225153161927
1.134 0.4461562394914114
1.135 0.4461386101831392
1.136 0.44679963187490096
1.137 0.44754864136312483
1.138 0.44835874551962807
1.139 0.4486469249175431
1.14 0.4499917795531646
1.141 0.4521095688285743
1.142 0.4543248490466043
1.143 0.4557473347326448
1.144 0.4558625340181149
1.145 0.45600075662703793
1.146 0.45694051642111416
1.147 0.4585835565886009
1.148 0.4606466969142715
1.149 0.4611806614892478
1.15 0.4616772661897674
1.151 0.46222683983139434
1.152 0.46353156654790306
1.153 0.46419480928884066
1.154 0.4647587281987278
1.155 0.46563126357844586
1.156 0.4662745842734506
1.157 0.4676881574802183
1.158 0.46902588516028954
1.159 0.4702317824788512
1.16 0.4698463792291972
1.161 0.46959465986719234
1.162 0.46998694816902753
1.163 0.47134522384090816
1.164 0.47235068538810515
1.165 0.4731535633757227
1.166 0.47341839645791484
1.167 0.47337576340950877
1.168 0.47288730612833374
1.169 0.4731535955925727
1.17 0.4729849709731289
1.171 0.47271884001406617
1.172 0.4719817012462172
1.173 0.4722546043389352
1.174 0.4718299111641261
1.175 0.4707001267876235
1.176 0.4683985416504168
1.177 0.46565471518918766
1.178 0.4631464235046756
1.179 0.4598946527276025
1.18 0.45615857461720843
1.181 0.4518133072096617
1.182 0.44599742266790565
1.183 0.4382412091531134
1.184 0.42817423845645786
1.185 0.41831116224209847
1.186 0.4071096806025768
1.187 0.3945558955345338
1.188 0.38043165040844434
1.189 0.36709026148861623
1.19 0.35428637970776955
1.191 0.3400184388084185
1.192 0.32584416703303537
1.193 0.3122864105403458
1.194 0.3002455732989772
1.195 0.2899043853017631
1.196 0.28147922230415884
1.197 0.27540894598017035
1.198 0.2732777657053422
1.199 0.27413276777979195
1.2 0.2760541766887198
1.201 0.2792648604787058
1.202 0.28529248866041657
1.203 0.29416798952324846
1.204 0.3046262879684074
1.205 0.31605863269085793
1.206 0.3293298096084924
1.207 0.3430218119061603
1.208 0.35687218129596077
1.209 0.3711978622044133
1.21 0.38724322490122226
1.211 0.40207186658520605
1.212 0.415271498224617
1.213 0.4282916582950183
1.214 0.4398537643647038
1.215 0.4496344549534401
1.216 0.4578193958613709
1.217 0.465777634968831
1.218 0.47320228147427806
1.219 0.4789349486565159
1.22 0.48249865368251244
1.221 0.4845217349641132
1.222 0.4864713655764662
1.223 0.4885857775444124
1.224 0.4891587452641037
1.225 0.489642203201543
1.226 0.4900540471828641
1.227 0.4912051972571806
1.228 0.4916938420762649
1.229 0.49166611889599815
1.23 0.4909960358736851
1.231 0.49024820719787526
1.232 0.4907268760327982
1.233 0.49169392718366434
1.234 0.49241235822227747
1.235 0.49240376009112663
1.236 0.4923358273656395
1.237 0.49273696182234106
1.238 0.4926741996662509
1.239 0.49249306025813105
1.24 0.4924931639573472
1.241 0.4933058615605567
1.242 0.49434092245040245
1.243 0.4948739063938155
1.244 0.4951655407478061
1.245 0.4944869806065588
1.246 0.49457489378013914
1.247 0.49433103062934275
1.248 0.49461790903254865
1.249 0.49524633920130434
1.25 0.49612923867965314
1.251 0.49648958639015234
1.252 0.4965917110927363
1.253 0.4969875668374559
1.254 0.49659812841605144
1.255 0.4966086746758898
1.256 0.4965034734635022
1.257 0.496584007425116
1.258 0.4968528826483896
1.259 0.49761818359899207
1.26 0.49837144356282037
1.261 0.498681813178655
1.262 0.4987188236846995
1.263 0.49848684056405307
1.264 0.49863477610045087
1.265 0.49945948733832696
1.266 0.5002418163220734
1.267 0.5009541492653282
1.268 0.50071256820541
1.269 0.5001334729541839
1.27 0.49958905374259055
1.271 0.49994077346099475
1.272 0.5001482112461189
1.273 0.5001910724513452
1.274 0.5003173028387757
1.275 0.5005579542702572
1.276 0.5007757575738692
1.277 0.5012056955506891
1.278 0.5011767293921504
1.279 0.5003798306218927
1.28 0.49967297097839447
1.281 0.5002263708704212
1.282 0.5008806042799699
1.283 0.5015928315326285
1.284 0.5018316316167313
1.285 0.502123897712286
1.286 0.5016094783139832
1.287 0.5009485665259633
1.288 0.5006012534564256
1.289 0.50053526414281
1.29 0.5002358179477554
1.291 0.49995435662229043
1.292 0.5003882624377164
1.293 0.5006905507760218
1.294 0.5003375323674353
1.295 0.4989907793035192
1.296 0.49786871393042936
1.297 0.4988942955583786
1.298 0.5012415228084254
1.299 0.5036721449218767
1.3 0.5040270385247521
1.301 0.5036292458602177
1.302 0.5022161115795096
1.303 0.5017166111575867
1.304 0.5014395192031816
1.305 0.50203476904258
1.306 0.5022077507635471
1.307 0.5025277249026598
1.308 0.5025259632214985
1.309 0.5032848688252183
1.31 0.5036136004934403
1.311 0.504567034007603
1.312 0.5051522743944712
1.313 0.5057139282287669
1.314 0.5063093810812609
1.315 0.5079964122670876
1.316 0.509258220239239
1.317 0.5093764573477007
1.318 0.5089581072540277
1.319 0.5098059816324442
1.32 0.5108072509527467
1.321 0.5111611886764045
1.322 0.5103985697855283
1.323 0.5109604456144468
1.324 0.5122913033639855
1.325 0.5135109344859523
1.326 0.5134205986069121
1.327 0.5128248900588624
1.328 0.5122396753266492
1.329 0.5120064032176487
1.33 0.513031760508928
1.331 0.514372637502011
1.332 0.5153970346075202
1.333 0.5151746885093136
1.334 0.5144074290458382
1.335 0.513516251327598
1.336 0.5138225847580095
1.337 0.5151141217826484
1.338 0.5159812242584948
1.339 0.5162030579135539
1.34 0.5165402791936946
1.341 0.5172578142287851
1.342 0.5180649516559397
1.343 0.5184061553891592
1.344 0.518340081150142
1.345 0.518121679691259
1.346 0.518273710477918
1.347 0.518938506787384
1.348 0.5205373535558662
1.349 0.521652628420107
1.35 0.5210985903137655
1.351 0.5199612599702356
1.352 0.5194843680731656
1.353 0.5199086796269119
1.354 0.5216775300360177
1.355 0.5227775707091301
1.356 0.5226030231956081
1.357 0.5224036270370478
1.358 0.5231504766443781
1.359 0.5227799066034045
1.36 0.5215288710322692
1.361 0.520828928948742
1.362 0.5217136278536506
1.363 0.5229726186529299
1.364 0.523898942690021
1.365 0.5234756232072345
1.366 0.5223487237345396
1.367 0.5200989692855236
1.368 0.5186805314798152
1.369 0.5184086015736586
1.37 0.5192794686377668
1.371 0.5194538597849567
1.372 0.5183441427087836
1.373 0.5160535772306052
1.374 0.5135554986238171
1.375 0.5121826991293731
1.376 0.5116398189590872
1.377 0.5108288371558994
1.378 0.509119627738478
1.379 0.5075770466577377
1.38 0.5067264197664099
1.381 0.5055323366145702
1.382 0.5042018417895708
1.383 0.5026809336535608
1.384 0.5012016833434698
1.385 0.5008015898903889
1.386 0.5015771619328734
1.387 0.5021779729146095
1.388 0.5015590034235149
1.389 0.5011322744948394
1.39 0.5011999482023825
1.391 0.5018833352753153
1.392 0.5019270859709083
1.393 0.5030111385994004
1.394 0.5045841394378767
1.395 0.506197189804364
1.396 0.5061513544950158
1.397 0.5064119881167953
1.398 0.5073127686635623
1.399 0.508344710178599
1.4 0.5092022585129272
1.401 0.5103542607160201
1.402 0.5113513892010882
1.403 0.5119277074716047
1.404 0.5127278028924549
1.405 0.5132923087193101
1.406 0.5129377941865192
1.407 0.5132107455331031
1.408 0.5144364223328848
1.409 0.5159441728684065
1.41 0.5168325598077066
1.411 0.5182445605372861
1.412 0.5199036539944852
1.413 0.5210085735081129
1.414 0.5215189137503229
1.415 0.5212413195088177
1.416 0.5219596314109398
1.417 0.5236564440805639
1.418 0.5250941971618256
1.419 0.5252621525931656
1.42 0.5241446689330718
1.421 0.5234270324128504
1.422 0.5219740378265093
1.423 0.5207632496630007
1.424 0.5185208445199411
1.425 0.5163728436591637
1.426 0.5139732355067037
1.427 0.5110212138556566
1.428 0.506748675072326
1.429 0.5017408567252397
1.43 0.4969894968624331
1.431 0.491057754089731
1.432 0.484318618021357
1.433 0.4776551286633835
1.434 0.4707418904094116
1.435 0.4630170382166285
1.436 0.4540134510186885
1.437 0.44658699520335204
1.438 0.4375465481685332
1.439 0.4272602438920124
1.44 0.4155369603773212
1.441 0.4057417005885757
1.442 0.39635823862151187
1.443 0.38583829467903225
1.444 0.3746507885609871
1.445 0.36378235085999006
1.446 0.35311851198334254
1.447 0.3437314000340966
1.448 0.33529292225436136
1.449 0.32838139704041325
1.45 0.3214123170868793
1.451 0.31576338110261765
1.452 0.31069344729932385
1.453 0.30624803044741705
1.454 0.3036536048946559
1.455 0.3031608111715816
1.456 0.3044831683047618
1.457 0.3064139311030636
1.458 0.31021906693570983
1.459 0.31603544018658797
1.46 0.32361303266526914
1.461 0.33188791913251214
1.462 0.340769070299058
1.463 0.3513083976426891
1.464 0.3632529810241341
1.465 0.3780560891183595
1.466 0.39268333948352746
1.467 0.40762521147136344
1.468 0.4197228583531434
1.469 0.43279775602434156
1.47 0.4458134189838158
1.471 0.4596365218485741
1.472 0.473786648954634
1.473 0.48655728340796045
1.474 0.4989797667215898
1.475 0.5082547133438352
1.476 0.5176850120356927
1.477 0.5243963322115054
1.478 0.53055394054795
1.479 0.5353982802691981
1.48 0.5407793184759493
1.481 0.5447679534501877
1.482 0.5480352048427212
1.483 0.5509159735005498
1.484 0.5533543328401088
1.485 0.5535904482600829
1.486 0.5535240238870457
1.487 0.5527004450994977
1.488 0.5533900797636266
1.489 0.5542764864960128
1.49 0.5560721481552758
1.491 0.5568996597436475
1.492 0.5570523507813474
1.493 0.5564279907553215
1.494 0.5549865931694122
1.495 0.5541035570722826
1.496 0.5536188067116986
1.497 0.5550440400222999
1.498 0.5557746195078304
1.499 0.5565880457783321
1.5 0.5560201356224214
1.501 0.5560362340744471
1.502 0.5559255500773659
1.503 0.5556475048959264
1.504 0.5556904038915899
1.505 0.556973925980298
1.506 0.5587252973740803
1.507 0.5589307063487914
1.508 0.5595098869959274
1.509 0.5600847505418194
1.51 0.5600674090650566
1.511 0.5602023495127669
1.512 0.5605322857955007
1.513 0.5613930342614138
1.514 0.5622219336611889
1.515 0.5630482455031707
1.516 0.5638954900556523
1.517 0.5643690079606464
1.518 0.5642103696654308
1.519 0.5625956980098786
1.52 0.5617583975480603
1.521 0.5615191996439727
1.522 0.5621799944151267
1.523 0.5641166666494621
1.524 0.5655059668200944
1.525 0.5651682305654077
1.526 0.5649769013421805
1.527 0.5650490542421142
1.528 0.5665206379067097
1.529 0.5668014199859543
1.53 0.5677096297168521
1.531 0.5676849543523292
1.532 0.5686216470420511
1.533 0.568670190606367
1.534 0.5680803809674191
1.535 0.5677293984872532
1.536 0.5675518343147365
1.537 0.5681364602972169
1.538 0.5692444644774804
1.539 0.5702946299125199
1.54 0.5703756667336496
1.541 0.569954111783492
1.542 0.5693702220284216
1.543 0.5676139115443782
1.544 0.5666023140533539
1.545 0.5663074059800489
1.546 0.5680506055025113
1.547 0.5684273235453836
1.548 0.5691203316146126
1.549 0.5688752230949864
1.55 0.5685248755991665
1.551 0.5675992699806748
1.552 0.5676696929621186
1.553 0.5685720726888627
1.554 0.5689731065691068
1.555 0.5702051597517521
1.556 0.5712288540860195
1.557 0.5709360208688682
1.558 0.569261284796885
1.559 0.5678579754021679
1.56 0.5679708674775419
1.561 0.5687199019596118
1.562 0.569488074273511
1.563 0.5703027120692987
1.564 0.5715765451710955
1.565 0.5715018369719959
1.566 0.5693430677813454
1.567 0.5678377601978104
1.568 0.5673301012476291
1.569 0.5676342459323407
1.57 0.5678506197324933
1.571 0.5682694993777648
1.572 0.5691684615866097
1.573 0.5692130096897433
1.574 0.5685846173052415
1.575 0.5673805984953332
1.576 0.5671677740255191
1.577 0.5673688653954615
1.578 0.5679397145813371
1.579 0.5689785112160519
1.58 0.569991172290586
1.581 0.570645811655921
1.582 0.5682603318475762
1.583 0.5665901734185876
1.584 0.5667600232686493
1.585 0.5682050416723528
1.586 0.5672076632138157
1.587 0.5663434780209684
1.588 0.5664325282216454
1.589 0.5657846403025611
1.59 0.5651470535169005
1.591 0.5638384093385935
1.592 0.5640226242421076
1.593 0.5642828900659184
1.594 0.5646871051066239
1.595 0.5646921319691474
1.596 0.5647944493784042
1.597 0.565826968396633
1.598 0.5650339456688707
1.599 0.5644044070239903
1.6 0.5638794429984982
1.601 0.5643806197473794
1.602 0.5658931488461622
1.603 0.5682024789874598
1.604 0.5705081898076835
1.605 0.5695007624449834
1.606 0.5682517756478194
1.607 0.5669546526729966
1.608 0.5666421960752119
1.609 0.5669461330515897
1.61 0.5680301020036206
1.611 0.5687592067829292
1.612 0.5676869786122742
1.613 0.5680572962527258
1.614 0.5691002092887285
1.615 0.5691216237227029
1.616 0.5674157946513411
1.617 0.5667455383279901
1.618 0.5677511158709085
1.619 0.5695688953464778
1.62 0.5707283077769507
1.621 0.5708925147088261
1.622 0.5696189187671648
1.623 0.5685901151956032
1.624 0.5677623112765044
1.625 0.5694687401472401
1.626 0.5718771478519884
1.627 0.5739082823902266
1.628 0.5737540609780651
1.629 0.5749851604977919
1.63 0.5748160448231066
1.631 0.5721152565137321
1.632 0.5701195987727599
1.633 0.5704110156187175
1.634 0.5720980580850208
1.635 0.573120308351196
1.636 0.5750235802011788
1.637 0.5746222054613958
1.638 0.5738048322900737
1.639 0.5722543927319305
1.64 0.5723927448850408
1.641 0.5732903139973097
1.642 0.5742114520290378
1.643 0.5735158254132846
1.644 0.5733381970168087
1.645 0.5728983826151622
1.646 0.5728187424123734
1.647 0.572154432260945
1.648 0.572226622433081
1.649 0.5710622685666942
1.65 0.5714755801166118
1.651 0.5728232986000603
1.652 0.5744579806667548
1.653 0.5741594123688604
1.654 0.5725834370465996
1.655 0.5717296635047752
1.656 0.5711468101918165
1.657 0.5708349061890207
1.658 0.5705877902625797
1.659 0.5715325700525345
1.66 0.5720764662188217
1.661 0.5713068755270347
1.662 0.5702204109614208
1.663 0.5696646994403156
1.664 0.5679994708035737
1.665 0.5669090524468411
1.666 0.5664805831110231
1.667 0.5671166730458856
1.668 0.5662892926738128
1.669 0.5654703215300102
1.67 0.5630809350794773
1.671 0.56070965785406
1.672 0.5580982680384959
1.673 0.5583385844509745
1.674 0.5606231046352692
1.675 0.5628685251547888
1.676 0.5644302299395254
1.677 0.5648103782906302
1.678 0.5649708219569396
1.679 0.5656521338433551
1.68 0.5680206369312388
1.681 0.5683948142467299
1.682 0.5677434353689034
1.683 0.5689464348349081
1.684 0.5709754536679614
1.685 0.5733384342699156
1.686 0.5736156327257592
1.687 0.572840378246016
1.688 0.5719057007149986
1.689 0.5729780591731767
1.69 0.5727240980002792
1.691 0.5734274459122981
1.692 0.574191798633456
1.693 0.575690590598164
1.694 0.5750319526843803
1.695 0.5745648565777738
1.696 0.5725140298329053
1.697 0.572506012018146
1.698 0.5720775939569394
1.699 0.5724387395333208
1.7 0.5728278695368489
1.701 0.5742573461274622
1.702 0.5738652434993458
1.703 0.5717852305479919
1.704 0.5694645810700464
1.705 0.5680998467132471
1.706 0.56822573864753
1.707 0.5684125290767499
1.708 0.5683624096537195
1.709 0.5681605948999581
1.71 0.5670926491246557
1.711 0.5663024255167304
1.712 0.5649318544737395
1.713 0.5634052636565342
1.714 0.5624370481433292
1.715 0.5628181213857111
1.716 0.5637561983294976
1.717 0.5640481553666953
1.718 0.5657119770401952
1.719 0.5657676493681826
1.72 0.5653865461045214
1.721 0.5638933778023052
1.722 0.5651412940946938
1.723 0.5662818979124454
1.724 0.5672649091915373
1.725 0.5687753143952947
1.726 0.570909617507309
1.727 0.5724712808057514
1.728 0.5706094427287823
1.729 0.5689441070284845
1.73 0.5674274265824261
1.731 0.5681272619273732
1.732 0.5687985152148122
1.733 0.569605459047054
1.734 0.5696984732072887
1.735 0.5690313563981673
1.736 0.5686086133229719
1.737 0.5685695959133227
1.738 0.5693476445471026
1.739 0.5699367126630869
1.74 0.5706037245383119
1.741 0.5707340238764558
1.742 0.5712275451112131
1.743 0.5724241061307176
1.744 0.5721206236516293
1.745 0.5712534019655146
1.746 0.5704339695053172
1.747 0.5704283571809924
1.748 0.5705591537043003
1.749 0.5718787772788638
1.75 0.5741520753695473
1.751 0.574525757588486
1.752 0.5730196910711516
1.753 0.5718903143629059
1.754 0.5711335689214674
1.755 0.5716517497009639
1.756 0.5720346719187984
1.757 0.5731085554750838
1.758 0.5723575689208824
1.759 0.572558023425249
1.76 0.5723126423440604
1.761 0.5711655129136335
1.762 0.5693828235837294
1.763 0.5690469257482388
1.764 0.5699850438456039
1.765 0.5711718368847524
1.766 0.5719428778126572
1.767 0.5721196262904308
1.768 0.5703349315821999
1.769 0.568975256834101
1.77 0.5675385959134082
1.771 0.5681111915752662
1.772 0.5681707008359769
1.773 0.56744650694598
1.774 0.5679793006200186
1.775 0.570693809934641
1.776 0.5762949385238196
1.777 0.5739753697488091
1.778 0.5694023690114774
1.779 0.5656123398436936
1.78 0.5682933617695844
1.781 0.5697534746232532
1.782 0.571452219776724
1.783 0.5728792298318182
1.784 0.5729317407837407
1.785 0.5715348864189794
1.786 0.5707201511240961
1.787 0.5711847966201404
1.788 0.5721571635358805
1.789 0.5732281349926213
1.79 0.5738701132525139
1.791 0.5739653631254198
1.792 0.573171718410034
1.793 0.5716315123413546
1.794 0.5707260565498423
1.795 0.5706148269743387
1.796 0.5698051831637753
1.797 0.5697658567226855
1.798 0.5709222754001092
1.799 0.5729652937805455
1.8 0.5729801270010626
1.801 0.5727462143624777
1.802 0.5723473224276444
1.803 0.5718983076274088
1.804 0.5717935990823328
1.805 0.5721506706842251
1.806 0.5735862478365693
1.807 0.5738843435880384
1.808 0.5741487743781258
1.809 0.5736249523828802
1.81 0.573362508943008
1.811 0.5729750091954796
1.812 0.5730032492167575
1.813 0.5740365427266947
1.814 0.5756933558704309
1.815 0.5767355799929529
1.816 0.5764208710636084
1.817 0.5757606857670334
1.818 0.5743382454549653
1.819 0.5723143182184096
1.82 0.5709189560269574
1.821 0.5708286671817789
1.822 0.5717484875681352
1.823 0.5721345455983666
1.824 0.5723645983370816
1.825 0.5718284856153519
1.826 0.5709776878422516
1.827 0.5698216239687185
1.828 0.5695004164817665
1.829 0.5692584331792906
1.83 0.5697604733806054
1.831 0.5707588202703134
1.832 0.5722202046700574
1.833 0.5718485621255442
1.834 0.5707184199420349
1.835 0.5701737467245754
1.836 0.5701610118834654
1.837 0.5702465945822492
1.838 0.5709523116143632
1.839 0.5733028223304086
1.84 0.5736049051179668
1.841 0.5723236690121896
1.842 0.5700633673805764
1.843 0.5687934206853104
1.844 0.5684947306941567
1.845 0.5695624305245456
1.846 0.571065170017763
1.847 0.5715584219168277
1.848 0.5716485914162154
1.849 0.5705530743533394
1.85 0.5694145073336407
1.851 0.5680713582110104
1.852 0.5675700626437951
1.853 0.5678573576694215
1.854 0.5688220315486479
1.855 0.5698061597467912
1.856 0.5693808845649896
1.857 0.5681814413109204
1.858 0.5666551749702019
1.859 0.5662070781115497
1.86 0.5660495835677081
1.861 0.5657143939891154
1.862 0.5666670822383065
1.863 0.5679885325442637
1.864 0.5696066262113417
1.865 0.569341661123513
1.866 0.5678873165122719
1.867 0.565951437757755
1.868 0.5656885434576165
1.869 0.5676744948128647
1.87 0.5684867412476329
1.871 0.5688572358097361
1.872 0.5684610261425098
1.873 0.5697497411525967
1.874 0.5700322402293314
1.875 0.5699083679659825
1.876 0.5691149374988702
1.877 0.5694852268931935
1.878 0.5701195318285617
1.879 0.5709881324158919
1.88 0.5715563861448362
1.881 0.5704071971583152
1.882 0.5679233162768659
1.883 0.5659626826532783
1.884 0.5652582619668167
1.885 0.5659715839719394
1.886 0.5668382022163677
1.887 0.5676678910248639
1.888 0.5672521170951461
1.889 0.5667507040638305
1.89 0.5655149858150244
1.891 0.5641517070476163
1.892 0.563716386617101
1.893 0.5634494978405845
1.894 0.5634315049877184
1.895 0.5638808822089323
1.896 0.565089941760885
1.897 0.5658941971425524
1.898 0.5647775706292815
1.899 0.563355750689936
1.9 0.5623356575036832
1.901 0.5633385801953588
1.902 0.563755181426534
1.903 0.5637637824299174
1.904 0.5638540438591888
1.905 0.5637820418094172
1.906 0.5626566769506395
1.907 0.5610178250609578
1.908 0.5608976629101713
1.909 0.5619240268420537
1.91 0.5633051839419361
1.911 0.56449800728531
1.912 0.5644904631130709
1.913 0.5646278536714346
1.914 0.5636508157280204
1.915 0.5623894509005426
1.916 0.5605531508824547
1.917 0.5601456973520896
1.918 0.5614578553218007
1.919 0.5621085381509935
1.92 0.5624077918603916
1.921 0.5614498578104979
1.922 0.5611912725419066
1.923 0.5601349839358558
1.924 0.5590282148325506
1.925 0.5577796907920209
1.926 0.5573227012727294
1.927 0.5578134518870546
1.928 0.5580992153129107
1.929 0.5580045528068572
1.93 0.5572415610931792
1.931 0.5560293768285391
1.932 0.5542235054942399
1.933 0.5524067814525992
1.934 0.5528559780869414
1.935 0.5540569310413997
1.936 0.5553103142400047
1.937 0.5549543966502132
1.938 0.5550983327991572
1.939 0.5544150088577419
1.94 0.5539898734825102
1.941 0.5536846382490559
1.942 0.554382727198508
1.943 0.5560022896874539
1.944 0.5573892836255889
1.945 0.5585064886044216
1.946 0.5587327268192367
1.947 0.5581519469919243
1.948 0.5566157318175626
1.949 0.5553529804899321
1.95 0.5557288645552192
1.951 0.5571043373688321
1.952 0.5581641881231517
1.953 0.558055932318242
1.954 0.5578414126655316
1.955 0.5574812262337596
1.956 0.5569620407796323
1.957 0.5565750141618157
1.958 0.5564754769545125
1.959 0.5564067819970335
1.96 0.5567147393868058
1.961 0.5566967034842326
1.962 0.5569783761862515
1.963 0.5565828538368098
1.964 0.5562273656742512
1.965 0.5551811540007769
1.966 0.5555781992547412
1.967 0.5567416940000344
1.968 0.5568633401103104
1.969 0.556182183301275
1.97 0.5548990790826258
1.971 0.5549166479567348
1.972 0.5543524813276198
1.973 0.554466118232746
1.974 0.5539224232069543
1.975 0.5542009600637657
1.976 0.5545573302504838
1.977 0.5549204853982324
1.978 0.5555872108637574
1.979 0.5557283904926027
1.98 0.5554879696054361
1.981 0.554482921999988
1.982 0.5542116794467496
1.983 0.5545121204889836
1.984 0.5547814606555979
1.985 0.5555050421188911
1.986 0.5559616992406536
1.987 0.5567368268872
1.988 0.5561767328853955
1.989 0.5557418574985258
1.99 0.5550542855931782
1.991 0.5551865177677241
1.992 0.5551591168517914
1.993 0.5541849650694801
1.994 0.5524707127486922
1.995 0.5493897234328946
1.996 0.5460515147525313
1.997 0.5429331724365644
1.998 0.544807484394597
1.999 0.5474461859369399
2.0 0.5491647411963368
2.001 0.5490571465291771
2.002 0.548982846840677
2.003 0.5485740272787331
2.004 0.5478001476058828
2.005 0.5483228485800005
2.006 0.5485333766142273
2.007 0.5497827817547146
2.008 0.5499905086922781
2.009 0.5496636695169461
2.01 0.5488501375573108
2.011 0.5477360491085175
2.012 0.5473124346135224
2.013 0.5474856060156913
2.014 0.5482003429432686
2.015 0.5475876892510153
2.016 0.5470381927761049
2.017 0.547178163756621
2.018 0.5472275385095668
2.019 0.5463905745490761
2.02 0.5448255020471714
2.021 0.5448744469246137
2.022 0.5465852623462513
2.023 0.5475401417106179
2.024 0.5465612925514126
2.025 0.544856605840802
2.026 0.5445965990681929
2.027 0.5440171470946689
2.028 0.5435291565910871
2.029 0.5427029470845764
2.03 0.5436583611077459
2.031 0.5450036832596273
2.032 0.545426231224481
2.033 0.5443659714521277
2.034 0.5433447865539777
2.035 0.5433224228569044
2.036 0.5431341956458603
2.037 0.5427035350105458
2.038 0.5425972019429522
2.039 0.5420949879022318
2.04 0.5408822218383472
2.041 0.539362563626313
2.042 0.5386514259997742
2.043 0.5386230606550655
2.044 0.5383693856974789
2.045 0.5380321054940427
2.046 0.5372381837410745
2.047 0.5373571755551337
2.048 0.5370848442932054
2.049 0.5366653330619434
2.05 0.5361519141021595
2.051 0.535309806652466
2.052 0.5343459196993626
2.053 0.5330144316539794
2.054 0.5337338825901156
2.055 0.5341668481793207
2.056 0.535149858353223
2.057 0.5353970949489966
2.058 0.5364978971377512
2.059 0.5368528585769304
2.06 0.5359975619235581
2.061 0.5353548231872229
2.062 0.535227157879529
2.063 0.5367614959695199
2.064 0.5368870534564413
2.065 0.5365049978116165
2.066 0.5358530878852089
2.067 0.5349394177674665
2.068 0.5348585714524444
2.069 0.5344450149873297
2.07 0.5355673809784454
2.071 0.5364748348139053
2.072 0.5383639583405754
2.073 0.538843195389408
2.074 0.5390389138896665
2.075 0.540000862434688
2.076 0.5399786459047141
2.077 0.5387290555945132
2.078 0.5367984415431801
2.079 0.5374615228520083
2.08 0.539167928836641
2.081 0.5401940093137659
2.082 0.5404449236191079
2.083 0.540307702954287
2.084 0.5409397429282008
2.085 0.5399106616478421
2.086 0.5403518446408551
2.087 0.5403831276595475
2.088 0.5415468413477911
2.089 0.5399194203098381
2.09 0.537898631200331
2.091 0.5365114120918931
2.092 0.5370692154436715
2.093 0.5380987107853888
2.094 0.5372189572100419
2.095 0.5357957267869952
2.096 0.5352192856728416
2.097 0.5365045622389405
2.098 0.5376411008105969
2.099 0.5373880970087107
2.1 0.5363617389230532
2.101 0.5357846794434182
2.102 0.535395034726276
2.103 0.5346801727618244
2.104 0.534053367661245
2.105 0.5348393925075245
2.106 0.535315692029514
2.107 0.53517737735979
2.108 0.5347237863556836
2.109 0.5351418838563428
2.11 0.5356960692084466
2.111 0.5346128635560958
2.112 0.533290864638687
2.113 0.5334219979986553
2.114 0.5344819747775239
2.115 0.534000702528601
2.116 0.5333739966340704
2.117 0.5332663944213921
2.118 0.5336824728336862
2.119 0.534274607636003
2.12 0.5349761749016486
2.121 0.5355780417043213
2.122 0.5352380145228027
2.123 0.534162205470311
2.124 0.5336209386913933
2.125 0.5345793011746477
2.126 0.5358460103121809
2.127 0.5348487188474926
2.128 0.5333075682895217
2.129 0.53239409985878
2.13 0.5333953445599185
2.131 0.5342285558181754
2.132 0.5337523319646937
2.133 0.5325737024191797
2.134 0.5308965189806986
2.135 0.5306171636546452
2.136 0.5299553626961678
2.137 0.5292532091438054
2.138 0.5277256593820829
2.139 0.5262270308027562
2.14 0.5245685166730901
2.141 0.5233809798080101
2.142 0.5236435935579092
2.143 0.5232983413686009
2.144 0.5227739321447344
2.145 0.5214508640097627
2.146 0.5211968314861024
2.147 0.5211920257855327
2.148 0.5213775726016119
2.149 0.5214021037513802
2.15 0.5207465565741445
2.151 0.519600734845206
2.152 0.5178212073765861
2.153 0.5167687256632865
2.154 0.5162840573394817
2.155 0.5163199565420962
2.156 0.5167302347526993
2.157 0.515526930282369
2.158 0.5144541019909855
2.159 0.5146202774805942
2.16 0.5152907454886638
2.161 0.5146360256680522
2.162 0.5133045359632482
2.163 0.5130340459527669
2.164 0.5117231509777123
2.165 0.5098952152500945
2.166 0.5081241244096173
2.167 0.5080750380924957
2.168 0.5082216661041038
2.169 0.5070345275892578
2.17 0.5058403695466697
2.171 0.505029718031249
2.172 0.5050337610219479
2.173 0.5045908593147526
2.174 0.5043584287191922
2.175 0.5032462616635525
2.176 0.5007816001107778
2.177 0.49790499925909204
2.178 0.49502598499343065
2.179 0.49301341282140365
2.18 0.490816017165822
2.181 0.4891417358695716
2.182 0.48796636468514976
2.183 0.4864753356863332
2.184 0.48371844738642206
2.185 0.4798948317947943
2.186 0.4769152302331731
2.187 0.4734606245752203
2.188 0.4718090908909525
2.189 0.46867023964637977
2.19 0.4669876752538214
2.191 0.463210175102878
2.192 0.46094810583186024
2.193 0.45725218933833395
2.194 0.45455136013934994
2.195 0.4507128458236039
2.196 0.4478865359977053
2.197 0.4445916696618337
2.198 0.44072545862200496
2.199 0.43652017118624725
2.2 0.43358022448043354
2.201 0.4297880847068391
2.202 0.4254131850348534
2.203 0.42052816451301916
2.204 0.4168839863074198
2.205 0.41414041991532663
2.206 0.41222839609740647
2.207 0.4099909105304126
2.208 0.4071895234888855
2.209 0.4040479358255609
2.21 0.40131728834228675
2.211 0.3999322635444404
2.212 0.39981184505461176
2.213 0.39981509791652237
2.214 0.3992138255193929
2.215 0.398130377058176
2.216 0.39817821468496223
2.217 0.39915697782343795
2.218 0.400360287431195
2.219 0.4009523439835158
2.22 0.401844552978954
2.221 0.4031037900575828
2.222 0.40389074467793107
2.223 0.4054959336520204
2.224 0.4071471727376018
2.225 0.4082739536160693
2.226 0.4082108880928046
2.227 0.4084639603745172
2.228 0.409020835109783
2.229 0.41015768261287644
2.23 0.41148373733548543
2.231 0.4120472458195989
2.232 0.41228007197217315
2.233 0.41304038614957417
2.234 0.41400258981596694
2.235 0.4146792339330537
2.236 0.415232209140903
2.237 0.4154654195016401
2.238 0.4155631778422998
2.239 0.4165423289112439
2.24 0.41770186609470167
2.241 0.4172115535456921
2.242 0.4157169771233259
2.243 0.4149896877731427
2.244 0.4161120018427515
2.245 0.4176990404298881
2.246 0.4188765979663959
2.247 0.4189170898514059
2.248 0.4176242050548751
2.249 0.4171561354081664
2.25 0.41741222110548043
2.251 0.4185164622568797
2.252 0.4182289775743266
2.253 0.4175413550695041
2.254 0.4170598646078002
2.255 0.417503806763792
2.256 0.41836840040286943
2.257 0.4181274163071518
2.258 0.41789719100870715
2.259 0.417659775677141
2.26 0.4179055902527763
2.261 0.4178868202420668
2.262 0.41861036792495887
2.263 0.41860561044730243
2.264 0.4178803870291963
2.265 0.41712142132930086
2.266 0.417839676574837
2.267 0.4186257209899632
2.268 0.41933481607477013
2.269 0.42057390736427375
2.27 0.4228858198340723
2.271 0.42544504991172977
2.272 0.42821506533853637
2.273 0.4299700956089438
2.274 0.4312222721380185
2.275 0.4324957594388421
2.276 0.434368801966046
2.277 0.4362915030935316
2.278 0.4376619381091692
2.279 0.4388614190410156
2.28 0.4394077273351036
2.281 0.4402488853829954
2.282 0.44191808297523477
2.283 0.4445959718435971
2.284 0.4468233066120552
2.285 0.44728323302446327
2.286 0.4476882202243017
2.287 0.4485943548419082
2.288 0.45030854918545254
2.289 0.45159332686830084
2.29 0.45256885754184834
2.291 0.45276899009472876
2.292 0.452784085565199
2.293 0.4537746420729883
2.294 0.45578053538798613
2.295 0.4577305503706332
2.296 0.45810514753284265
2.297 0.45815248438898504
2.298 0.4584864101938837
2.299 0.4602262157930871
2.3 0.46202124177837456
2.301 0.462559600713733
2.302 0.4628237211208928
2.303 0.4639585116254395
2.304 0.466860890525797
2.305 0.4697777758853798
2.306 0.4721089306097068
2.307 0.47332694094300737
2.308 0.4753399932155738
2.309 0.4784570990923478
2.31 0.48102761526309185
2.311 0.4829724136513972
2.312 0.4845570672112342
2.313 0.4848764777807723
2.314 0.4845334107095689
2.315 0.4844246556416664
2.316 0.48653304290798566
2.317 0.48841592035736875
2.318 0.4895761693961952
2.319 0.48962008562394416
2.32 0.4899300398038823
2.321 0.4907776713110621
2.322 0.4927013786502612
2.323 0.4941732774414238
2.324 0.49381393592688516
2.325 0.4932146105124977
2.326 0.49335869146502426
2.327 0.4934939769571342
2.328 0.49473203393852166
2.329 0.4952983220861173
2.33 0.49574351899921015
2.331 0.4947072794226708
2.332 0.4962911262576201
2.333 0.49861114051108496
2.334 0.4998816940255204
2.335 0.4991438427169214
2.336 0.498534101110961
2.337 0.49860437058824175
2.338 0.4988897542235502
2.339 0.49941045226516395
2.34 0.49925041641489143
2.341 0.49902319144304
2.342 0.4989812287467644
2.343 0.4987025451536341
2.344 0.4992086738888935
2.345 0.49878347786373034
2.346 0.4989183512512822
2.347 0.4989511685540843
2.348 0.5005864684890796
2.349 0.5023252971302068
2.35 0.5031038972919388
2.351 0.5037459771166009
2.352 0.503593258746411
2.353 0.5046166203637144
2.354 0.505439414540676
2.355 0.5069204991733346
2.356 0.5079141057955125
2.357 0.5082825316187454
2.358 0.5090376605284637
2.359 0.5099144733623178
2.36 0.5117446906072624
2.361 0.5116672481444418
2.362 0.5112779502960845
2.363 0.509824062784403
2.364 0.5097226678133395
2.365 0.5107741343590821
2.366 0.5119139026823011
2.367 0.5128265210428227
2.368 0.5125887578552922
2.369 0.5120742736969067
2.37 0.5119489801193612
2.371 0.5125888890380734
2.372 0.51325628844305
2.373 0.5124234285489876
2.374 0.5117665554632158
2.375 0.5118724215161901
2.376 0.5129325388705541
2.377 0.5127945910500951
2.378 0.5126069002358179
2.379 0.5117972486978489
2.38 0.5105411047629029
2.381 0.0
2.3819999999999997 0.0
