Microns Total_system_throughput
0.398 0.0
0.399 0.0
0.4 0.0
0.401 0.0
0.402 0.0
0.403 0.0
0.404 0.0
0.405 0.0
0.406 0.0
0.407 0.0
0.408 0.0
0.409 0.0
0.41 0.0
0.411 0.0
0.412 0.0
0.413 0.0
0.414 0.0
0.415 0.0
0.416 0.0
0.417 0.0
0.418 0.0
0.419 0.0
0.42 0.0
0.421 0.0
0.422 0.0
0.423 0.0
0.424 0.0
0.425 0.0
0.426 0.0
0.427 0.0
0.428 0.0
0.429 0.0
0.43 0.0
0.431 0.0
0.432 0.0
0.433 0.0
0.434 0.0
0.435 0.0
0.436 0.0
0.437 0.0
0.438 0.0
0.439 0.0
0.44 0.0
0.441 0.0
0.442 0.0
0.443 0.0
0.444 0.0
0.445 0.0
0.446 0.0
0.447 0.0
0.448 0.0
0.449 0.0
0.45 0.0
0.451 0.0
0.452 0.0
0.453 0.0
0.454 0.0
0.455 0.0
0.456 0.0
0.457 0.0
0.458 0.0
0.459 0.0
0.46 0.0
0.461 0.0
0.462 0.0
0.463 0.0
0.464 0.0
0.465 0.0
0.466 0.0
0.467 0.0
0.468 0.0
0.469 0.0
0.47 0.0
0.471 0.0
0.472 0.0
0.473 0.0
0.474 0.0
0.475 0.0
0.476 0.0
0.477 0.0
0.478 0.0
0.479 0.0
0.48 0.0
0.481 0.0
0.482 0.0
0.483 0.0
0.484 0.0
0.485 0.0
0.486 0.0
0.487 0.0
0.488 0.0
0.489 0.0
0.49 0.0
0.491 0.0
0.492 0.0
0.493 0.0
0.494 0.0
0.495 0.0
0.496 0.0
0.497 0.0
0.498 0.0
0.499 0.0
0.5 0.0
0.501 0.0
0.502 0.0
0.503 0.0
0.504 0.0
0.505 0.0
0.506 0.0
0.507 0.0
0.508 0.0
0.509 0.0
0.51 0.0
0.511 0.0
0.512 0.0
0.513 0.0
0.514 0.0
0.515 0.0
0.516 0.0
0.517 0.0
0.518 0.0
0.519 0.0
0.52 0.0
0.521 0.0
0.522 0.0
0.523 0.0
0.524 0.0
0.525 1.9483759176457986e-07
0.526 8.244683984020731e-07
0.527 1.430769000310402e-06
0.528 1.8108314752040753e-06
0.529 1.8609858988837344e-06
0.53 1.7162835657736447e-06
0.531 1.6011756143019127e-06
0.532 1.5671491928241323e-06
0.533 1.6061806277917174e-06
0.534 1.6773050962892464e-06
0.535 1.9232442841990695e-06
0.536 2.369754974911719e-06
0.537 3.139240319383735e-06
0.538 4.330065741546479e-06
0.539 6.582596153197054e-06
0.54 1.0248447191659577e-05
0.541 1.4562966521007679e-05
0.542 1.6973547137953005e-05
0.543 1.6202084395509873e-05
0.544 1.2915362648611725e-05
0.545 9.369300086925428e-06
0.546 6.632456959172408e-06
0.547 5.067382175286727e-06
0.548 4.220052520849191e-06
0.549 3.7971228812539866e-06
0.55 3.7548288965781858e-06
0.551 4.04584594299507e-06
0.552 4.4652419241227165e-06
0.553 5.02595828441416e-06
0.554 5.682740418961172e-06
0.555 6.30436387649268e-06
0.556 6.496906106374631e-06
0.557 6.576846512117333e-06
0.558 5.616514459156625e-06
0.559 3.9535792186574165e-06
0.56 3.915110560833286e-06
0.561 4.4342216185918745e-06
0.562 4.222377488417345e-06
0.563 3.927153639341395e-06
0.564 4.344551726784231e-06
0.565 4.945537685927763e-06
0.566 5.467860794447107e-06
0.567 5.547056316879114e-06
0.568 5.818958255247338e-06
0.569 6.107379045903959e-06
0.57 6.015957371863236e-06
0.571 6.3490009958477665e-06
0.572 7.513918200505092e-06
0.573 8.937255901689581e-06
0.574 9.713900116690703e-06
0.575 1.0835609796665744e-05
0.576 1.3051986923490274e-05
0.577 1.496774088581659e-05
0.578 1.5744454063803755e-05
0.579 1.6482411992233897e-05
0.58 1.828327276363445e-05
0.581 2.249659004782931e-05
0.582 3.033678355106513e-05
0.583 4.55704317385863e-05
0.584 8.128299547780815e-05
0.585 0.00016716155845531965
0.586 0.00031017188473007174
0.587 0.00041801463962218657
0.588 0.00039287952225969177
0.589 0.00025830450253066465
0.59 0.0001370982597954783
0.591 7.737472975737014e-05
0.592 5.397263132648731e-05
0.593 4.145100288574017e-05
0.594 3.456579136599747e-05
0.595 3.383537213393325e-05
0.596 3.1709741025346896e-05
0.597 3.259715113949538e-05
0.598 3.541592662875373e-05
0.599 3.684387021447206e-05
0.6 4.0013534014873375e-05
0.601 4.468467975808142e-05
0.602 5.191306018342233e-05
0.603 6.339072894062582e-05
0.604 7.729510435911472e-05
0.605 8.974624192577929e-05
0.606 0.00010335961893985622
0.607 0.00011551313752491469
0.608 0.00011889863712577212
0.609 0.00011501192522650724
0.61 0.00010612235577862487
0.611 9.401571394301114e-05
0.612 7.969660491262145e-05
0.613 6.785896080874048e-05
0.614 5.814410659303436e-05
0.615 5.2335709815119354e-05
0.616 4.744165317814781e-05
0.617 4.4780182112699515e-05
0.618 4.4297108218763004e-05
0.619 4.132589469347509e-05
0.62 3.848217228115426e-05
0.621 3.6748172555332044e-05
0.622 4.1143692796737664e-05
0.623 4.427920046896446e-05
0.624 4.934708354619891e-05
0.625 5.877315772288721e-05
0.626 7.272526659922432e-05
0.627 9.506797996528209e-05
0.628 0.00013340057075220528
0.629 0.00019662486147552834
0.63 0.0002935887424613379
0.631 0.00041484969580182714
0.632 0.0005054859574807185
0.633 0.0005111129070296657
0.634 0.000435265862617072
0.635 0.0003387980647369805
0.636 0.0002631764245394018
0.637 0.00021972607010853297
0.638 0.00019812929785656907
0.639 0.00019169029675563604
0.64 0.00020274635323357129
0.641 0.00022424359693396453
0.642 0.00025499013022261716
0.643 0.0002873934344651519
0.644 0.0003137655507861882
0.645 0.00031780450137015826
0.646 0.00029002023718878103
0.647 0.0002420337330057673
0.648 0.00018970700095391976
0.649 0.00015094586410175734
0.65 0.000122584934372149
0.651 0.0001011083781577137
0.652 8.751698542238594e-05
0.653 8.433851975041143e-05
0.654 8.346561931883158e-05
0.655 8.609268495450264e-05
0.656 9.309247848921733e-05
0.657 0.00010949739987515434
0.658 0.00012924149606763065
0.659 0.00015582182890844305
0.66 0.0001877551833267749
0.661 0.00022095560739078722
0.662 0.00023353853650952733
0.663 0.00022290976731139574
0.664 0.00019964993006840864
0.665 0.000175720628547139
0.666 0.00015139245974430537
0.667 0.0001307735649779334
0.668 0.00012109399947221333
0.669 0.00011587803735654522
0.67 0.00011480527632396482
0.671 0.0001158511090660897
0.672 0.00012856668698626257
0.673 0.00014902226745101336
0.674 0.00017707915299707762
0.675 0.00020374452450026373
0.676 0.00022946350143009112
0.677 0.000245094033410878
0.678 0.00025134895782615507
0.679 0.00024054863118454974
0.68 0.0002148141099418811
0.681 0.0001786211809365114
0.682 0.0001509699393562676
0.683 0.00014122086779338748
0.684 0.000136502416768994
0.685 0.00013119741000504554
0.686 0.00012711713457055996
0.687 0.00013103270988286576
0.688 0.00013827489276805
0.689 0.00014355931923487313
0.69 0.00015443296927107256
0.691 0.0001649078015288167
0.692 0.00016624084021965273
0.693 0.00015845446463251062
0.694 0.00014691360934290253
0.695 0.0001324061340416297
0.696 0.00011357645825296858
0.697 0.0001004622435045765
0.698 9.190223298966799e-05
0.699 8.536263584201627e-05
0.7 7.92842714388095e-05
0.701 7.204171133369028e-05
0.702 6.851285883431201e-05
0.703 7.23377630426333e-05
0.704 8.368060596727679e-05
0.705 9.788530272860858e-05
0.706 0.00011561181883871473
0.707 0.00013604174200763653
0.708 0.00016186949471609101
0.709 0.0002045697023675775
0.71 0.0002849948966072217
0.711 0.00041779003640173235
0.712 0.0006182854095219257
0.713 0.0008914275966700235
0.714 0.0012605890923489094
0.715 0.0016382205330261583
0.716 0.0018653002465426087
0.717 0.0017601376899022214
0.718 0.0014168907411479718
0.719 0.0010316546583966043
0.72 0.0007279745864111592
0.721 0.0005029945681910144
0.722 0.0003475522309931802
0.723 0.0002579008044311521
0.724 0.00018877199277549586
0.725 0.00014366543327060894
0.726 0.00011491741339686805
0.727 9.681263160649084e-05
0.728 7.82252156446795e-05
0.729 6.050051458966272e-05
0.73 5.534261855131732e-05
0.731 5.275908875327987e-05
0.732 4.987747378615244e-05
0.733 4.560100488079057e-05
0.734 5.022913484716612e-05
0.735 5.221853017217763e-05
0.736 4.7138391783796765e-05
0.737 4.9587386401393464e-05
0.738 6.085631980654572e-05
0.739 7.668209579284087e-05
0.74 8.436064953997137e-05
0.741 0.00010538385020137816
0.742 0.00013910333449628686
0.743 0.00020057597001759534
0.744 0.0002992298576081793
0.745 0.00045466264352341716
0.746 0.0006801698968537139
0.747 0.0009756826038600469
0.748 0.0012826754785942337
0.749 0.001504489792084499
0.75 0.001598323041807623
0.751 0.0016608385689924434
0.752 0.0019454676945776862
0.753 0.002632699817232229
0.754 0.003394610902678815
0.755 0.0033912667436128328
0.756 0.00240517487105682
0.757 0.0011867319139558382
0.758 0.00048711801774664176
0.759 0.00023972069384248064
0.76 0.00013666389468409033
0.761 7.724473652650756e-05
0.762 4.6300363138263865e-05
0.763 3.757516447237246e-05
0.764 2.6095820352455552e-05
0.765 1.4717687087676584e-05
0.766 1.416789166883745e-05
0.767 1.5136591244897265e-05
0.768 1.48597737852485e-05
0.769 1.0197488511834125e-05
0.77 1.0587734586556553e-05
0.771 8.855146762938964e-06
0.772 1.1167235376015694e-05
0.773 1.0809822576526317e-05
0.774 4.864779187067102e-06
0.775 6.3677296846763615e-06
0.776 9.219349218091223e-06
0.777 1.680007685836174e-05
0.778 6.539088897018396e-06
0.779 7.595146377449528e-06
0.78 1.0630095532326566e-05
0.781 1.5706080093959607e-05
0.782 8.951405722182357e-06
0.783 1.7313072859466133e-05
0.784 1.734555059147203e-05
0.785 1.339434014627266e-05
0.786 1.1559835874709891e-05
0.787 1.8028784446209867e-05
0.788 2.8043082470051186e-05
0.789 5.196998678801951e-05
0.79 0.00010195829185226514
0.791 0.0001553584701878405
0.792 0.00018042347746050343
0.793 0.00014847576407842557
0.794 9.869592831652622e-05
0.795 6.612187789297395e-05
0.796 4.865489957332478e-05
0.797 -8.372482553175739e-05
0.798 0.00034488398757606746
0.799 0.0010033040900820156
0.8 0.0021289758927766234
0.801 0.0015673693647459616
0.802 0.002326846111507844
0.803 0.0020838225902353796
0.804 0.0021246405756192143
0.805 0.00044645613165925004
0.806 0.0001720213084724755
0.807 0.0007814900792490747
0.808 0.001788565806624686
0.809 0.0019875274859637746
0.81 0.0009683211559637167
0.811 0.0012296591022747288
0.812 0.0011475307484028888
0.813 0.0016703145435900423
0.814 0.0015920314919520044
0.815 0.001779646820356143
0.816 0.0012466975923071388
0.817 0.001400361149529036
0.818 0.0013021927900118363
0.819 0.0010495992502451504
0.82 0.0014551047272246456
0.821 0.002362434117161597
0.822 0.001977165349546772
0.823 0.0005902968677737714
0.824 -0.00037159141383561584
0.825 0.0002498896833298569
0.826 0.0015696856429773221
0.827 0.001939744873481088
0.828 0.0008655351038391412
0.829 5.389949751051832e-06
0.83 0.0005628025261674516
0.831 0.001082535706453545
0.832 0.0013937540257344806
0.833 0.0012247833171226668
0.834 0.0011950178062123036
0.835 0.0010878554193240893
0.836 0.0011579600754257355
0.837 0.0010773305535296512
0.838 0.0013479203484709546
0.839 0.001392303814438303
0.84 0.0011227671913886159
0.841 0.000915817931478543
0.842 0.0010998878233457546
0.843 0.0009642969667373165
0.844 0.0008310538843504933
0.845 0.0007506287960336184
0.846 0.0009369491424519144
0.847 0.0012938978633354036
0.848 0.0014295896113305508
0.849 0.0010576332887879826
0.85 0.0009212497047560945
0.851 0.001183664347841483
0.852 0.0013717403267021675
0.853 0.0013977137670403695
0.854 0.0016257766045608814
0.855 0.001089273415485855
0.856 0.000611945930432956
0.857 0.0003812502919588442
0.858 0.0009848102457730961
0.859 0.0012337376462408882
0.86 0.0016617800614170603
0.861 0.0010931753957784285
0.862 0.0008734688430884841
0.863 0.0006112344404720166
0.864 0.001124355165275986
0.865 0.001191041638110564
0.866 0.0013278650611782653
0.867 0.0007563554694368355
0.868 0.0009244837444022749
0.869 0.0012425135907060737
0.87 0.0014902742866289812
0.871 0.0011769889254888203
0.872 0.0013281375106517315
0.873 0.0013333140917816612
0.874 0.0011561919582782506
0.875 0.0011425936901532352
0.876 0.0012722174441447485
0.877 0.0013031683820284212
0.878 0.0012232062779064447
0.879 0.0011730120538338224
0.88 0.0010629497234913665
0.881 0.0009199972091888539
0.882 0.0008921051223863296
0.883 0.000942707543996313
0.884 0.0008427670456916205
0.885 0.0006906054977511303
0.886 0.000772077935833275
0.887 0.0009644893415754651
0.888 0.0008381080470206394
0.889 0.0006905421481463715
0.89 0.0008845248493948755
0.891 0.0010243284876638153
0.892 0.00099836101963428
0.893 0.0010477485597102493
0.894 0.001164980671843004
0.895 0.0011973775384629336
0.896 0.0011864736658728622
0.897 0.0011223908683027294
0.898 0.0010988425013248085
0.899 0.0011017891458306984
0.9 0.0011679521043030001
0.901 0.001293129651493181
0.902 0.001335682378224818
0.903 0.001294566183232337
0.904 0.001237377160144262
0.905 0.0012286251472104729
0.906 0.0010884101018380353
0.907 0.0009422629813700875
0.908 0.0009705843771545706
0.909 0.0010369298219742775
0.91 0.0009521744281232662
0.911 0.0008040929660982475
0.912 0.0008344960294385563
0.913 0.0009911541010969693
0.914 0.0009515026453780948
0.915 0.0008301164575462031
0.916 0.000666207279517205
0.917 0.0005298681676646349
0.918 0.0005482500453287037
0.919 0.0006992098029417166
0.92 0.0007921343145532746
0.921 0.0007461024096236199
0.922 0.0007072114246198621
0.923 0.000802260460976418
0.924 0.000951106893363105
0.925 0.0010616169822685758
0.926 0.0010736855973576508
0.927 0.0012323861908687663
0.928 0.0014016577521857884
0.929 0.0015476589501935405
0.93 0.0015850178892087342
0.931 0.0016937094560156862
0.932 0.0019092267054710878
0.933 0.002115443965073035
0.934 0.0022173389624439194
0.935 0.0022735685179658023
0.936 0.0023956915491700746
0.937 0.0025509184586434306
0.938 0.0026746630715071967
0.939 0.0027727815760046773
0.94 0.002805033960566729
0.941 0.0028015010458335163
0.942 0.0028016609303758676
0.943 0.002853139636286022
0.944 0.0028141895656336935
0.945 0.0027659608826736443
0.946 0.002703208572607772
0.947 0.0026264148028626046
0.948 0.002515657588792487
0.949 0.0024222616909257166
0.95 0.0023149674306697098
0.951 0.0021997786448402757
0.952 0.002135608752962372
0.953 0.0020529573510616205
0.954 0.0019276783831516106
0.955 0.0018492577703031032
0.956 0.0017997725307876311
0.957 0.0017385784354915716
0.958 0.0016775862716773783
0.959 0.0016663666927940444
0.96 0.0016614321223565195
0.961 0.001707220662911094
0.962 0.0018181420577898571
0.963 0.0019547344253887495
0.964 0.0020360237121601443
0.965 0.002182658112698008
0.966 0.002402587122465489
0.967 0.0026661605845892896
0.968 0.0029462416872051114
0.969 0.003321067297309831
0.97 0.0038464404936362044
0.971 0.004439591407006203
0.972 0.005140815979784857
0.973 0.006013872588106427
0.974 0.00709600837289389
0.975 0.008319661664423631
0.976 0.0098894646065605
0.977 0.01175869560587706
0.978 0.013971279579491222
0.979 0.016524426769785917
0.98 0.019757865789784265
0.981 0.023307916075291205
0.982 0.02751270108775977
0.983 0.03225694318113978
0.984 0.03765205335221191
0.985 0.04407221447669643
0.986 0.050816367835342706
0.987 0.058128206005587386
0.988 0.06590619447199855
0.989 0.0751595922623437
0.99 0.084821459450691
0.991 0.09478892414334213
0.992 0.10660890280921216
0.993 0.11803780754360434
0.994 0.12948719452382834
0.995 0.1409990358545618
0.996 0.15481531928451667
0.997 0.16845598216479013
0.998 0.18225630180390087
0.999 0.19584019282223938
1.0 0.20840075989141912
1.001 0.22064390838149955
1.002 0.2330235832235585
1.003 0.24556305482824548
1.004 0.2581322671003244
1.005 0.269380409932482
1.006 0.2797828095857728
1.007 0.28849399373100504
1.008 0.2975565921206383
1.009 0.3057975461877096
1.01 0.3136879389362662
1.011 0.32181403960412636
1.012 0.32880119667849594
1.013 0.33534261138916255
1.014 0.3410156712281147
1.015 0.3465230481622513
1.016 0.35014121627263206
1.017 0.3538634203771898
1.018 0.3582894198784837
1.019 0.3623621158355094
1.02 0.36650812239154895
1.021 0.3703056933825759
1.022 0.37345698650393483
1.023 0.37502190546644776
1.024 0.37660957140854656
1.025 0.37760352368384265
1.026 0.37836933167761516
1.027 0.3797878572475526
1.028 0.38200848933418585
1.029 0.3840130664625937
1.03 0.38549440562031284
1.031 0.38706926671335423
1.032 0.38820033626018574
1.033 0.38873130917578824
1.034 0.3902226123943507
1.035 0.3914752552823932
1.036 0.3929394330813921
1.037 0.3944682655316947
1.038 0.395503435026389
1.039 0.3954393553925356
1.04 0.3949541006512087
1.041 0.39522395680061273
1.042 0.3957503519242592
1.043 0.39762041288180033
1.044 0.3993999879709663
1.045 0.39985657904106475
1.046 0.4000807070114023
1.047 0.40056193445340726
1.048 0.40173243837658046
1.049 0.4018808398557493
1.05 0.401690061720683
1.051 0.4016982286486774
1.052 0.402723127692438
1.053 0.40431508866402227
1.054 0.404687138999449
1.055 0.4041766542169848
1.056 0.40301139570204175
1.057 0.40267802729755636
1.058 0.4028964929647374
1.059 0.4032821285527203
1.06 0.404081798562588
1.061 0.4044600808454057
1.062 0.4049289969775775
1.063 0.4051891479664788
1.064 0.40517297187974766
1.065 0.40486743493564675
1.066 0.40509101446658524
1.067 0.4062208919596248
1.068 0.4070786946632827
1.069 0.40782037473508026
1.07 0.4071293833876225
1.071 0.4067036853869748
1.072 0.4063856167193741
1.073 0.4071219365338395
1.074 0.40822055809264207
1.075 0.40992079959949984
1.076 0.412131537998702
1.077 0.4139194888905497
1.078 0.415476323385075
1.079 0.4164657018634337
1.08 0.41812882888134534
1.081 0.41960851891211653
1.082 0.4205458400383384
1.083 0.42108946843041906
1.084 0.42200922050678696
1.085 0.42360394055799416
1.086 0.42518782901567664
1.087 0.4267691799988485
1.088 0.4273110349651317
1.089 0.42700358701840324
1.09 0.42668162074118365
1.091 0.42816939730301745
1.092 0.4307816462010872
1.093 0.4323909243907807
1.094 0.43298790695504613
1.095 0.4326413883367328
1.096 0.43273497673020533
1.097 0.4328614484119444
1.098 0.4337356291770682
1.099 0.4347848688993187
1.1 0.4356380989314934
1.101 0.43661278104559925
1.102 0.4372553524273492
1.103 0.4375252259739271
1.104 0.4375272748120592
1.105 0.4375174374698678
1.106 0.4378367257665905
1.107 0.4385446552854338
1.108 0.44003109362546183
1.109 0.44018808444576296
1.11 0.44017660908806366
1.111 0.44018344334394927
1.112 0.44050438631662814
1.113 0.4403960184708945
1.114 0.4405849988019449
1.115 0.4415462187791842
1.116 0.44192727522147374
1.117 0.4424026715320226
1.118 0.44283439018228027
1.119 0.44292671989731425
1.12 0.4419257519913919
1.121 0.4409499399785485
1.122 0.4407786857275309
1.123 0.4402996868550166
1.124 0.44035378866998187
1.125 0.4413534988650198
1.126 0.4421700417589541
1.127 0.44166296415029394
1.128 0.44072150934893994
1.129 0.44028975504253276
1.13 0.4408767573240754
1.131 0.4424636106771938
1.132 0.4432631330240155
1.133 0.44303150132250113
1.134 0.4427050539032021
1.135 0.4427044345948957
1.136 0.4433772659978632
1.137 0.44413746392347725
1.138 0.4449583492169358
1.139 0.4452613090417297
1.14 0.44661303135029556
1.141 0.4487320151750192
1.142 0.45094792499315806
1.143 0.45237707010305933
1.144 0.45250865396442297
1.145 0.45266310096678697
1.146 0.453613258791191
1.147 0.45526167332586387
1.148 0.4573272847479927
1.149 0.4578748375802857
1.15 0.45838533709302764
1.151 0.45894846723513855
1.152 0.46026146444388655
1.153 0.46093757748270114
1.154 0.4615151099602218
1.155 0.46239915929443043
1.156 0.4630556423022891
1.157 0.4644771381484327
1.158 0.46582341327980664
1.159 0.46703885443777204
1.16 0.46667383129262224
1.161 0.46644156543813353
1.162 0.4668489885705361
1.163 0.46821601588792006
1.164 0.46923266101037686
1.165 0.4700481285173921
1.166 0.4703291231605683
1.167 0.47030466680527105
1.168 0.46983725889475786
1.169 0.4701197217745568
1.17 0.4699700634192292
1.171 0.4697235043194799
1.172 0.4690088845085
1.173 0.4692979277442912
1.174 0.4688937370698584
1.175 0.4677887847954502
1.176 0.4655191504015148
1.177 0.46280980315839143
1.178 0.46033435377871884
1.179 0.45711972235283704
1.18 0.45342344229220793
1.181 0.4491213207556407
1.182 0.44335696073599873
1.183 0.4356632465786168
1.184 0.42567169487274575
1.185 0.41588209277036836
1.186 0.40476106101836384
1.187 0.392294629289595
1.188 0.37826572941652836
1.189 0.3650141901666068
1.19 0.3522961295670811
1.191 0.33812121062228606
1.192 0.32403836242743606
1.193 0.31056756390855705
1.194 0.2986043671646813
1.195 0.28833068247381277
1.196 0.2799619122073225
1.197 0.27393478657303083
1.198 0.27182536275419217
1.199 0.2726862029809875
1.2 0.27460792875887896
1.201 0.2778123701827756
1.202 0.2838194556035024
1.203 0.292660275012211
1.204 0.3030765131263977
1.205 0.31446267261587607
1.206 0.32767931624435936
1.207 0.341315699261335
1.208 0.35511070685953494
1.209 0.3693797492702957
1.21 0.385361203302296
1.211 0.4001330216834811
1.212 0.4132847496665052
1.213 0.426258860666527
1.214 0.4377827720542264
1.215 0.4475344668604469
1.216 0.45569854822714617
1.217 0.46363759239215535
1.218 0.4710460812685999
1.219 0.4767708018867532
1.22 0.4803367161199125
1.221 0.48236912395024123
1.222 0.48432856048544237
1.223 0.48645220912807535
1.224 0.4870412491056269
1.225 0.48754120925987793
1.226 0.48796989915025707
1.227 0.4891348127520337
1.228 0.48964007826689765
1.229 0.4896311526319565
1.23 0.4889825018583305
1.231 0.48825637294780766
1.232 0.48875175077642
1.233 0.48973360283329304
1.234 0.49046789275730523
1.235 0.4904780541507784
1.236 0.49042911283509516
1.237 0.49084743755840704
1.238 0.49080366028555916
1.239 0.49064194877314904
1.24 0.4906607951302658
1.241 0.4914892459086729
1.242 0.4925393144034384
1.243 0.4930891984423749
1.244 0.4933986377193778
1.245 0.49274133277698656
1.246 0.4928477759251609
1.247 0.492623598535908
1.248 0.4929283343022776
1.249 0.4935734931950494
1.25 0.49447232268431257
1.251 0.4948503962254733
1.252 0.49497112023207995
1.253 0.4953846390382663
1.254 0.4950154000907165
1.255 0.49504485996452624
1.256 0.49495893667535956
1.257 0.495058173295402
1.258 0.4953451893056307
1.259 0.496127167664483
1.26 0.496897202673512
1.261 0.4972257016872501
1.262 0.4972816566927551
1.263 0.49706938946405355
1.264 0.49723596109050716
1.265 0.4980774507891562
1.266 0.4988767407267113
1.267 0.4996062866037107
1.268 0.4993845069299384
1.269 0.4988260807653059
1.27 0.4983022009280825
1.271 0.49867214830313455
1.272 0.49889820525269757
1.273 0.4989601105434183
1.274 0.4991051903722385
1.275 0.4993644321753471
1.276 0.4996009020110659
1.277 0.500049037810783
1.278 0.5000393480667651
1.279 0.49926344103526293
1.28 0.49857731883799705
1.281 0.4991486911519429
1.282 0.49982073038535035
1.283 0.5005506975240449
1.284 0.500808261993905
1.285 0.5011192082529664
1.286 0.5006250790252402
1.287 0.49998470424735697
1.288 0.4996572905886373
1.289 0.4996106588707368
1.29 0.49933099205129305
1.291 0.49906925984605427
1.292 0.4995216388271494
1.293 0.49984266126256927
1.294 0.4995094894259145
1.295 0.4981841668636765
1.296 0.49708307852921646
1.297 0.49812624928777927
1.298 0.5004891656939798
1.299 0.5029355406803917
1.3 0.5033093350723015
1.301 0.5029315182849096
1.302 0.5015397017238586
1.303 0.5010602197714078
1.304 0.50080283040439
1.305 0.5014166925466126
1.306 0.5016088411906062
1.307 0.5019478311250125
1.308 0.5019654739683653
1.309 0.502742970142572
1.31 0.5030908028186923
1.311 0.5040627436697496
1.312 0.5046669241761496
1.313 0.5052475904950717
1.314 0.5058620748138933
1.315 0.5075672668294783
1.316 0.5088477144335962
1.317 0.508985571934095
1.318 0.5085872479544145
1.319 0.5094542480382929
1.32 0.5104746145014929
1.321 0.5108481291017644
1.322 0.5101057608022875
1.323 0.5106871253537465
1.324 0.512037139676801
1.325 0.5132760873242592
1.326 0.513205716760898
1.327 0.5126301643290574
1.328 0.5120650618234008
1.329 0.5118517561545018
1.33 0.5128967365042018
1.331 0.5142572515090529
1.332 0.5153014556503608
1.333 0.5150991851088201
1.334 0.5143520487383098
1.335 0.5134809491208385
1.336 0.513807261787508
1.337 0.5151188171303716
1.338 0.5160060244153439
1.339 0.5162479806232994
1.34 0.5166053626617247
1.341 0.517343153906007
1.342 0.5181706282335704
1.343 0.518532125112779
1.344 0.5184862623236143
1.345 0.5182880248216466
1.346 0.5184603425055349
1.347 0.5191456489010131
1.348 0.5207654737155265
1.349 0.521901627504186
1.35 0.5213677002223108
1.351 0.520250120131063
1.352 0.5197932890659521
1.353 0.5202382021671791
1.354 0.5220285990563974
1.355 0.5231498554127156
1.356 0.5229956591515516
1.357 0.5228165879470266
1.358 0.5235845390389235
1.359 0.5232341651962199
1.36 0.522002504271097
1.361 0.5213223679050115
1.362 0.5222283882635772
1.363 0.5235091612141463
1.364 0.5244570192087028
1.365 0.5240538230592533
1.366 0.522946216179934
1.367 0.5207143445003166
1.368 0.5193146361294352
1.369 0.5190627781598525
1.37 0.5199551902333577
1.371 0.5201502686903715
1.372 0.5190594879991389
1.373 0.5167861027490119
1.374 0.5143047285157992
1.375 0.5129501299104775
1.376 0.512426626072953
1.377 0.5116345624054838
1.378 0.5099427623976899
1.379 0.5084177392486355
1.38 0.50758572937338
1.381 0.5064096075645538
1.382 0.5050967451339073
1.383 0.5035930262467668
1.384 0.5021309296703275
1.385 0.5017499239885591
1.386 0.5025468326181802
1.387 0.5031687045627788
1.388 0.5025683965813146
1.389 0.5021606823548723
1.39 0.502248378915701
1.391 0.5029531144485462
1.392 0.5030168869272683
1.393 0.5041232727730867
1.394 0.5057198013825207
1.395 0.5073566042908395
1.396 0.5073307923075782
1.397 0.5076121800342098
1.398 0.5085352861807406
1.399 0.5095899544837801
1.4 0.5104698858855837
1.401 0.5116450925189922
1.402 0.5126651276963364
1.403 0.5132633426444115
1.404 0.5140859819081532
1.405 0.5146724704354385
1.406 0.5143374843851934
1.407 0.5146316817069324
1.408 0.5158813107677418
1.409 0.5174139237071959
1.41 0.5183255131889253
1.411 0.5197623297670175
1.412 0.5214470944301236
1.413 0.5225761594858034
1.414 0.5231089299269743
1.415 0.5228513818804502
1.416 0.5235928428827631
1.417 0.5253159722748603
1.418 0.5267793559444269
1.419 0.526968940453012
1.42 0.5258688799951466
1.421 0.5251699174672199
1.422 0.5237330702666921
1.423 0.5225391478201745
1.424 0.5203099606911895
1.425 0.5181753361003228
1.426 0.5157880520421149
1.427 0.5128461975598402
1.428 0.5085788280665258
1.429 0.503573158460517
1.43 0.4988244993219407
1.431 0.49289067691630284
1.432 0.4861459449097817
1.433 0.4794766125271344
1.434 0.47255603898323817
1.435 0.4648201405585374
1.436 0.45579985934373607
1.437 0.4483622586341844
1.438 0.4393035924421383
1.439 0.4289932914145114
1.44 0.417239298610471
1.441 0.40742036355517147
1.442 0.39801415981689564
1.443 0.3874659259038842
1.444 0.37624643980335365
1.445 0.3653464923474249
1.446 0.3546511553987192
1.447 0.34523727838352974
1.448 0.3367754730653858
1.449 0.3298467538239532
1.45 0.32285966426006696
1.451 0.3171981556920929
1.452 0.31211784954900484
1.453 0.3076645416509987
1.454 0.30507050545368725
1.455 0.3045877876880434
1.456 0.30592880458062455
1.457 0.3078812546997835
1.458 0.31171729421883615
1.459 0.3175746842434495
1.46 0.3252024257985517
1.461 0.33353154141457714
1.462 0.3424706334317625
1.463 0.3530769840108962
1.464 0.36509659389950294
1.465 0.3799903407517088
1.466 0.39470854547112233
1.467 0.4097442163963615
1.468 0.4219219957317429
1.469 0.4350831892909536
1.47 0.4481859170267506
1.471 0.4621014949551223
1.472 0.4763470117885201
1.473 0.4892066995621206
1.474 0.5017173885602364
1.475 0.5110641769311421
1.476 0.52056795825943
1.477 0.5273382962711696
1.478 0.5335523584225119
1.479 0.5384461957666743
1.48 0.543880220941495
1.481 0.5479142576499625
1.482 0.5512230563126183
1.483 0.5541433904141863
1.484 0.556618955642521
1.485 0.5568794071890708
1.486 0.5568355406050688
1.487 0.5560299650246044
1.488 0.5567467252124271
1.489 0.5576615286199077
1.49 0.5594912635545449
1.491 0.5603470168871113
1.492 0.5605238254645181
1.493 0.5599187332657476
1.494 0.5584914042468101
1.495 0.5576258784523659
1.496 0.5571611256590968
1.497 0.5586186292391673
1.498 0.5593771077674466
1.499 0.5602190471354225
1.5 0.5596706615714198
1.501 0.5597101085198866
1.502 0.5596219440913162
1.503 0.5593653021634332
1.504 0.5594317547665809
1.505 0.5607472517103486
1.506 0.5625339075583107
1.507 0.5627641577584053
1.508 0.5633707890847411
1.509 0.5639731350164039
1.51 0.5639792010620802
1.511 0.5641386307350459
1.512 0.5644944591229945
1.513 0.5653849151172148
1.514 0.5662433799882632
1.515 0.5670993218525167
1.516 0.5679764309659633
1.517 0.5684771779017576
1.518 0.5683411938214021
1.519 0.566738454821679
1.52 0.5659187213050932
1.521 0.5657014879155174
1.522 0.5663909819351142
1.523 0.5683660338924869
1.524 0.5697897450817911
1.525 0.5694733956631317
1.526 0.5693045599555171
1.527 0.5694012334431673
1.528 0.5709081959734714
1.529 0.571215222839867
1.53 0.5721546278268269
1.531 0.5721538951500684
1.532 0.573122151569279
1.533 0.5731952854939907
1.534 0.5726249778208935
1.535 0.572295382096008
1.536 0.5721405911728998
1.537 0.5727541845548856
1.538 0.5738954967077963
1.539 0.5749786041630504
1.54 0.5750846861537628
1.541 0.5746840269775247
1.542 0.574119657396325
1.543 0.5723730016968255
1.544 0.5713771990129911
1.545 0.5711040840917188
1.546 0.572886416528595
1.547 0.5732907403315353
1.548 0.5740141210406497
1.549 0.5737913525052954
1.55 0.5734624248222941
1.551 0.5725532030150171
1.552 0.5726486811545345
1.553 0.5735834699510957
1.554 0.574012565237211
1.555 0.5752801257765673
1.556 0.5763375855105997
1.557 0.5760667902195985
1.558 0.5744016037213004
1.559 0.5730101770385245
1.56 0.5731486678582275
1.561 0.5739291529762036
1.562 0.5747290322933644
1.563 0.5755758887289241
1.564 0.5768862923730002
1.565 0.5768356948122806
1.566 0.574681504211339
1.567 0.5731867588042668
1.568 0.5726989879158617
1.569 0.5730307098769721
1.57 0.5732738648371886
1.571 0.5737215030486392
1.572 0.5746539029582995
1.573 0.5747237111859564
1.574 0.5741140543935825
1.575 0.5729231091300285
1.576 0.5727329947891959
1.577 0.5729608731824617
1.578 0.5735622034963441
1.579 0.5746362003560139
1.58 0.5756839077485589
1.581 0.5763701069811804
1.582 0.5739856310984506
1.583 0.5723235217725253
1.584 0.5725199901828928
1.585 0.5740046738925227
1.586 0.5730220673395584
1.587 0.5721739538387138
1.588 0.5722888714857622
1.589 0.5716592235882881
1.59 0.5710399435349999
1.591 0.5697425394285037
1.592 0.5699535934396922
1.593 0.570241534227549
1.594 0.5706749902229753
1.595 0.5707050597964681
1.596 0.5708334772856144
1.597 0.5719021094838855
1.598 0.5711256269135344
1.599 0.5705143446516854
1.6 0.5700087346450694
1.601 0.5705404352165463
1.602 0.5720946327439758
1.603 0.5744545502351338
1.604 0.5768110310714754
1.605 0.5758178459235074
1.606 0.5745803385400919
1.607 0.573294062564298
1.608 0.5730034084331982
1.609 0.5733360844925514
1.61 0.5744576634775428
1.611 0.5752204612726516
1.612 0.5741614645701009
1.613 0.5745614520063926
1.614 0.5756418167909585
1.615 0.5756890065065402
1.616 0.5739889632030567
1.617 0.5733364000776762
1.618 0.5743791923577978
1.619 0.5762438131199485
1.62 0.5774425030489588
1.621 0.5776343571118293
1.622 0.5763713967915352
1.623 0.5753560448427569
1.624 0.574544018532181
1.625 0.5762965531660564
1.626 0.5787596872418035
1.627 0.580841226612631
1.628 0.5807111136354486
1.629 0.5819831864286058
1.63 0.5818380688302889
1.631 0.5791302396640577
1.632 0.5771359923401966
1.633 0.5774569074127578
1.634 0.5791907956941987
1.635 0.5802517915951331
1.636 0.5822049236462952
1.637 0.5818247139881194
1.638 0.5810232548643978
1.639 0.5794794182326467
1.64 0.5796456496073686
1.641 0.5805807842986649
1.642 0.5815398896711083
1.643 0.5808616255356097
1.644 0.5807079733823217
1.645 0.5802887558121701
1.646 0.580234353957016
1.647 0.5795876981089464
1.648 0.5796871029656735
1.649 0.5785338111820528
1.65 0.578978811040393
1.651 0.5803705864903479
1.652 0.5820532631017596
1.653 0.5817772095676694
1.654 0.5802067337475122
1.655 0.5793679823891771
1.656 0.578803723928304
1.657 0.5785140253657097
1.658 0.5782899801480439
1.659 0.5792739715859286
1.66 0.5798517380478722
1.661 0.5790981748959503
1.662 0.5780233501179404
1.663 0.5774864848069402
1.664 0.5758247847633698
1.665 0.5747457058470453
1.666 0.5743376755349134
1.667 0.575008999451207
1.668 0.5741964975088163
1.669 0.5733924653644795
1.67 0.5709958868596281
1.671 0.5686174697246924
1.672 0.5659953406462833
1.673 0.5662651783187488
1.674 0.5686083788748241
1.675 0.5709121549994112
1.676 0.5725226433503395
1.677 0.5729347462045719
1.678 0.5731240297383241
1.679 0.5738417581295195
1.68 0.5762712690320183
1.681 0.5766776356601274
1.682 0.5760435089011872
1.683 0.5772909170470619
1.684 0.5793766325629609
1.685 0.5818014517967416
1.686 0.5821098463984336
1.687 0.581350200593223
1.688 0.5804287035772668
1.689 0.5815441806406548
1.69 0.581313569259459
1.691 0.5820546667848056
1.692 0.5828577778444409
1.693 0.584406541486631
1.694 0.5837652731093651
1.695 0.5833184235076958
1.696 0.5812636165376763
1.697 0.5812827616479469
1.698 0.580875062303802
1.699 0.5812690869411551
1.7 0.5816915851283986
1.701 0.58317063642915
1.702 0.582799906372596
1.703 0.5807148899076325
1.704 0.5783852898196943
1.705 0.5770264244113338
1.706 0.5771815698967947
1.707 0.5773986105115433
1.708 0.5773750243606317
1.709 0.5771973471995112
1.71 0.5761397237643946
1.711 0.5753641855560564
1.712 0.5739989311867448
1.713 0.5724750351143989
1.714 0.5715184046323725
1.715 0.5719328427315299
1.716 0.5729133909359577
1.717 0.5732374058391161
1.718 0.5749557522130083
1.719 0.5750397775961423
1.72 0.574679875799727
1.721 0.5731895611439586
1.722 0.5744855303157037
1.723 0.5756725513298181
1.724 0.576699492398551
1.725 0.5782627430098538
1.726 0.5804604989401663
1.727 0.5820762385032986
1.728 0.5802110452647166
1.729 0.578545511504565
1.73 0.5770310089783502
1.731 0.5777705192924063
1.732 0.5784810526427785
1.733 0.579329681999481
1.734 0.5794522609515982
1.735 0.5788016898038251
1.736 0.5783996580222632
1.737 0.5783879600043274
1.738 0.5792074973537378
1.739 0.5798348723010932
1.74 0.5805416301707379
1.741 0.5807023908342988
1.742 0.581232771889085
1.743 0.5824786140366455
1.744 0.5821981327645752
1.745 0.581343948287652
1.746 0.5805383374556986
1.747 0.5805609453402735
1.748 0.5807224153164223
1.749 0.5820939848534193
1.75 0.5844364668731767
1.751 0.58484546256418
1.752 0.5833409131217453
1.753 0.58221973132821
1.754 0.5814778414335242
1.755 0.5820339814906846
1.756 0.5824524759594867
1.757 0.5835746128973112
1.758 0.5828385948708646
1.759 0.5830714377827647
1.76 0.5828502810422853
1.761 0.5817107274192169
1.762 0.5799237572715481
1.763 0.5796102811263376
1.764 0.5805945259060207
1.765 0.5818322063298308
1.766 0.5826464987520587
1.767 0.5828554497431715
1.768 0.5810660949137352
1.769 0.5797096231297709
1.77 0.5782745963050527
1.771 0.5788868160837387
1.772 0.5789762747285058
1.773 0.5782671170955929
1.774 0.5788389320223258
1.775 0.5816343669456537
1.776 0.5873722081228243
1.777 0.5850372967809343
1.778 0.5804051986597648
1.779 0.5765708008266228
1.78 0.5793327965438251
1.781 0.5808504035977907
1.782 0.5826114781140707
1.783 0.5840956970761122
1.784 0.5841786073021057
1.785 0.582783657759238
1.786 0.5819821969684156
1.787 0.5824853712183246
1.788 0.5835064119928977
1.789 0.5846281447021394
1.79 0.5853124673134193
1.791 0.5854392248656648
1.792 0.5846593088735749
1.793 0.5831177748517463
1.794 0.582223645810152
1.795 0.5821397171029875
1.796 0.5813432469940344
1.797 0.5813326751851398
1.798 0.5825422080304608
1.799 0.584656578482803
1.8 0.5847015128217239
1.801 0.5844926283769353
1.802 0.5841153752198492
1.803 0.5836869515533797
1.804 0.5836099296782759
1.805 0.5840042712236021
1.806 0.5854995834095009
1.807 0.5858339069030717
1.808 0.5861339214103933
1.809 0.5856292426012949
1.81 0.58539139860276
1.811 0.5850258681963835
1.812 0.5850848302580091
1.813 0.5861701206455614
1.814 0.5878922797055564
1.815 0.5889869968570105
1.816 0.5886960225071428
1.817 0.5880521913939896
1.818 0.5866297505396286
1.819 0.584592796113688
1.82 0.583197739145616
1.821 0.5831357732425161
1.822 0.5841057668181897
1.823 0.5845305593795379
1.824 0.5847960277184615
1.825 0.5842787020799095
1.826 0.5834397945046065
1.827 0.5822888796699267
1.828 0.5819910369651193
1.829 0.5817741545260781
1.83 0.5823176962224134
1.831 0.5833685919131301
1.832 0.584892915518668
1.833 0.5845437042323083
1.834 0.5834191028817104
1.835 0.5828929385134191
1.836 0.5829105778560884
1.837 0.5830287662602023
1.838 0.5837810611917743
1.839 0.5862153007638962
1.84 0.586555148233749
1.841 0.5852759069157237
1.842 0.5829952809299848
1.843 0.5817273146106435
1.844 0.5814526351047673
1.845 0.5825755612628879
1.846 0.5841436358031514
1.847 0.5846792417346268
1.848 0.5848025735836168
1.849 0.5837129106883485
1.85 0.5825791131302451
1.851 0.5812358982486602
1.852 0.5807539754118646
1.853 0.5810789793999732
1.854 0.5820972324160737
1.855 0.583135530606971
1.856 0.5827315163660742
1.857 0.581535122853091
1.858 0.5800041057916023
1.859 0.5795765789527698
1.86 0.5794465132947962
1.861 0.5791345502994719
1.862 0.5801410813245385
1.863 0.5815252987193281
1.864 0.5832134223462802
1.865 0.5829736101999243
1.866 0.5815158765597438
1.867 0.579564895727056
1.868 0.5793270505264766
1.869 0.5813923962648904
1.87 0.5822558608802232
1.871 0.5826669710503807
1.872 0.5822927941050582
1.873 0.5836446204475867
1.874 0.5839658106348109
1.875 0.5838707367526608
1.876 0.5830896812918838
1.877 0.5835009291009725
1.878 0.5841827781627423
1.879 0.5851048183536468
1.88 0.5857191986767585
1.881 0.5845735785028486
1.882 0.5820599464285641
1.883 0.5800823681104353
1.884 0.5793922247199673
1.885 0.5801553063877942
1.886 0.5810756472731284
1.887 0.581958259176709
1.888 0.5815641109752507
1.889 0.5810821434065709
1.89 0.579847236179738
1.891 0.5784814205643091
1.892 0.5780670641582727
1.893 0.5778254197486506
1.894 0.5778390379161119
1.895 0.5783320344392987
1.896 0.579604309668268
1.897 0.5804615309806874
1.898 0.5793484377809723
1.899 0.5779221651391069
1.9 0.5769078996497332
1.901 0.5779691060188104
1.902 0.5784288779590268
1.903 0.5784700875852716
1.904 0.5785951267252913
1.905 0.5785536945986439
1.906 0.5774312648748683
1.907 0.5757817386494241
1.908 0.5756908003291448
1.909 0.5767767124043058
1.91 0.5782269682549078
1.911 0.579484084134588
1.912 0.5795090680859649
1.913 0.5796828842865572
1.914 0.5787125424688844
1.915 0.5774501799377395
1.916 0.5755973392440493
1.917 0.5752115958865537
1.918 0.5765918021909325
1.919 0.5772928521852411
1.92 0.5776330696297721
1.921 0.5766820610344416
1.922 0.576449337810443
1.923 0.5753971800711252
1.924 0.5742930739015035
1.925 0.5730432381307711
1.926 0.572606531283412
1.927 0.5731435915923069
1.928 0.5734701114946634
1.929 0.5734057739173128
1.93 0.5726546449939837
1.931 0.5714418170534936
1.932 0.5696187019633564
1.933 0.567784252864589
1.934 0.5682787550765845
1.935 0.5695461178176158
1.936 0.5708675573593147
1.937 0.5705346993611329
1.938 0.5707157510263317
1.939 0.5700462711258125
1.94 0.5696422283510402
1.941 0.5693614650735955
1.942 0.5701124926647467
1.943 0.57181131351236
1.944 0.5732711689896235
1.945 0.5744537344254624
1.946 0.5747200096683884
1.947 0.5741561900479571
1.948 0.5726094479726935
1.949 0.5713438948951755
1.95 0.5717641429966398
1.951 0.5732129644992879
1.952 0.5743372213626383
1.953 0.5742596194003242
1.954 0.5740726851751096
1.955 0.5737358475874372
1.956 0.5732353583426473
1.957 0.5728708710566205
1.958 0.572802297769319
1.959 0.5727654982959632
1.96 0.5731164765768867
1.961 0.5731319120358547
1.962 0.573455957601766
1.963 0.5730828043339207
1.964 0.5727508633915608
1.965 0.5717076314550813
1.966 0.5721506165014646
1.967 0.573383046975522
1.968 0.5735426039892486
1.969 0.5728753156544877
1.97 0.5715879298475662
1.971 0.5716402951965771
1.972 0.5710933972117683
1.973 0.5712447818351826
1.974 0.5707189543836407
1.975 0.5710403128896333
1.976 0.5714419472270797
1.977 0.5718506560553598
1.978 0.5725722993038602
1.979 0.5727524188045787
1.98 0.5725392803201368
1.981 0.5715380049520721
1.982 0.5712930643470794
1.983 0.5716374677918722
1.984 0.5719498843556678
1.985 0.5727307004838925
1.986 0.573236428336355
1.987 0.5740706387484311
1.988 0.5735281086399299
1.989 0.5731146803858062
1.99 0.572440624823649
1.991 0.5726120570575689
1.992 0.5726188919987945
1.993 0.5716491769771364
1.994 0.5699159077735603
1.995 0.5667724801169929
1.996 0.5633633267040055
1.997 0.5601806393032351
1.998 0.5621491690605561
1.999 0.5649067464208439
2.0 0.5667151472904773
2.001 0.5666391801331815
2.002 0.5665976024920611
2.003 0.5662107806591677
2.004 0.5654471263240283
2.005 0.5660218451199511
2.006 0.566274401861193
2.007 0.5675995699981701
2.008 0.5678494365869066
2.009 0.5675474119585264
2.01 0.5667428267805984
2.011 0.5656278031688314
2.012 0.5652257491832764
2.013 0.5654400382942484
2.014 0.5662137516890009
2.015 0.565616505149112
2.016 0.5650844608672534
2.017 0.5652646434776143
2.018 0.5653512888672013
2.019 0.5645222306959056
2.02 0.5629407867708256
2.021 0.5630269682110768
2.022 0.5648305420879769
2.023 0.5658531625563586
2.024 0.5648774192327475
2.025 0.5631513801348768
2.026 0.5629184421190507
2.027 0.5623552984801402
2.028 0.5618866710119003
2.029 0.5610683566418548
2.03 0.5620920076788538
2.031 0.5635189815702076
2.032 0.5639919913651995
2.033 0.562931720349416
2.034 0.561911761354741
2.035 0.5619247281923054
2.036 0.5617661812913418
2.037 0.5613568858988207
2.038 0.5612830725871504
2.039 0.560799747260313
2.04 0.5595812809499027
2.041 0.5580451729814124
2.042 0.5573454849544611
2.043 0.5573522584037075
2.044 0.5571259117658106
2.045 0.5568130504933709
2.046 0.5560275748481358
2.047 0.5561869388149951
2.048 0.5559413001207992
2.049 0.5555433107842731
2.05 0.5550480907462815
2.051 0.5542125496373995
2.052 0.5532508499206945
2.053 0.5519084313545891
2.054 0.5526896543492325
2.055 0.5531743393721711
2.056 0.5542287816754713
2.057 0.5545213467327872
2.058 0.5556981026604837
2.059 0.5561024693836417
2.06 0.5552531926553715
2.061 0.5546240518079882
2.062 0.5545285153040423
2.063 0.5561550585730028
2.064 0.5563220798703109
2.065 0.555963139951008
2.066 0.5553245323105421
2.067 0.5544145898335089
2.068 0.5543677675956018
2.069 0.5539761104018821
2.07 0.5551765997394096
2.071 0.5561544942672809
2.072 0.5581503091014871
2.073 0.5586846306509057
2.074 0.558925086798328
2.075 0.5599601674752017
2.076 0.5599748185505391
2.077 0.5587166019839713
2.078 0.5567519188013333
2.079 0.5574772996201542
2.08 0.5592850725405096
2.081 0.5603873745111304
2.082 0.5606856699322836
2.083 0.5605813490009508
2.084 0.5612752352734768
2.085 0.5602455731765048
2.086 0.5607415565000077
2.087 0.5608122535004074
2.088 0.5620583248354366
2.089 0.5604075599819163
2.09 0.5583482888764612
2.091 0.556946480177954
2.092 0.5575637662359889
2.093 0.5586709049777665
2.094 0.5577958604345726
2.095 0.556356406014278
2.096 0.5557961407747043
2.097 0.5571692671064336
2.098 0.558388148393903
2.099 0.5581639781136241
2.1 0.5571365116618547
2.101 0.5565756796777624
2.102 0.556209514102227
2.103 0.5555054569350025
2.104 0.554892838277501
2.105 0.5557482405195515
2.106 0.5562819495840958
2.107 0.5561770460724206
2.108 0.5557445015158862
2.109 0.5562179595597047
2.11 0.5568329854554598
2.111 0.555746025010449
2.112 0.5544107060331634
2.113 0.5545860302808842
2.114 0.5557271877086852
2.115 0.5552659250978949
2.116 0.5546534061519517
2.117 0.5545806972305305
2.118 0.5550526730712229
2.119 0.5557078797682222
2.12 0.5564770549502422
2.121 0.5571426696509
2.122 0.5568285359997719
2.123 0.555748886599094
2.124 0.5552253127548213
2.125 0.5562621648410396
2.126 0.5576200869445889
2.127 0.5566220823784908
2.128 0.5550579410263135
2.129 0.5541469496482322
2.13 0.5552289620231197
2.131 0.556136251748767
2.132 0.5556804875769351
2.133 0.5544933887357323
2.134 0.552787054171512
2.135 0.5525360896040191
2.136 0.5518868624640882
2.137 0.5511955621708862
2.138 0.54964452942586
2.139 0.5481234426315836
2.14 0.5464356307103722
2.141 0.5452382657014861
2.142 0.5455515941101341
2.143 0.5452316708742571
2.144 0.5447250676827189
2.145 0.5433861817924225
2.146 0.5431612336926843
2.147 0.5431960481437969
2.148 0.5434293179892882
2.149 0.5434948308247681
2.15 0.5428514536949344
2.151 0.5416969052500984
2.152 0.5398815306132436
2.153 0.5388240104431916
2.154 0.5383584719643345
2.155 0.5384357769459078
2.156 0.5389035845220351
2.157 0.5376885609891835
2.158 0.5366094995104526
2.159 0.5368227835570166
2.16 0.5375622354985322
2.161 0.5369192781629941
2.162 0.535570146373699
2.163 0.5353279660255058
2.164 0.5340001000546066
2.165 0.5321324931256234
2.166 0.5303239820020468
2.167 0.5303126204612654
2.168 0.5305056007392235
2.169 0.5293063049803476
2.17 0.5280995477392324
2.171 0.527293068813622
2.172 0.5273371890525219
2.173 0.5269146458329218
2.174 0.5267118859242852
2.175 0.5255903467154064
2.176 0.5230560326199875
2.177 0.5200910859518583
2.178 0.5171232141228813
2.179 0.5150601249784561
2.18 0.512803664976835
2.181 0.5110934980058822
2.182 0.5099044567240136
2.183 0.5083854059740082
2.184 0.5055431961047386
2.185 0.5015856539736846
2.186 0.4985097801043294
2.187 0.49493692837349895
2.188 0.49324857702191904
2.189 0.4900049881543879
2.19 0.48828364121338613
2.191 0.4843714331055182
2.192 0.4820434485985451
2.193 0.47821556423584133
2.194 0.47542791938122836
2.195 0.4714498563824527
2.196 0.46853007597581925
2.197 0.465119693417045
2.198 0.46111105016173154
2.199 0.45674703551985135
2.2 0.4537064568690469
2.201 0.449773623902121
2.202 0.4452303094963994
2.203 0.4401523971348728
2.204 0.43637257668810214
2.205 0.43353499051895367
2.206 0.43156755162029303
2.207 0.4292590863779991
2.208 0.4263598478073659
2.209 0.42310394580067257
2.21 0.42027792372191836
2.211 0.4188608037951496
2.212 0.41876806459868715
2.213 0.4188048976111264
2.214 0.4182084896306084
2.215 0.41710686957078713
2.216 0.4171904175840381
2.217 0.4182494745089943
2.218 0.4195440495418078
2.219 0.42019828157362993
2.22 0.42116724674615197
2.221 0.4225211185349824
2.222 0.4233801797899597
2.223 0.42509721007168605
2.224 0.4268628417827209
2.225 0.42807890427965356
2.226 0.4280475421390113
2.227 0.42834774611401105
2.228 0.4289666604154587
2.229 0.4301940245317428
2.23 0.4316200997610781
2.231 0.4322465252448238
2.232 0.4325261768309711
2.233 0.43335935641991874
2.234 0.43440455656662896
2.235 0.43515031744409616
2.236 0.4357664620584826
2.237 0.4360471483622722
2.238 0.43618575304015644
2.239 0.43724963556057495
2.24 0.4385031096119735
2.241 0.4380246832862486
2.242 0.43649177383201665
2.243 0.4357643542671258
2.244 0.43697921774932014
2.245 0.4386824006473991
2.246 0.4399558272874642
2.247 0.4400351276964229
2.248 0.4387137780733775
2.249 0.43825879461187833
2.25 0.4385646343406704
2.251 0.43976178379509273
2.252 0.4394966848437997
2.253 0.43881106821861243
2.254 0.4383420347323843
2.255 0.43884570885120633
2.256 0.439791708080219
2.257 0.4395756266539241
2.258 0.43937086875628684
2.259 0.439158564574925
2.26 0.4394544201152559
2.261 0.439472123601315
2.262 0.44027060666694506
2.263 0.4403032198245587
2.264 0.4395780131244728
2.265 0.43881723424057717
2.266 0.439610563500743
2.267 0.4404754059096422
2.268 0.4412594742449267
2.269 0.44260148236499364
2.27 0.4450728798140246
2.271 0.44780507053234314
2.272 0.45075966757102714
2.273 0.4526463133071247
2.274 0.4540039184014876
2.275 0.45538425000088184
2.276 0.4573962138432493
2.277 0.45946087661105073
2.278 0.46094430752345267
2.279 0.46224798688344554
2.28 0.4628639081052915
2.281 0.46379060758252866
2.282 0.46558991816791734
2.283 0.46845241563721646
2.284 0.47084069954224755
2.285 0.471366886283785
2.286 0.4718353189252286
2.287 0.4728321147132589
2.288 0.4746809377904688
2.289 0.4760774463257557
2.29 0.4771482168174698
2.291 0.4774016512096441
2.292 0.47746006647877315
2.293 0.4785472631224928
2.294 0.48070557325675595
2.295 0.48280538754200397
2.296 0.4832437666336883
2.297 0.48333703301435543
2.298 0.4837327445850373
2.299 0.48561201334656273
2.3 0.487549951062922
2.301 0.4881620745916289
2.302 0.48844081394911354
2.303 0.4896384146173766
2.304 0.4927014389348124
2.305 0.4957797726377185
2.306 0.49823995576799124
2.307 0.4995253824465437
2.308 0.5016498562919056
2.309 0.5049394926310495
2.31 0.5076522857602929
2.311 0.5097047278984145
2.312 0.511377091347547
2.313 0.5117141811539886
2.314 0.5113521254687443
2.315 0.5112373508548617
2.316 0.5134624364446555
2.317 0.515449530346662
2.318 0.5166739986680683
2.319 0.5167203456400328
2.32 0.517047455649799
2.321 0.5179420031943655
2.322 0.5199721869029332
2.323 0.5215255546557032
2.324 0.5211463237437224
2.325 0.5205138259268111
2.326 0.520665881697756
2.327 0.5208086551833534
2.328 0.5221152380832961
2.329 0.5227128700349848
2.33 0.5231827084047037
2.331 0.5220891134156973
2.332 0.5237606254880685
2.333 0.5262090515272341
2.334 0.5275499296292764
2.335 0.5267712385698106
2.336 0.526127748029627
2.337 0.5262019068920889
2.338 0.5265030863882052
2.339 0.5270526048412603
2.34 0.5268837110758783
2.341 0.5266439093000924
2.342 0.5265996239867236
2.343 0.5263055153772229
2.344 0.5268396581191169
2.345 0.5263909276778257
2.346 0.526533266249056
2.347 0.5265678999753773
2.348 0.5282937130546327
2.349 0.5301287851091359
2.35 0.530950480453135
2.351 0.5316280991184417
2.352 0.5314669278525009
2.353 0.5325469320927962
2.354 0.5334152675716572
2.355 0.5349783295982778
2.356 0.5360269319173345
2.357 0.5364157499505674
2.358 0.5372126749189031
2.359 0.5381380189639566
2.36 0.5400695379419802
2.361 0.5399878090723303
2.362 0.539576963756408
2.363 0.5380426041996501
2.364 0.5379355970607836
2.365 0.5390452618251543
2.366 0.540248115832201
2.367 0.5412112472243399
2.368 0.540960323947194
2.369 0.5404173633131168
2.37 0.5402851347902341
2.371 0.5409604623908854
2.372 0.5416648020643284
2.373 0.5407858437352776
2.374 0.5400926130082556
2.375 0.540204338701483
2.376 0.5413231330929916
2.377 0.5411775499203221
2.378 0.5409794705006366
2.379 0.5401250051001533
2.38 0.5387993341415942
2.381 0.0
2.3819999999999997 0.0
