Microns Total_system_throughput
2.0483000488281253 0.0
2.049300048828125 0.0
2.050300048828125 7.148578549759976e-06
2.051300048828125 4.096243809005451e-06
2.052300048828125 6.220940578130102e-06
2.053300048828125 3.761657364934209e-06
2.054300048828125 5.875389547082473e-06
2.055300048828125 4.958975300870268e-06
2.056300048828125 5.218977290038741e-06
2.057300048828125 5.490750948986648e-06
2.058300048828125 7.0578698427223195e-06
2.059300048828125 6.820299835409717e-06
2.060300048828125 9.410770212904958e-06
2.061300048828125 7.937741088824683e-06
2.062300048828125 7.328427940479271e-06
2.063300048828125 1.288685246241131e-05
2.064300048828125 1.0736227271458857e-05
2.065300048828125 1.0535686459996504e-05
2.066300048828125 1.2471698087313778e-05
2.067300048828125 1.4229083499867935e-05
2.068300048828125 1.5282884851088407e-05
2.069300048828125 1.795748773641587e-05
2.070300048828125 1.6384982599253768e-05
2.071300048828125 2.2506346728101072e-05
2.072300048828125 2.598172770332125e-05
2.073300048828125 3.5688142541682296e-05
2.074300048828125 3.8977063393448324e-05
2.075300048828125 4.50365803632991e-05
2.076300048828125 5.6747451051894765e-05
2.077300048828125 6.899603510165525e-05
2.078300048828125 9.151328421517616e-05
2.079300048828125 0.00011857258702485784
2.080300048828125 0.00015985661706578657
2.081300048828125 0.0002089945522115378
2.082300048828125 0.00028261484269118277
2.083300048828125 0.00039677275549381057
2.084300048828125 0.000556785650335667
2.085300048828125 0.0008085430107522679
2.086300048828125 0.0011859039263319223
2.087300048828125 0.0018215026627360032
2.088300048828125 0.002775995671815879
2.089300048828125 0.004283497090678188
2.090300048828125 0.006720185604741236
2.091300048828125 0.01005932518509453
2.092300048828125 0.014788391536629362
2.093300048828125 0.020991197249619335
2.094300048828125 0.028476727542124006
2.095300048828125 0.03747615338291627
2.096300048828125 0.04802407547023837
2.097300048828125 0.059565247423157566
2.098300048828125 0.07019693739750671
2.099300048828125 0.07942119721491886
2.100300048828125 0.08735049359775222
2.101300048828125 0.09610338161107831
2.102300048828125 0.10725017805948213
2.103300048828125 0.1207108148177741
2.104300048828125 0.13487202659218792
2.105300048828125 0.1534315605972061
2.106300048828125 0.17426184113779783
2.107300048828125 0.19952245487374515
2.108300048828125 0.2250494727736352
2.109300048828125 0.2604998475343717
2.110300048828125 0.29509542065977334
2.111300048828125 0.3312479940891842
2.112300048828125 0.3677276924281824
2.113300048828125 0.39710331210740274
2.114300048828125 0.4236004232029136
2.115300048828125 0.4402823021179891
2.116300048828125 0.4513076064379557
2.117300048828125 0.46316731560901436
2.118300048828125 0.4638282863157185
2.119300048828125 0.46559359777580944
2.120300048828125 0.46691133577678706
2.121300048828125 0.46278430430245243
2.122300048828125 0.46474945789117844
2.123300048828125 0.4629152608161153
2.124300048828125 0.45821700371378776
2.125300048828125 0.45112001642566996
2.126300048828125 0.440302598828771
2.127300048828125 0.4229338310230156
2.128300048828125 0.3972926328208863
2.129300048828125 0.3665704245828754
2.130300048828125 0.33240601322952956
2.131300048828125 0.2969509516506102
2.132300048828125 0.25984491058974235
2.133300048828125 0.22765292065023787
2.134300048828125 0.1959337192888814
2.135300048828125 0.16804473430192807
2.136300048828125 0.1462068617560589
2.137300048828125 0.12648212388239075
2.138300048828125 0.11064300040594054
2.139300048828125 0.09672879749123203
2.140300048828125 0.08414549083529782
2.141300048828125 0.07189963038087428
2.142300048828125 0.060293859560089945
2.143300048828125 0.05043423998351584
2.144300048828125 0.040954320825561705
2.145300048828125 0.03311993823422994
2.146300048828125 0.026211563476974942
2.147300048828125 0.020062173998448077
2.148300048828125 0.015152326056547838
2.149300048828125 0.011126965719392626
2.150300048828125 0.00784249510875211
2.151300048828125 0.005352028282916637
2.152300048828125 0.0036058873205047242
2.153300048828125 0.0023550742239762013
2.154300048828125 0.001551781121526053
2.155300048828125 0.0010433731375457842
2.156300048828125 0.0007079826869484017
2.157300048828125 0.0004907646050616575
2.158300048828125 0.00035577103454485955
2.159300048828125 0.0002564149787273448
2.160300048828125 0.0001940695545177025
2.161300048828125 0.00014509213049376048
2.162300048828125 0.00011184398517495314
2.163300048828125 8.707153685182568e-05
2.164300048828125 6.707721459723192e-05
2.165300048828125 5.27032615144755e-05
2.166300048828125 4.2797693475280676e-05
2.167300048828125 3.520048724585531e-05
2.168300048828125 3.022717367449763e-05
2.169300048828125 2.6447652025202618e-05
2.170300048828125 2.4275684888591414e-05
2.171300048828125 1.691050607126415e-05
2.172300048828125 1.7475489634438325e-05
2.173300048828125 1.696197605227661e-05
2.174300048828125 1.3034908393970802e-05
2.175300048828125 1.1202503190368154e-05
2.176300048828125 9.836523006613079e-06
2.177300048828125 9.610042448912379e-06
2.178300048828125 9.23518242837082e-06
2.179300048828125 7.78359513129717e-06
2.180300048828125 9.600973341416209e-06
2.181300048828125 9.35564195476783e-06
2.182300048828125 6.142421006670681e-06
2.183300048828125 1.1198470902998455e-05
2.184300048828125 9.461970730217082e-06
2.185300048828125 7.1228655462086236e-06
2.186300048828125 1.1822098314876225e-05
2.187300048828125 6.637906590683805e-06
2.188300048828125 7.011353585068692e-06
2.189300048828125 1.0040712181105724e-05
2.190300048828125 7.060379021290008e-06
2.191300048828125 1.0052615918541073e-05
2.192300048828125 7.732677436560835e-06
2.193300048828125 9.482414161903608e-06
2.194300048828125 8.460322421620815e-06
2.195300048828125 3.5112106389884885e-06
2.196300048828125 5.2519916372617975e-06
2.197300048828125 1.0526505118582998e-05
2.198300048828125 1.0200140389512877e-05
2.199300048828125 8.648644914293763e-06
2.200300048828125 3.4705923729073452e-06
2.201300048828125 1.3716445036284694e-05
2.202300048828125 8.733860684348222e-06
2.203300048828125 8.977749279143414e-06
2.204300048828125 1.0950286583693834e-05
2.205300048828125 6.648608568488487e-06
2.206300048828125 7.284342230481671e-06
2.207300048828125 8.645873955673011e-06
2.208300048828125 9.982590166147755e-06
2.209300048828125 5.1418044823337035e-06
2.210300048828125 4.641327693060898e-06
2.211300048828125 7.543352620992081e-06
2.212300048828125 1.0372112998187335e-05
2.213300048828125 8.608522916666966e-06
2.214300048828125 7.246784189553899e-06
2.215300048828125 8.19546626104771e-06
2.216300048828125 1.2684554142831708e-05
2.217300048828125 7.899204530668818e-06
2.218300048828125 6.847079984743453e-06
2.219300048828125 7.418075798572666e-06
2.220300048828125 1.2561649505231203e-05
2.221300048828125 8.273535341327602e-06
2.222300048828125 7.616053857182316e-06
2.223300048828125 6.833146559491291e-06
2.224300048828125 6.2962929624852955e-06
2.225300048828125 6.586860194762468e-06
2.226300048828125 7.3144217625770155e-06
2.227300048828125 6.292081111845263e-06
2.228300048828125 8.503881607779006e-06
2.229300048828125 1.4215706066858774e-05
2.230300048828125 8.385145500711362e-06
2.231300048828125 9.98524592175458e-06
2.232300048828125 1.315018500048244e-05
2.233300048828125 8.161433785891575e-06
2.234300048828125 7.542594998029735e-06
2.235300048828125 1.0781048913980033e-05
2.236300048828125 7.958716972797409e-06
2.237300048828125 1.1211940107035726e-05
2.238300048828125 8.743284557853357e-06
2.239300048828125 8.12660620240383e-06
2.240300048828125 3.270210276932182e-06
2.241300048828125 6.219233293745955e-06
2.242300048828125 9.40628092282178e-06
2.243300048828125 1.0960154825674776e-05
2.244300048828125 1.1751579758560463e-05
2.245300048828125 1.186787990405617e-05
2.246300048828125 9.178201116026825e-06
2.247300048828125 1.155816810872341e-05
2.248300048828125 3.2193998007843645e-06
2.249300048828125 1.1531312106572271e-05
2.250300048828125 5.231866013911601e-06
2.2513000488281247 0.0
2.2523000488281246 0.0
