Microns Total_system_throughput
0.398 0.0
0.399 0.0
0.4 0.0
0.401 0.0
0.402 0.0
0.403 0.0
0.404 0.0
0.405 0.0
0.406 0.0
0.407 0.0
0.408 0.0
0.409 0.0
0.41 0.0
0.411 0.0
0.412 0.0
0.413 0.0
0.414 0.0
0.415 0.0
0.416 0.0
0.417 0.0
0.418 0.0
0.419 0.0
0.42 0.0
0.421 0.0
0.422 0.0
0.423 0.0
0.424 0.0
0.425 0.0
0.426 0.0
0.427 0.0
0.428 0.0
0.429 0.0
0.43 0.0
0.431 0.0
0.432 0.0
0.433 0.0
0.434 0.0
0.435 0.0
0.436 0.0
0.437 0.0
0.438 0.0
0.439 0.0
0.44 0.0
0.441 0.0
0.442 0.0
0.443 0.0
0.444 0.0
0.445 0.0
0.446 0.0
0.447 0.0
0.448 0.0
0.449 0.0
0.45 0.0
0.451 0.0
0.452 0.0
0.453 0.0
0.454 0.0
0.455 0.0
0.456 0.0
0.457 0.0
0.458 0.0
0.459 0.0
0.46 0.0
0.461 0.0
0.462 0.0
0.463 0.0
0.464 0.0
0.465 0.0
0.466 0.0
0.467 0.0
0.468 0.0
0.469 0.0
0.47 0.0
0.471 0.0
0.472 0.0
0.473 0.0
0.474 0.0
0.475 0.0
0.476 0.0
0.477 0.0
0.478 0.0
0.479 0.0
0.48 0.0
0.481 0.0
0.482 0.0
0.483 0.0
0.484 0.0
0.485 0.0
0.486 0.0
0.487 0.0
0.488 0.0
0.489 0.0
0.49 0.0
0.491 0.0
0.492 0.0
0.493 0.0
0.494 0.0
0.495 0.0
0.496 0.0
0.497 0.0
0.498 0.0
0.499 0.0
0.5 0.0
0.501 0.0
0.502 0.0
0.503 0.0
0.504 0.0
0.505 0.0
0.506 0.0
0.507 0.0
0.508 0.0
0.509 0.0
0.51 0.0
0.511 0.0
0.512 0.0
0.513 0.0
0.514 0.0
0.515 0.0
0.516 0.0
0.517 0.0
0.518 0.0
0.519 0.0
0.52 0.0
0.521 0.0
0.522 0.0
0.523 0.0
0.524 0.0
0.525 2.1971757171593606e-07
0.526 9.2974971006782e-07
0.527 1.613472470007137e-06
0.528 2.042067400419163e-06
0.529 2.098626343084714e-06
0.53 1.9354461017122213e-06
0.531 1.8056393259585774e-06
0.532 1.7672678667675077e-06
0.533 1.8112834596210079e-06
0.534 1.8914902378219312e-06
0.535 2.1688348747984962e-06
0.536 2.6723631919988518e-06
0.537 3.5401087324111796e-06
0.538 4.8829977905522065e-06
0.539 7.423167312161616e-06
0.54 1.1557132842881924e-05
0.541 1.642259900667676e-05
0.542 1.9141001111649887e-05
0.543 1.8271025667466963e-05
0.544 1.4564602720056556e-05
0.545 1.0565722174725641e-05
0.546 7.479395143318252e-06
0.547 5.714466579200578e-06
0.548 4.758936322283476e-06
0.549 4.282000261962864e-06
0.55 4.234305504873143e-06
0.551 4.55960674416635e-06
0.552 5.029094371666119e-06
0.553 5.657064792865844e-06
0.554 6.392317042374093e-06
0.555 7.087135008348662e-06
0.556 7.299039247374448e-06
0.557 7.384264009179284e-06
0.558 6.3021322787382635e-06
0.559 4.43346132494804e-06
0.56 4.387620678883157e-06
0.561 4.966331674591773e-06
0.562 4.7261704326634445e-06
0.563 4.3930376144858585e-06
0.564 4.856992356822608e-06
0.565 5.525506434149837e-06
0.566 6.105382165011728e-06
0.567 6.19006933287052e-06
0.568 6.489577373303822e-06
0.569 6.807144680027323e-06
0.57 6.701229420870916e-06
0.571 7.067982334009743e-06
0.572 8.359831785880822e-06
0.573 9.937496180736248e-06
0.574 1.07946560253261e-05
0.575 1.2034044414370927e-05
0.576 1.4487006148059823e-05
0.577 1.6603617247003347e-05
0.578 1.7454973133136975e-05
0.579 1.8262412254463852e-05
0.58 2.0245932664111408e-05
0.581 2.489703841126403e-05
0.582 3.355431241073664e-05
0.583 5.037446398827761e-05
0.584 8.979996041873547e-05
0.585 0.0001845706624904933
0.586 0.00034227814144492923
0.587 0.000461019573314544
0.588 0.0004330510142634563
0.589 0.00028455360624333694
0.59 0.00015094445511283042
0.591 8.514087772770459e-05
0.592 5.935632110102032e-05
0.593 4.5559975327159357e-05
0.594 3.7970878191418515e-05
0.595 3.714765797504528e-05
0.596 3.479446486387785e-05
0.597 3.5748245996356366e-05
0.598 3.8817893505711664e-05
0.599 4.036058924715839e-05
0.6 4.380853174266568e-05
0.601 4.889569269717269e-05
0.602 5.67739851124551e-05
0.603 6.928830206102766e-05
0.604 8.443999742428815e-05
0.605 9.798851368812235e-05
0.606 0.00011279064897705985
0.607 0.0001259846095676236
0.608 0.00012960672238786902
0.609 0.0001253021949763286
0.61 0.00011555492416706648
0.611 0.00010231714317461628
0.612 8.668715937952423e-05
0.613 7.37716945337259e-05
0.614 6.317663175195025e-05
0.615 5.6835240511194694e-05
0.616 5.149307403817955e-05
0.617 4.857858764568869e-05
0.618 4.802916417063502e-05
0.619 4.478402679986878e-05
0.62 4.168043819017033e-05
0.621 3.978147292173593e-05
0.622 4.45165387338901e-05
0.623 4.788411796084824e-05
0.624 5.3336854859193056e-05
0.625 6.349210356302858e-05
0.626 7.852381271369272e-05
0.627 0.00010259501818123606
0.628 0.00014388854724284872
0.629 0.0002119747269108897
0.63 0.00031634629164940044
0.631 0.00044677863549220015
0.632 0.0005441135802308638
0.633 0.0005498911644243041
0.634 0.00046805242188939527
0.635 0.00036413412243557416
0.636 0.0002827148210012503
0.637 0.00023592006946494785
0.638 0.0002126249727945541
0.639 0.00020561203736646337
0.64 0.00021736261851817623
0.641 0.00024029006649471318
0.642 0.00027310123105500617
0.643 0.00030765374654460474
0.644 0.00033571926266006053
0.645 0.00033987344672644666
0.646 0.000310007527109607
0.647 0.000258587263548552
0.648 0.0002025827375578095
0.649 0.00016111229713267308
0.65 0.00013077764508990364
0.651 0.00010781347531308397
0.652 9.327564970695267e-05
0.653 8.98447038680819e-05
0.654 8.887205911552157e-05
0.655 9.162532526179583e-05
0.656 9.90275564518056e-05
0.657 0.00011642279069820959
0.658 0.00013735024529715886
0.659 0.00016551964932998527
0.66 0.00019934599959514756
0.661 0.00023448522173035217
0.662 0.0002477218943188881
0.663 0.00023633652896400538
0.664 0.0002115764661148516
0.665 0.00018613065749689304
0.666 0.00016028648257226927
0.667 0.00013839188602569617
0.668 0.00012808899553338744
0.669 0.00012251503209861217
0.67 0.00012132482214881651
0.671 0.00012237370095963637
0.672 0.00013574284585379735
0.673 0.00015726814911340642
0.674 0.0001867921700187175
0.675 0.00021482227468108407
0.676 0.000241829692164786
0.677 0.0002581855279649521
0.678 0.00026465487654671836
0.679 0.0002531686129018922
0.68 0.0002259823081535824
0.681 0.000187823425851433
0.682 0.00015867662262863028
0.683 0.0001483636498580102
0.684 0.00014334271853555175
0.685 0.00013771071003531826
0.686 0.00013336878828519073
0.687 0.00013741621507371016
0.688 0.00014494733381630298
0.689 0.0001504206370577607
0.69 0.000161743068289438
0.691 0.00017263822760067783
0.692 0.00017395787351570592
0.693 0.00016573793728139158
0.694 0.0001535999400924241
0.695 0.00013837230492807524
0.696 0.00011864294699327848
0.697 0.00010489855157213002
0.698 9.591933899056853e-05
0.699 8.90557371884853e-05
0.7 8.267906859772833e-05
0.701 7.509438795673264e-05
0.702 7.138565531419301e-05
0.703 7.533899257333212e-05
0.704 8.711559261851165e-05
0.705 0.00010186040129495398
0.706 0.00012025618253685104
0.707 0.0001414474483430203
0.708 0.00016823105340182335
0.709 0.00021252065839973182
0.71 0.00029594845240989826
0.711 0.0004336673066016288
0.712 0.0006415162744382068
0.713 0.0009245391201324182
0.714 0.0013068741246685142
0.715 0.0016976729730359464
0.716 0.0019322011230789176
0.717 0.001822521222316383
0.718 0.0014665103685559558
0.719 0.0010673488755603988
0.72 0.0007528561494980476
0.721 0.0005199759546409323
0.722 0.0003591407445897484
0.723 0.0002663927347618668
0.724 0.0001949093932355805
0.725 0.00014827689133189986
0.726 0.00011855870574926755
0.727 9.984044307884295e-05
0.728 8.063963501255701e-05
0.729 6.234313039901087e-05
0.73 5.700558865318286e-05
0.731 5.432298803510789e-05
0.732 5.1335747037392885e-05
0.733 4.691582535088168e-05
0.734 5.1657167998607115e-05
0.735 5.3682152521850075e-05
0.736 4.844074988861203e-05
0.737 5.0937610198491e-05
0.738 6.248916421289205e-05
0.739 7.870913132722439e-05
0.74 8.655728092301921e-05
0.741 0.00010808631878367164
0.742 0.00014261578844858663
0.743 0.00020556198219598358
0.744 0.00030655123961473914
0.745 0.000465609790076344
0.746 0.0006962822776640876
0.747 0.0009984171276092224
0.748 0.0013120675702039707
0.749 0.0015383849530106438
0.75 0.001633718123525891
0.751 0.001696981841985113
0.752 0.0019870620166804694
0.753 0.0026879846399546514
0.754 0.003464606356227177
0.755 0.0034599093329940626
0.756 0.0024529500780245397
0.757 0.0012098579167722436
0.758 0.000496427751089184
0.759 0.00024421250731003344
0.76 0.00013917367589352835
0.761 7.863457392527106e-05
0.762 4.7116257141806296e-05
0.763 3.822340984355761e-05
0.764 2.6536402573720756e-05
0.765 1.4960758724907367e-05
0.766 1.4396689748568005e-05
0.767 1.5375500727911965e-05
0.768 1.5088898996953942e-05
0.769 1.0351019984802002e-05
0.77 1.0743305777575464e-05
0.771 8.982061447190778e-06
0.772 1.1323265576235108e-05
0.773 1.0956977026272544e-05
0.774 4.929261691728746e-06
0.775 6.449860391446106e-06
0.776 9.334978191927452e-06
0.777 1.7004820419600307e-05
0.778 6.616467054916608e-06
0.779 7.682341057556043e-06
0.78 1.0748392468796328e-05
0.781 1.5875355467545308e-05
0.782 9.044750328618275e-06
0.783 1.7487574425089408e-05
0.784 1.7514347959277184e-05
0.785 1.3520042516083613e-05
0.786 1.1664325669105782e-05
0.787 1.818553296939836e-05
0.788 2.827726084625206e-05
0.789 5.2386161669687975e-05
0.79 0.00010273993535944516
0.791 0.00015649656815098657
0.792 0.0001816839049120872
0.793 0.0001494627188320797
0.794 9.931865414686299e-05
0.795 6.651681193374829e-05
0.796 4.892917126550976e-05
0.797 -8.416876184307763e-05
0.798 0.00034659755960906176
0.799 0.0010079551477259426
0.8 0.002138138806120792
0.801 0.0015735965872725169
0.802 0.0023353231393458264
0.803 0.0020907288020221436
0.804 0.0021309852322414177
0.805 0.00044764335024153544
0.806 0.00017242265815404261
0.807 0.0007830593306268174
0.808 0.0017915774988039607
0.809 0.0019902317928260286
0.81 0.0009693266237237291
0.811 0.0012305407991075811
0.812 0.0011479858896842467
0.813 0.0016704434298140036
0.814 0.0015916472253527509
0.815 0.0017786520498634067
0.816 0.0012456059266751976
0.817 0.0013986927636272615
0.818 0.0013002313929282847
0.819 0.0010476888358734425
0.82 0.0014520007977523643
0.821 0.0023566574646481106
0.822 0.0019717155267166375
0.823 0.0005884866377974949
0.824 -0.00037033692157690433
0.825 0.0002489689769024881
0.826 0.0015634194525370906
0.827 0.001931406575147878
0.828 0.0008615498205413946
0.829 5.363488973578968e-06
0.83 0.0005598684926051383
0.831 0.0010765640683305492
0.832 0.0013856444059452988
0.833 0.0012172878108007458
0.834 0.0011873454316569784
0.835 0.0010805451812747257
0.836 0.0011498328786598566
0.837 0.0010694484170641692
0.838 0.001337658226973488
0.839 0.0013812915646657516
0.84 0.00111355535812402
0.841 0.0009080344644622702
0.842 0.001090217161838307
0.843 0.0009555362982751177
0.844 0.00082326125824714
0.845 0.0007433719310109849
0.846 0.000927619211014502
0.847 0.001280639302273446
0.848 0.0014145283709622542
0.849 0.0010461866480565589
0.85 0.0009110150227930922
0.851 0.0011701760137744406
0.852 0.001355717839699577
0.853 0.001380990713383073
0.854 0.0016058642351233648
0.855 0.0010756243649037238
0.856 0.0006041056215983045
0.857 0.0003762586029921785
0.858 0.0009716404065860703
0.859 0.0012168944422616865
0.86 0.0016386305311362913
0.861 0.0010776434170569837
0.862 0.0008608167481978528
0.863 0.0006022121160307034
0.864 0.0011074494118049072
0.865 0.0011728064613079623
0.866 0.0013071718883648769
0.867 0.0007443623164791494
0.868 0.0009095732891034597
0.869 0.001222136961482458
0.87 0.0014654316614862914
0.871 0.0011570514975766044
0.872 0.0013052828228834962
0.873 0.0013100130880487478
0.874 0.0011356774739773804
0.875 0.0011220161461263489
0.876 0.001248967577788765
0.877 0.0012790078227598602
0.878 0.00120020527075466
0.879 0.0011506461232802076
0.88 0.0010424033899612438
0.881 0.0009019733416329011
0.882 0.0008743949419535854
0.883 0.0009237475694620007
0.884 0.0008255985169411455
0.885 0.000676358157662941
0.886 0.000755950735392234
0.887 0.0009440951020177832
0.888 0.0008201713404529812
0.889 0.0006755870942700897
0.89 0.0008651433464412584
0.891 0.0010016234215489092
0.892 0.0009759786734704519
0.893 0.001023994397652291
0.894 0.0011382753427456498
0.895 0.0011696289757049854
0.896 0.0011586808288085958
0.897 0.0010958190623348873
0.898 0.0010725547856312468
0.899 0.0010751576183734353
0.9 0.0011394324707689198
0.901 0.0012612344915043816
0.902 0.0013024092593318817
0.903 0.0012619999723957537
0.904 0.001205947187702232
0.905 0.0011971181006917829
0.906 0.0010602343284524319
0.907 0.0009176422980423472
0.908 0.0009449892828510896
0.909 0.0010093354778081933
0.91 0.0009266069841369884
0.911 0.0007823093017581295
0.912 0.0008116895866830544
0.913 0.000963830451564189
0.914 0.000925046394371403
0.915 0.0008068390024958101
0.916 0.0006473689562904099
0.917 0.0005147605447417249
0.918 0.0005324898263917146
0.919 0.0006789466541414
0.92 0.0007689936704585956
0.921 0.0007241332063146213
0.922 0.0006862236136471602
0.923 0.0007782666783106282
0.924 0.0009224425348574052
0.925 0.0010293784636799658
0.926 0.0010408349406370969
0.927 0.001194398800496711
0.928 0.0013581339403950508
0.929 0.0014992506665178294
0.93 0.001535082801856176
0.931 0.001639968414696331
0.932 0.0018482183922464731
0.933 0.0020473722407240167
0.934 0.0021454932441839457
0.935 0.0021993946730277866
0.936 0.002317001749326793
0.937 0.0024665655160861478
0.938 0.002585628094242694
0.939 0.0026798705232871658
0.94 0.0027104270900427207
0.941 0.0027064008774202435
0.942 0.0027059447086372904
0.943 0.0027550447384217147
0.944 0.00271682419900597
0.945 0.002669666780659842
0.946 0.0026085171094978148
0.947 0.0025338496124490103
0.948 0.002426457583771765
0.949 0.0023358565470844215
0.95 0.0022318972461961768
0.951 0.002120375458045312
0.952 0.0020580704041003985
0.953 0.0019779872217009923
0.954 0.001856878216766836
0.955 0.0017809505320346354
0.956 0.0017329173635741524
0.957 0.0016736345082254745
0.958 0.0016145725502746035
0.959 0.0016034296630607803
0.96 0.001598338807041475
0.961 0.001642037498895755
0.962 0.001748351149483112
0.963 0.0018793008751794345
0.964 0.0019570384402655184
0.965 0.002097541074165912
0.966 0.002308407120278671
0.967 0.0025611105703622103
0.968 0.0028295633629433067
0.969 0.00318887886071621
0.97 0.0036925715429488477
0.971 0.004261109748197285
0.972 0.004933121993048062
0.973 0.005769714995482676
0.974 0.006806515840683719
0.975 0.007978610573614896
0.976 0.009482121291386106
0.977 0.011272059080897937
0.978 0.013390350143661378
0.979 0.015834124428266018
0.98 0.018928658694725087
0.981 0.022325216118461673
0.982 0.02634742214986723
0.983 0.030884533111732063
0.984 0.03604289644565902
0.985 0.042180268028596035
0.986 0.0486252426352249
0.987 0.05561078623999711
0.988 0.06303947100632606
0.989 0.0718762156877228
0.99 0.08110007309183516
0.991 0.09061249094433016
0.992 0.10189178543635845
0.993 0.1127930417694057
0.994 0.12370969151204818
0.995 0.13468183500123185
0.996 0.14785058437261986
0.997 0.16084665446608593
0.998 0.17399023693529245
0.999 0.1869223083434961
1.0 0.1988730053674175
1.001 0.21051641259073395
1.002 0.22228575068109357
1.003 0.2342031607784254
1.004 0.2461445617244062
1.005 0.256822122478631
1.006 0.2666896536818887
1.007 0.2749418697001672
1.008 0.2835260017680499
1.009 0.291324339770431
1.01 0.2987860369785901
1.011 0.30646960704236687
1.012 0.3130660731730436
1.013 0.3192359512363897
1.014 0.32457724442942515
1.015 0.32975909325215613
1.016 0.3331417445833517
1.017 0.33662231202885884
1.018 0.3407711824211981
1.019 0.3445827682308567
1.02 0.34846286669156634
1.021 0.3520105372638209
1.022 0.35494288669539065
1.023 0.3563669158023944
1.024 0.3578122368634511
1.025 0.3586932521206878
1.026 0.3593574621747503
1.027 0.36064143683183714
1.028 0.36268668468558185
1.029 0.3645263145336032
1.03 0.36586889218542074
1.031 0.3672999378462087
1.032 0.3683096250625593
1.033 0.36874990266626606
1.034 0.370101029628304
1.035 0.37122556805879964
1.036 0.3725504710954363
1.037 0.37393640284604357
1.038 0.3748541662985229
1.039 0.37473012905054137
1.04 0.3742072734709969
1.041 0.3744001089303773
1.042 0.37483605143877063
1.043 0.37654448298543525
1.044 0.3781668609387973
1.045 0.3785364484103985
1.046 0.3786860728057345
1.047 0.3790791496361046
1.048 0.38012449060062997
1.049 0.38020271173911174
1.05 0.37996026692355755
1.051 0.37990624399137835
1.052 0.3808138479150629
1.053 0.38225747441356495
1.054 0.3825476543598531
1.055 0.3820038120892762
1.056 0.38084157999054785
1.057 0.38046591066932917
1.058 0.38061186153193743
1.059 0.3809158536245031
1.06 0.38161094858692657
1.061 0.38190812159918236
1.062 0.38229095700286975
1.063 0.3824767983016529
1.064 0.3824019729693501
1.065 0.38205430306932214
1.066 0.38220615387673035
1.067 0.3832131120923823
1.068 0.3839633229845975
1.069 0.3846039798935006
1.07 0.38389372306800607
1.071 0.3834339848162627
1.072 0.3830760292732111
1.073 0.38371212922989045
1.074 0.3846896418620735
1.075 0.3862339035973758
1.076 0.3882588165969336
1.077 0.3898850751231243
1.078 0.3912933744006375
1.079 0.3921670974331996
1.08 0.3936750969614964
1.081 0.39501015879683093
1.082 0.3958345198972837
1.083 0.39628832522493046
1.084 0.3970961082155496
1.085 0.39853887668112153
1.086 0.3999712293774709
1.087 0.40140097376604045
1.088 0.40185293361908675
1.089 0.40150636663825057
1.09 0.40114644079145123
1.091 0.4024880039330675
1.092 0.4048862557206841
1.093 0.4063414757842464
1.094 0.40684530305688965
1.095 0.40646277091731303
1.096 0.4064939572676516
1.097 0.4065562122429321
1.098 0.40732081514976526
1.099 0.40824977385566247
1.1 0.40899464715414113
1.101 0.409853516941994
1.102 0.4104006307978711
1.103 0.41059802784611754
1.104 0.4105442563890611
1.105 0.4104795402627903
1.106 0.41072377834188084
1.107 0.41133266856406575
1.108 0.4126716919743265
1.109 0.41276392886722496
1.11 0.4126983839195336
1.111 0.41265021272383845
1.112 0.4128966686129565
1.113 0.4127408995342864
1.114 0.4128640020837732
1.115 0.4137108207762292
1.116 0.41401409151235485
1.117 0.4144058446213907
1.118 0.4147567794884636
1.119 0.4147899858390311
1.12 0.4137996592692289
1.121 0.4128333277371306
1.122 0.41262059218051567
1.123 0.4121200511910892
1.124 0.4121187442453445
1.125 0.41300249205187023
1.126 0.41371482734116716
1.127 0.4131888871949774
1.128 0.4122569439410467
1.129 0.41180214129967
1.13 0.4123003619584826
1.131 0.4137335762673015
1.132 0.41443050926493
1.133 0.4141634962366965
1.134 0.41380810896176523
1.135 0.41375751830713575
1.136 0.4143364671581736
1.137 0.4149970982261368
1.138 0.4157144571035671
1.139 0.4159480037668952
1.14 0.41716128427440613
1.141 0.4190910452894441
1.142 0.421111052553519
1.143 0.422396151930316
1.144 0.42246971492589397
1.145 0.4225647927092419
1.146 0.4234027539780662
1.147 0.4248923884951804
1.148 0.42677119172231753
1.149 0.4272332861343368
1.15 0.4276608953764431
1.151 0.42813769477410857
1.152 0.4293140231067529
1.153 0.4298962824944847
1.154 0.4303866700066298
1.155 0.4311629490808012
1.156 0.43172707564736906
1.157 0.4330044436164367
1.158 0.4342116041269684
1.159 0.43529674828576487
1.16 0.434908958526794
1.161 0.43464515203707005
1.162 0.43497761167744825
1.163 0.43620418633921393
1.164 0.4371042961136748
1.165 0.437817020996289
1.166 0.43803201381033313
1.167 0.4379627063937322
1.168 0.4374811577062978
1.169 0.43769805745868795
1.17 0.4375128241808739
1.171 0.4372376207543077
1.172 0.4365270200587913
1.173 0.436750812442409
1.174 0.4363296581551515
1.175 0.4352567517702639
1.176 0.43310067906057403
1.177 0.43053618339745225
1.178 0.4281899595592979
1.179 0.4251568979750717
1.18 0.421676704475884
1.181 0.4176340232903742
1.182 0.41223274094124074
1.183 0.40503897564065333
1.184 0.39571070340448516
1.185 0.38657215481429746
1.186 0.37619808952116535
1.187 0.36457587341197634
1.188 0.35150414507031097
1.189 0.33915738963421527
1.19 0.32730879713914934
1.191 0.3141092173777451
1.192 0.30099781443676454
1.193 0.2884575066591048
1.194 0.2773198326880283
1.195 0.2677533091209891
1.196 0.2599574920747414
1.197 0.2543373613363208
1.198 0.25235547217503224
1.199 0.25313131612055795
1.2 0.25489184103754375
1.201 0.25784266253206367
1.202 0.26339400278767766
1.203 0.27157400958288164
1.204 0.28121443162604254
1.205 0.2917531163814591
1.206 0.30398817981564835
1.207 0.3166105512795263
1.208 0.3293779500101952
1.209 0.3425828820865567
1.21 0.35737368612635273
1.211 0.3710403716705122
1.212 0.3832026705767888
1.213 0.3951983525279286
1.214 0.40584772420843995
1.215 0.4148526439637521
1.216 0.42238465165288425
1.217 0.4297069899860148
1.218 0.43653658566289766
1.219 0.4418049337638205
1.22 0.44507226986529314
1.221 0.4469184425030182
1.222 0.44869689163447696
1.223 0.450627352028608
1.224 0.4511362060745174
1.225 0.4515626568352933
1.226 0.4519232186893376
1.227 0.4529656916307921
1.228 0.4533973618390367
1.229 0.45335305573471235
1.23 0.45271666295643054
1.231 0.4520088294968256
1.232 0.4524320269482146
1.233 0.45330563177613586
1.234 0.4539501559686823
1.235 0.4539246036244034
1.236 0.4538445461919752
1.237 0.45419706201946086
1.238 0.45412214328127676
1.239 0.4539383083430122
1.24 0.4539217234406023
1.241 0.45465425302823026
1.242 0.45559185101916294
1.243 0.4560668652812693
1.244 0.456319618717888
1.245 0.4556784914268096
1.246 0.4557438906947457
1.247 0.4555037563157742
1.248 0.4557528636322406
1.249 0.4563168454592304
1.25 0.457115436545615
1.251 0.45743271886833375
1.252 0.4575122664852434
1.253 0.45786260391131045
1.254 0.45748965694465266
1.255 0.45748539367724816
1.256 0.4573746921791011
1.257 0.45743527673555395
1.258 0.45766953256092197
1.259 0.45836122428762666
1.26 0.4590419723705792
1.261 0.4593149411254274
1.262 0.4593363089212984
1.263 0.45911011718720557
1.264 0.4592340227833589
1.265 0.45998139046570985
1.266 0.4606898742227142
1.267 0.46133404798375566
1.268 0.46109992836819497
1.269 0.4605552022475393
1.27 0.46004262039887045
1.271 0.46035543190890493
1.272 0.4605355598620081
1.273 0.46056432690568433
1.274 0.4606700409746231
1.275 0.4608812873289345
1.276 0.4610716732228437
1.277 0.4614575476026685
1.278 0.46142108919088787
1.279 0.46067781568965127
1.28 0.4600176511157496
1.281 0.4605179166281748
1.282 0.461111174307235
1.283 0.46175798177186006
1.284 0.46196912847305666
1.285 0.46222967011946536
1.286 0.4617478067808363
1.287 0.46113129633300887
1.288 0.46080365907072707
1.289 0.4607351709391474
1.29 0.4604519786094412
1.291 0.4601855330217162
1.292 0.4605777319610101
1.293 0.46084895764327966
1.294 0.4605172053337615
1.295 0.45927101233562834
1.296 0.458231836552771
1.297 0.4591695103243734
1.298 0.461323733391281
1.299 0.4635548353681782
1.3 0.4638756905807949
1.301 0.46350400315364343
1.302 0.4621980713374302
1.303 0.4617331752284261
1.304 0.46147315327684957
1.305 0.46201612363098005
1.306 0.46217066078515207
1.307 0.46246064931621184
1.308 0.46245473348040705
1.309 0.4631490052220519
1.31 0.4634475816213565
1.311 0.4643212086259974
1.312 0.46485618159838565
1.313 0.46536962380219665
1.314 0.4659143433492903
1.315 0.4674637199188885
1.316 0.46862196710346504
1.317 0.46872807005163053
1.318 0.46834059013456714
1.319 0.4691184643455476
1.32 0.47003766594610213
1.321 0.47036137970918407
1.322 0.46965784256927534
1.323 0.47017326084393235
1.324 0.4713964548130268
1.325 0.47251747763853924
1.326 0.47243328858869194
1.327 0.47188425629848885
1.328 0.47134506493719724
1.329 0.47112990264176285
1.33 0.47207306800303894
1.331 0.47330674476742496
1.332 0.4742493911996541
1.333 0.4740450137369652
1.334 0.4733394092862623
1.335 0.4725199608355154
1.336 0.4728026026684507
1.337 0.47399198153530253
1.338 0.474790995899659
1.339 0.474996437898647
1.34 0.47530824092185264
1.341 0.4759701858891757
1.342 0.4767147693970342
1.343 0.4770307958710934
1.344 0.47697223452362586
1.345 0.4767736846494124
1.346 0.47691618775655575
1.347 0.47753072552638254
1.348 0.4790049784904781
1.349 0.48003444184943944
1.35 0.4795279592546246
1.351 0.4784848886043061
1.352 0.47804974612530626
1.353 0.4784441084902631
1.354 0.48007597759416676
1.355 0.48109257768131564
1.356 0.48093641302014817
1.357 0.4807575608436447
1.358 0.48144970782730984
1.359 0.4811136922052598
1.36 0.4799675522573112
1.361 0.4793287512440581
1.362 0.4801485097401121
1.363 0.4813129457374075
1.364 0.482171422012606
1.365 0.48178793966913114
1.366 0.4807570719998104
1.367 0.4786928966104486
1.368 0.47739399049374176
1.369 0.47715049025990175
1.37 0.4779590249031537
1.371 0.47812669888190007
1.372 0.47711259423916325
1.373 0.4750117028315969
1.374 0.47271991098897526
1.375 0.4714640417017511
1.376 0.47097226148209337
1.377 0.47023384584949357
1.378 0.4686687203145906
1.379 0.46725710727346725
1.38 0.4664826182162696
1.381 0.4653920904174208
1.382 0.4641761132673214
1.383 0.46278496237832034
1.384 0.4614322825740233
1.385 0.46107326931811843
1.386 0.46179683694678
1.387 0.4623597034573701
1.388 0.46179968008257555
1.389 0.4614168104215188
1.39 0.4614893269432843
1.391 0.46212896150491334
1.392 0.46217981355833687
1.393 0.4631887837345497
1.394 0.46464822368589886
1.395 0.46614478688271005
1.396 0.46611393099983106
1.397 0.46636548080402046
1.398 0.46720675624710356
1.399 0.46816904297219003
1.4 0.46897093843842547
1.401 0.47004424646261445
1.402 0.4709751407624962
1.403 0.4715186661326407
1.404 0.4722685148024471
1.405 0.4728015745361253
1.406 0.47248829136770587
1.407 0.4727531667494057
1.408 0.47389587747552414
1.409 0.47529868207327514
1.41 0.47613115710169995
1.411 0.47744625038915584
1.412 0.47898924671096543
1.413 0.48002193567538487
1.414 0.48050704349280077
1.415 0.48026636411776163
1.416 0.48094349334578906
1.417 0.48252248118021357
1.418 0.4838630309560745
1.419 0.48403371673989953
1.42 0.4830200089929516
1.421 0.4823748983623191
1.422 0.481052214064445
1.423 0.47995284159901763
1.424 0.4779027636260078
1.425 0.4759397300904276
1.426 0.47374481847871286
1.427 0.4710407294153137
1.428 0.4671193695298074
1.429 0.46252009213102324
1.43 0.45815706598400563
1.431 0.45270568963998514
1.432 0.4465097069569348
1.433 0.44038316229955204
1.434 0.43402604064896483
1.435 0.4269202463253686
1.436 0.4186349631942202
1.437 0.41180347384832977
1.438 0.40348325150950304
1.439 0.39401359707216793
1.44 0.3832181040807817
1.441 0.37420001235606654
1.442 0.36556111563614985
1.443 0.3558734137833645
1.444 0.34556928579863866
1.445 0.33555872660214603
1.446 0.325736169465881
1.447 0.3170906610874346
1.448 0.3093196671544671
1.449 0.30295683609629426
1.45 0.2965404530635415
1.451 0.29134164881753505
1.452 0.2866767293996216
1.453 0.28258776011173165
1.454 0.2802065853145726
1.455 0.2797647342472742
1.456 0.28099809006399434
1.457 0.2827931675678592
1.458 0.28631847943566074
1.459 0.29170060008498894
1.46 0.2987090223493802
1.461 0.3063618904233002
1.462 0.3145752736886175
1.463 0.324320364831245
1.464 0.335363897501602
1.465 0.34904783517137195
1.466 0.3625708919099516
1.467 0.37638594848254897
1.468 0.38757615426590325
1.469 0.3996700896352206
1.47 0.41171070726362924
1.471 0.4244984312936448
1.472 0.4375896795174082
1.473 0.4494082904420705
1.474 0.4609067241718806
1.475 0.4694990167523818
1.476 0.47823591136437876
1.477 0.4844619988344491
1.478 0.49017736262539885
1.479 0.49468013450565157
1.48 0.4996794874738707
1.481 0.5033929222061128
1.482 0.5064403189357941
1.483 0.5091310690974861
1.484 0.511413427648797
1.485 0.5116607851918406
1.486 0.5116287128911758
1.487 0.5108969327542472
1.488 0.5115640931757026
1.489 0.5124134243767422
1.49 0.5141036686857314
1.491 0.5148991620062321
1.492 0.5150709696219575
1.493 0.5145244486252749
1.494 0.5132224919878491
1.495 0.5124369357313875
1.496 0.512019825117831
1.497 0.513369421408839
1.498 0.5140768299350914
1.499 0.5148611447194438
1.5 0.5143678816506093
1.501 0.514415033406422
1.502 0.5143450742361232
1.503 0.5141204358014396
1.504 0.5141929283729942
1.505 0.5154136631665018
1.506 0.5170677052992158
1.507 0.5172913540240327
1.508 0.5178611642980487
1.509 0.518427236795276
1.51 0.5184453729373757
1.511 0.5186046695218978
1.512 0.5189446995639619
1.513 0.5197764214565335
1.514 0.5205789491582123
1.515 0.5213793735335409
1.516 0.522199476047729
1.517 0.5226737593630643
1.518 0.5225627994849114
1.519 0.5211033604996885
1.52 0.520363992147075
1.521 0.5201787733520727
1.522 0.5208275039173018
1.523 0.5226586205000107
1.524 0.5239830002412206
1.525 0.523707412560698
1.526 0.5235676465589658
1.527 0.5236722332689614
1.528 0.5250740683459941
1.529 0.5253725289928485
1.53 0.5262528282822331
1.531 0.5262686169978503
1.532 0.5271758891435248
1.533 0.5272600065021747
1.534 0.5267524090986714
1.535 0.5264663902168888
1.536 0.5263413398311121
1.537 0.5269233559231338
1.538 0.5279910942876631
1.539 0.5290055296268887
1.54 0.5291212730628161
1.541 0.5287709441780087
1.542 0.5282701302618686
1.543 0.5266815502130618
1.544 0.525783970876607
1.545 0.5255515464084622
1.546 0.5272108484821795
1.547 0.5276022583841228
1.548 0.5282875125153539
1.549 0.5281021822339343
1.55 0.527819303345592
1.551 0.5270024503802614
1.552 0.5271105138263714
1.553 0.5279913568814248
1.554 0.5284069270977236
1.555 0.5295945836078302
1.556 0.5305890854903267
1.557 0.5303609721571044
1.558 0.528849205465277
1.559 0.5275895509136637
1.56 0.5277386714718306
1.561 0.5284791325901338
1.562 0.5292376885296334
1.563 0.5300397429535055
1.564 0.5312689318144597
1.565 0.5312449668402711
1.566 0.5292837579841351
1.567 0.5279299320829802
1.568 0.5275036701477994
1.569 0.527832399126788
1.57 0.5280797459412572
1.571 0.5285156595973866
1.572 0.5293983714540349
1.573 0.5294866406629724
1.574 0.5289490796650695
1.575 0.5278760595340563
1.576 0.5277252953784759
1.577 0.5279598535396228
1.578 0.5285387435721262
1.579 0.5295534452326228
1.58 0.5305441886387151
1.581 0.5312020224912823
1.582 0.5290299199973529
1.583 0.5275236022774402
1.584 0.5277304876423864
1.585 0.5291250598880558
1.586 0.5282454497345597
1.587 0.5274899147585873
1.588 0.5276223443153165
1.589 0.5270684720414516
1.59 0.5265242755141756
1.591 0.5253549029074371
1.592 0.5255765902858776
1.593 0.5258693762217931
1.594 0.5262965635562681
1.595 0.5263519307033087
1.596 0.5264981848971079
1.597 0.5275118628920048
1.598 0.5268238304681486
1.599 0.5262882900009018
1.6 0.5258503490970761
1.601 0.5263695345654819
1.602 0.52783233578998
1.603 0.5300388930719878
1.604 0.5322426958579125
1.605 0.5313558965651356
1.606 0.5302437014339281
1.607 0.5290865455936319
1.608 0.5288483309834526
1.609 0.5291855910085417
1.61 0.5302512559100585
1.611 0.5309860249499434
1.612 0.5300392553572276
1.613 0.5304394928096967
1.614 0.5314681158119958
1.615 0.5315430850687075
1.616 0.5300048910043107
1.617 0.5294339564443351
1.618 0.530428755133585
1.619 0.5321828351575228
1.62 0.5333222506237137
1.621 0.5335320136587651
1.622 0.532398153365748
1.623 0.5314930576137268
1.624 0.5307758584965435
1.625 0.5324280851335809
1.626 0.5347372395220991
1.627 0.5366942656975192
1.628 0.5366080281113604
1.629 0.5378177300381483
1.63 0.5377180336590212
1.631 0.5352499615601208
1.632 0.5334413010502139
1.633 0.5337726000618437
1.634 0.5354102825163126
1.635 0.5364262824731316
1.636 0.5382673982600051
1.637 0.5379515379771985
1.638 0.5372462987595861
1.639 0.5358546493966898
1.64 0.5360444220086931
1.641 0.5369455072270307
1.642 0.5378690583258947
1.643 0.5372783942780668
1.644 0.5371731051634601
1.645 0.5368223014296746
1.646 0.536809134822762
1.647 0.5362481720029136
1.648 0.5363776248363585
1.649 0.535348081760342
1.65 0.5357976546590284
1.651 0.5371236892615406
1.652 0.5387193286422461
1.653 0.5385023369797975
1.654 0.5370872632952863
1.655 0.5363495520328232
1.656 0.5358660365782865
1.657 0.5356368337449663
1.658 0.5354685614637741
1.659 0.5364191023367586
1.66 0.5369937555009977
1.661 0.5363356463869134
1.662 0.5353800510088988
1.663 0.5349227940748327
1.664 0.5334236334127317
1.665 0.5324641785399771
1.666 0.5321264791044948
1.667 0.5327890018832258
1.668 0.5320768155635747
1.669 0.5313725399718249
1.67 0.529192372981663
1.671 0.5270288719803615
1.672 0.5246392999117544
1.673 0.5249303900974325
1.674 0.5271438615456385
1.675 0.5293212973019299
1.676 0.5308564134945349
1.677 0.5312806836404188
1.678 0.5314985553150954
1.679 0.5322067356353436
1.68 0.5345029118422745
1.681 0.5349229715294473
1.682 0.534378036337299
1.683 0.5355787683822815
1.684 0.5375576665214518
1.685 0.5398517137562739
1.686 0.5401823253064346
1.687 0.5395219694688295
1.688 0.5387114584257858
1.689 0.5397917127156509
1.69 0.5396227706045512
1.691 0.5403560680860584
1.692 0.54114723739049
1.693 0.5426310639446812
1.694 0.5420816621303255
1.695 0.5417128918227153
1.696 0.5398508350033071
1.697 0.5399149878707216
1.698 0.5395828226012277
1.699 0.5399955691828167
1.7 0.5404350138874415
1.701 0.5418564102038969
1.702 0.5415593423148045
1.703 0.539669276619959
1.704 0.537551734275174
1.705 0.5363362707753004
1.706 0.536528135356384
1.707 0.5367777460448429
1.708 0.5368038543033432
1.709 0.5366868623738663
1.71 0.5357517594568795
1.711 0.535078993063164
1.712 0.5338577995151473
1.713 0.5324889931221861
1.714 0.531647798302067
1.715 0.5320821552268047
1.716 0.5330434753419675
1.717 0.5333942422229031
1.718 0.5350427822204739
1.719 0.5351707898831591
1.72 0.5348858048571328
1.721 0.5335487016400895
1.722 0.5348053502786123
1.723 0.535960973620253
1.724 0.5369679350499548
1.725 0.5384746668055869
1.726 0.5405727608495089
1.727 0.5421293544849445
1.728 0.5404440655449317
1.729 0.5389446174616519
1.73 0.5375857584389324
1.731 0.5383269419595182
1.732 0.5390414396304206
1.733 0.5398849418080187
1.734 0.5400520987580604
1.735 0.5394988102893467
1.736 0.5391772700367314
1.737 0.5392197384011848
1.738 0.5400374082422336
1.739 0.5406762278270408
1.74 0.5413893763294502
1.741 0.5415936142765709
1.742 0.5421428277835012
1.743 0.5433597357769541
1.744 0.5431531020799366
1.745 0.5424113170474991
1.746 0.541714878916713
1.747 0.5417913816400505
1.748 0.541997674701824
1.749 0.5433337044959923
1.75 0.5455765379513859
1.751 0.5460148956494089
1.752 0.5446668362844611
1.753 0.5436766582080005
1.754 0.543040666057827
1.755 0.5436170674614788
1.756 0.5440651890758286
1.757 0.5451709156363955
1.758 0.5445409915689652
1.759 0.5448164015500727
1.76 0.5446677853012385
1.761 0.5436609861259432
1.762 0.5420490105004124
1.763 0.541814269518516
1.764 0.5427928785658734
1.765 0.5440088322062226
1.766 0.5448293148208632
1.767 0.5450840362903777
1.768 0.5434699751952966
1.769 0.5422606529427018
1.77 0.5409777493788966
1.771 0.5416101524205521
1.772 0.5417537146615012
1.773 0.5411501251886532
1.774 0.5417454584158086
1.775 0.5444224533644323
1.776 0.5498546838477257
1.777 0.5477303410011516
1.778 0.5434547545591307
1.779 0.5399253779747506
1.78 0.5425732175042612
1.781 0.5440562672939464
1.782 0.545767898196248
1.783 0.5472207157726302
1.784 0.5473610476601501
1.785 0.5461167084781706
1.786 0.54542846919478
1.787 0.5459630781102144
1.788 0.5469834364892417
1.789 0.5480986059570073
1.79 0.5488040822412832
1.791 0.5489870492787076
1.792 0.5483199144059762
1.793 0.5469384338021308
1.794 0.5461641107154975
1.795 0.5461498897861384
1.796 0.5454672704158952
1.797 0.5455221490683715
1.798 0.546722296108227
1.799 0.5487722050670923
1.8 0.5488801258387334
1.801 0.54874994988342
1.802 0.5484618255731577
1.803 0.5481257534231995
1.804 0.548119807048913
1.805 0.5485567866886978
1.806 0.5500283179450672
1.807 0.5504095974854032
1.808 0.5507589072388758
1.809 0.5503522576668679
1.81 0.5501964755336713
1.811 0.5499208057778586
1.812 0.5500443128009559
1.813 0.5511330073325387
1.814 0.5528210237859442
1.815 0.553919552234638
1.816 0.5537151792718481
1.817 0.5531790001983065
1.818 0.5519103346075483
1.819 0.5500633084925468
1.82 0.5488200507176759
1.821 0.5488313215629489
1.822 0.5498141455380637
1.823 0.5502841362255497
1.824 0.5506044134330983
1.825 0.5501878278465825
1.826 0.5494684532820951
1.827 0.5484551906690444
1.828 0.5482454500367091
1.829 0.5481121058593833
1.83 0.5486954201820939
1.831 0.5497571834712423
1.832 0.5512656080172909
1.833 0.5510085521063394
1.834 0.5500206027305212
1.835 0.5495968223477264
1.836 0.5496859138524546
1.837 0.5498700348758286
1.838 0.5506525022851584
1.839 0.5530220611484726
1.84 0.5534163624528009
1.841 0.5522831270780297
1.842 0.5502047033159326
1.843 0.5490817290127066
1.844 0.5488962996561102
1.845 0.5500305254716467
1.846 0.5515855708319601
1.847 0.5521661588863737
1.848 0.5523576799630202
1.849 0.5514035759746635
1.85 0.5504076905658093
1.851 0.5492138289284884
1.852 0.5488337681472238
1.853 0.549216458768499
1.854 0.5502547567386248
1.855 0.5513124687966277
1.856 0.5510068590438463
1.857 0.549951995597775
1.858 0.5485805204470645
1.859 0.5482526892102326
1.86 0.5482063657802694
1.861 0.547988090207101
1.862 0.5490176883036084
1.863 0.5504052268719418
1.864 0.5520810169551182
1.865 0.5519321786418746
1.866 0.5506302400813305
1.867 0.5488609916136702
1.868 0.5487140242486873
1.869 0.5507489876337613
1.87 0.5516460135558016
1.871 0.5521148386710706
1.872 0.551839758017184
1.873 0.5532007471495883
1.874 0.5535852894541942
1.875 0.5535754554777994
1.876 0.5529153136874386
1.877 0.5533859246177362
1.878 0.5541135233670244
1.879 0.5550693742232995
1.88 0.5557337741959344
1.881 0.554728403627766
1.882 0.5524245550947352
1.883 0.5506290397425
1.884 0.5500554172026486
1.885 0.5508616490083437
1.886 0.5518176386726419
1.887 0.5527382561214272
1.888 0.5524464908233643
1.889 0.5520713809617942
1.89 0.5509808798913903
1.891 0.549765818000516
1.892 0.5494549323522679
1.893 0.5493083179191256
1.894 0.5494045375199303
1.895 0.5499568214983647
1.896 0.5512506078149105
1.897 0.5521501561797315
1.898 0.5511756561500928
1.899 0.5499030395910292
1.9 0.5490223018898023
1.901 0.5501169256644807
1.902 0.5506395246546513
1.903 0.5507639477984583
1.904 0.5509684140615609
1.905 0.551014574412529
1.906 0.5500312245053792
1.907 0.5485455822523103
1.908 0.5485447472752506
1.909 0.5496656224141586
1.91 0.5511342996244681
1.911 0.5524194976483584
1.912 0.5525305084889582
1.913 0.5527836590217443
1.914 0.5519458303084018
1.915 0.5508293558360335
1.916 0.5491493579996282
1.917 0.548868911672947
1.918 0.550273898248241
1.919 0.5510312520871745
1.92 0.5514445542061412
1.921 0.5506252845724715
1.922 0.5504918703430094
1.923 0.5495759294935177
1.924 0.5486102450575249
1.925 0.5475051901762532
1.926 0.5471769713308805
1.927 0.5477794968084799
1.928 0.5481811408461925
1.929 0.548209411691486
1.93 0.5475811494053041
1.931 0.5465113022025916
1.932 0.5448575220765441
1.933 0.5431925300645157
1.934 0.5437556131298849
1.935 0.5450586913027019
1.936 0.5464141399703165
1.937 0.5461865189639666
1.938 0.5464510599079486
1.939 0.5459013607389172
1.94 0.545605892028712
1.941 0.5454285993075987
1.942 0.5462400110141182
1.943 0.5479601335048756
1.944 0.5494519792384711
1.945 0.5506786953661154
1.946 0.5510274906033454
1.947 0.5505805740966188
1.948 0.54919096193785
1.949 0.5480707897027955
1.95 0.5485678218749501
1.951 0.5500522173329817
1.952 0.5512257982783895
1.953 0.5512462687706253
1.954 0.5511619575958245
1.955 0.5509338517363913
1.956 0.5505486721688031
1.957 0.5502941811850018
1.958 0.5503240833586835
1.959 0.5503847083556039
1.96 0.5508182252267045
1.961 0.5509295298919836
1.962 0.5513377611136123
1.963 0.5510758907291959
1.964 0.550853745529899
1.965 0.5499474845380473
1.966 0.5504709855986711
1.967 0.5517545195815728
1.968 0.5520061031899068
1.969 0.5514620185445952
1.97 0.5503208955754815
1.971 0.5504696795663683
1.972 0.5500415246782664
1.973 0.5502860600363517
1.974 0.5498783814777154
1.975 0.5502871339431281
1.976 0.550773587317949
1.977 0.5512672176999875
1.978 0.5520629336193005
1.979 0.5523368988212852
1.98 0.5522318361823931
1.981 0.5513665963026818
1.982 0.5512309969524943
1.983 0.5516642820276931
1.984 0.5520670330515849
1.985 0.5529223137928706
1.986 0.5535124688402621
1.987 0.5544202629721041
1.988 0.5539987150202494
1.989 0.5537019230147375
1.99 0.5531533580391141
1.991 0.5534219248614134
1.992 0.5535316640869804
1.993 0.5526974528125996
1.994 0.5511247342992268
1.995 0.5481876906933759
1.996 0.5449926657270496
1.997 0.5420157424030463
1.998 0.5440229963570192
1.999 0.5467949380203739
2.0 0.5486491913196272
2.001 0.5486796860515957
2.002 0.5487436804577209
2.003 0.5484734525730341
2.004 0.5478382066247081
2.005 0.5484998421078037
2.006 0.5488496643465707
2.007 0.5502396090351105
2.008 0.5505876568290367
2.009 0.5504008043012815
2.01 0.5497265916953613
2.011 0.5487511259224536
2.012 0.5484672961665181
2.013 0.5487817243711385
2.014 0.5496395066205845
2.015 0.5491667178731667
2.016 0.5487572463963329
2.017 0.5490395816787288
2.018 0.5492313407872174
2.019 0.5485335901021272
2.02 0.5471045284284659
2.021 0.5472961192905665
2.022 0.549157707389718
2.023 0.5502607814008907
2.024 0.5494207936096093
2.025 0.5478507461190608
2.026 0.5477330811003689
2.027 0.5472941909005583
2.028 0.5469473123575107
2.029 0.5462600211183357
2.03 0.5473663476786734
2.031 0.5488661375556771
2.032 0.5494373691765688
2.033 0.5485150022075634
2.034 0.5476317350401075
2.035 0.5477551744714806
2.036 0.5477116255548757
2.037 0.5474237186134906
2.038 0.5474631008342621
2.039 0.5471031732177091
2.04 0.546025950295706
2.041 0.5446384606259042
2.042 0.5440670791765311
2.043 0.5441854190191521
2.044 0.5440763316033288
2.045 0.5438828774803682
2.046 0.5432277926146589
2.047 0.5434959009623512
2.048 0.5433684608765658
2.049 0.5430922157430857
2.05 0.5427209683881729
2.051 0.5420169180931921
2.052 0.541189349548057
2.053 0.5399891219495103
2.054 0.5408667885877464
2.055 0.5414547514981419
2.056 0.542600949030499
2.057 0.5430017634374136
2.058 0.5442689369814007
2.059 0.5447801678057128
2.06 0.544063421052773
2.061 0.5435623008113172
2.062 0.5435842257231014
2.063 0.5452947971640851
2.064 0.5455749572370255
2.065 0.545339512133476
2.066 0.5448297698365894
2.067 0.5440537307534102
2.068 0.5441247164434887
2.069 0.5438573822211038
2.07 0.5451535207564799
2.071 0.5462317821112533
2.072 0.5483106722157585
2.073 0.5489546110383552
2.074 0.549310207232813
2.075 0.5504472713154924
2.076 0.5505817068128269
2.077 0.5494646000496775
2.078 0.5476522732228327
2.079 0.5484860176053212
2.08 0.5503854848744631
2.081 0.5515915784726559
2.082 0.5520068315651886
2.083 0.5520259859386704
2.084 0.5528315378694995
2.085 0.5519396409597851
2.086 0.552550899059054
2.087 0.5527434517734496
2.088 0.5540950022341337
2.089 0.5525909158754665
2.09 0.5506834498345953
2.091 0.5494239024011333
2.092 0.5501562501077022
2.093 0.5513725702636649
2.094 0.5506328993634524
2.095 0.5493357979339828
2.096 0.5489065918961115
2.097 0.5503872395862173
2.098 0.5517163468183773
2.099 0.551620115255057
2.1 0.5507299722432347
2.101 0.5503009886470166
2.102 0.5500645161199808
2.103 0.5494938915999107
2.104 0.5490136664943154
2.105 0.5499862124197546
2.106 0.5506409655622276
2.107 0.5506639294769744
2.108 0.550362627648288
2.109 0.5509588146283284
2.11 0.551695731360828
2.111 0.5507465069581937
2.112 0.5495508525830598
2.113 0.5498525837396339
2.114 0.5511124605852008
2.115 0.5507836333958193
2.116 0.5503047746936546
2.117 0.5503615876111698
2.118 0.5509592877616756
2.119 0.5517393842226861
2.12 0.5526332226418611
2.121 0.5534248070476027
2.122 0.5532435191974229
2.123 0.5523015725864613
2.124 0.551912130800561
2.125 0.553074181112499
2.126 0.554556284665649
2.127 0.5536957487867991
2.128 0.5522717022037275
2.129 0.5514971961361674
2.13 0.5527064627373662
2.131 0.5537425338768266
2.132 0.5534217849713654
2.133 0.5523725396569608
2.134 0.5508056089841444
2.135 0.5506886199042273
2.136 0.5501747419786529
2.137 0.5496188568996766
2.138 0.5482054151182684
2.139 0.5468213549526044
2.14 0.5452704447438096
2.141 0.544208491713381
2.142 0.5446544217673022
2.143 0.5444683984878842
2.144 0.5440960130845394
2.145 0.5428921122375849
2.146 0.5428010110477345
2.147 0.5429697125051759
2.148 0.5433371124189598
2.149 0.5435371176844631
2.15 0.5430282950138614
2.151 0.5420079487411306
2.152 0.5403259185626619
2.153 0.5394019110112129
2.154 0.5390703998660518
2.155 0.5392826131246656
2.156 0.5398863403582055
2.157 0.538804240749897
2.158 0.5378580691664377
2.159 0.5382072930378701
2.16 0.5390845439385056
2.161 0.5385757569701539
2.162 0.5373583739126832
2.163 0.5372514963716202
2.164 0.536054894585877
2.165 0.5343159220561722
2.166 0.532635610190319
2.167 0.5327600771787476
2.168 0.5330901371709885
2.169 0.5320211412626713
2.17 0.5309442879778986
2.171 0.5302696116436708
2.172 0.5304504009194515
2.173 0.530161935732341
2.174 0.5300947084998527
2.175 0.5291027192643187
2.176 0.5266878240004703
2.177 0.523838132699498
2.178 0.5209842046990195
2.179 0.519040756706328
2.18 0.516901568636777
2.181 0.5153122544619195
2.182 0.5142478616485808
2.183 0.5128501910160634
2.184 0.5101168444330287
2.185 0.5062565294106988
2.186 0.5032844806057699
2.187 0.4998091788307365
2.188 0.4982357793066957
2.189 0.49509035177884314
2.19 0.4934818868990987
2.191 0.48965797649050796
2.192 0.48743415330271006
2.193 0.48369224778107917
2.194 0.4810009579008479
2.195 0.4771037130106648
2.196 0.47427581924094847
2.197 0.4709498328225769
2.198 0.46701631217859424
2.199 0.46272082955882926
2.2 0.4597643108354035
2.201 0.45590195535262384
2.202 0.4514187147440126
2.203 0.4463910395775135
2.204 0.4426776521615227
2.205 0.4399185205013712
2.206 0.4380412510323829
2.207 0.4358168849437705
2.208 0.4329915044229162
2.209 0.4298024304007387
2.21 0.4270485755576721
2.211 0.42572536159080443
2.212 0.4257480343885835
2.213 0.42590264590850546
2.214 0.42541335045240225
2.215 0.42440988551033143
2.216 0.42461227625460685
2.217 0.4258080754519744
2.218 0.4272445372483624
2.219 0.4280296787933026
2.22 0.4291361049740738
2.221 0.43063560657983535
2.222 0.4316316517739118
2.223 0.4335033501772541
2.224 0.43542583509942473
2.225 0.4367888101399708
2.226 0.43687955136882034
2.227 0.4373090101353093
2.228 0.43806434466431554
2.229 0.4394417995322005
2.23 0.4410232384201519
2.231 0.4417884364879844
2.232 0.4421997052392026
2.233 0.4431774427556301
2.234 0.4443727893780778
2.235 0.44526258700929305
2.236 0.4460203943636518
2.237 0.44643535331154316
2.238 0.44670521042895023
2.239 0.4479232559234915
2.24 0.4493364461647684
2.241 0.4489754214192779
2.242 0.44753320162870314
2.243 0.44691642303524065
2.244 0.44829202364181364
2.245 0.45016969769621173
2.246 0.4516074942340935
2.247 0.4518201904852219
2.248 0.4505946014528939
2.249 0.45025855753231137
2.25 0.4507043723754124
2.251 0.4520668695670281
2.252 0.4519267329374585
2.253 0.45135414897048487
2.254 0.45100424071655604
2.255 0.4516553996428688
2.256 0.45276248596055035
2.257 0.45267369212492814
2.258 0.4525966838261848
2.259 0.45251202793266515
2.26 0.4529512623685582
2.261 0.4531041518287526
2.262 0.45406254492902304
2.263 0.454231586959936
2.264 0.4536188790384417
2.265 0.4529692603251275
2.266 0.4539241368043248
2.267 0.45495362509821013
2.268 0.45590045356519676
2.269 0.45742465386117914
2.27 0.46011751548688423
2.271 0.46308187103320736
2.272 0.4662782615609306
2.273 0.46837171551382656
2.274 0.4699190348562716
2.275 0.4714910070959975
2.276 0.4737182910359042
2.277 0.4760017127597776
2.278 0.4776843732088065
2.279 0.4791819119843386
2.28 0.47996738287108337
2.281 0.4810758836976758
2.282 0.48309066449185634
2.283 0.4862103635421319
2.284 0.48883983351305926
2.285 0.4895372400278766
2.286 0.490175270570458
2.287 0.49136295874964664
2.288 0.493437270233822
2.289 0.49504273067357146
2.29 0.496310564711314
2.291 0.49672895852957494
2.292 0.4969448313995973
2.293 0.4982321350361319
2.294 0.5006359636602649
2.295 0.5029805567990879
2.296 0.5035954149773476
2.297 0.5038510988558597
2.298 0.5044225243446685
2.299 0.5065420090501477
2.3 0.5087242508256986
2.301 0.5095242432276863
2.302 0.5098151803315141
2.303 0.5110651884864824
2.304 0.5142622519794524
2.305 0.5174752948027559
2.306 0.5200431365358571
2.307 0.521384814002633
2.308 0.5236022556775534
2.309 0.5270358478254045
2.31 0.5298673538725862
2.311 0.5320096117037991
2.312 0.5337551584497928
2.313 0.5341069994416817
2.314 0.5337291000540969
2.315 0.5336093028569687
2.316 0.5359317590867055
2.317 0.5380058090167192
2.318 0.5392838605641337
2.319 0.5393322356982239
2.32 0.539673660173523
2.321 0.5406073534782675
2.322 0.5427263788421008
2.323 0.5443477225922201
2.324 0.5439518963830718
2.325 0.5432917202074142
2.326 0.5434504300000256
2.327 0.5435994513107509
2.328 0.54496321080367
2.329 0.545586995369826
2.33 0.5460773940554893
2.331 0.5449359429101145
2.332 0.5466806010227575
2.333 0.5492361711697181
2.334 0.5506357266365686
2.335 0.5498229597432895
2.336 0.54915130979837
2.337 0.549228713882467
2.338 0.549543073114414
2.339 0.5501166387158932
2.34 0.5499403540914392
2.341 0.5496900584935394
2.342 0.5496438352370537
2.343 0.5493368563165631
2.344 0.5498943733595797
2.345 0.549426006293778
2.346 0.5495745736581087
2.347 0.5496107229702172
2.348 0.5514120583236357
2.349 0.5533274338689834
2.35 0.5541850869315756
2.351 0.5548923584620938
2.352 0.554724134276761
2.353 0.5558513999367973
2.354 0.5567577341253034
2.355 0.5583891963745943
2.356 0.5594836859526942
2.357 0.5598895188193747
2.358 0.5607213175447062
2.359 0.56168715501718
2.36 0.563703198042195
2.361 0.5636178926843525
2.362 0.5631890686122366
2.363 0.5615875648644285
2.364 0.5614758750501462
2.365 0.5626340991907153
2.366 0.5638895905726843
2.367 0.5648948689817432
2.368 0.5646329652011126
2.369 0.5640662443914062
2.37 0.5639282294952034
2.371 0.5646331097031556
2.372 0.5653682715638686
2.373 0.5644508496649779
2.374 0.5637272828826475
2.375 0.5638438977371266
2.376 0.5650116510209878
2.377 0.5648596970701546
2.378 0.5646529496154313
2.379 0.5637610924655089
2.38 0.5623774096128543
2.381 0.0
2.3819999999999997 0.0
