###   Wavelength (A)        Transmission
    5.5015002441E+03    1.8789218879E-09
    5.5115002441E+03    1.9526402426E-09
    5.5215002441E+03    3.1696249822E-09
    5.5315002441E+03    4.5460943395E-09
    5.5415002441E+03    4.6489966938E-09
    5.5515002441E+03    4.5992829352E-09
    5.5615002441E+03    4.4316179103E-09
    5.5715002441E+03    5.6446034903E-09
    5.5815002441E+03    7.0354485868E-09
    5.5915002441E+03    7.2783696357E-09
    5.6015002441E+03    6.4604975280E-09
    5.6115002441E+03    6.0895928010E-09
    5.6215002441E+03    5.9415314510E-09
    5.6315002441E+03    6.4249573450E-09
    5.6415002441E+03    6.6009212000E-09
    5.6515002441E+03    7.4541553962E-09
    5.6615002441E+03    8.5032319898E-09
    5.6715002441E+03    8.7387400935E-09
    5.6815002441E+03    1.0016635704E-08
    5.6915002441E+03    9.1537222046E-09
    5.7015002441E+03    1.0798548779E-08
    5.7115002441E+03    1.0705590865E-08
    5.7215002441E+03    1.2288871466E-08
    5.7315002441E+03    1.0246756505E-08
    5.7415002441E+03    1.0989525537E-08
    5.7515002441E+03    1.1642979635E-08
    5.7615002441E+03    1.4943596763E-08
    5.7715002441E+03    1.7703504107E-08
    5.7815002441E+03    2.0683099012E-08
    5.7915002441E+03    2.4825925411E-08
    5.8015002441E+03    3.0596145003E-08
    5.8115002441E+03    3.5814721472E-08
    5.8215002441E+03    3.8563544851E-08
    5.8315002441E+03    3.9304488628E-08
    5.8415002441E+03    3.8821108386E-08
    5.8515002441E+03    3.9127907244E-08
    5.8615002441E+03    3.9764136541E-08
    5.8715002441E+03    4.7793158466E-08
    5.8815002441E+03    5.1756205004E-08
    5.8915002441E+03    5.6130380354E-08
    5.9015002441E+03    6.1984283696E-08
    5.9115002441E+03    6.3366904597E-08
    5.9215002441E+03    7.1186863514E-08
    5.9315002441E+03    7.2777894185E-08
    5.9415002441E+03    8.6748448879E-08
    5.9515002441E+03    9.2578204987E-08
    5.9615002441E+03    1.0105430662E-07
    5.9715002441E+03    1.2276183691E-07
    5.9815002441E+03    1.9321303111E-07
    5.9915002441E+03    5.0933742068E-07
    6.0015002441E+03    1.8305567796E-06
    6.0115002441E+03    6.7440626089E-06
    6.0215002441E+03    2.2318736109E-05
    6.0315002441E+03    1.0865708156E-04
    6.0415002441E+03    4.5175734766E-04
    6.0515002441E+03    1.4552276749E-03
    6.0615002441E+03    4.4585764075E-03
    6.0715002441E+03    1.0947155482E-02
    6.0815002441E+03    2.2238534395E-02
    6.0915002441E+03    3.7813769658E-02
    6.1015002441E+03    5.5310080637E-02
    6.1115002441E+03    7.1789343542E-02
    6.1215002441E+03    8.4364470791E-02
    6.1315002441E+03    9.2021962218E-02
    6.1415002441E+03    9.5983647446E-02
    6.1515002441E+03    9.7663449843E-02
    6.1615002441E+03    9.9693249497E-02
    6.1715002441E+03    1.0308495433E-01
    6.1815002441E+03    1.0748695565E-01
    6.1915002441E+03    1.1251074830E-01
    6.2015002441E+03    1.1719070702E-01
    6.2115002441E+03    1.2151572914E-01
    6.2215002441E+03    1.2536386553E-01
    6.2315002441E+03    1.2845434274E-01
    6.2415002441E+03    1.3095604652E-01
    6.2515002441E+03    1.3264451590E-01
    6.2615002441E+03    1.3392873029E-01
    6.2715002441E+03    1.3470074340E-01
    6.2815002441E+03    1.3511996595E-01
    6.2915002441E+03    1.3527264741E-01
    6.3015002441E+03    1.3509986485E-01
    6.3115002441E+03    1.3469441136E-01
    6.3215002441E+03    1.3397133971E-01
    6.3315002441E+03    1.3424021831E-01
    6.3415002441E+03    1.3573993458E-01
    6.3515002441E+03    1.3819371999E-01
    6.3615002441E+03    1.4159361388E-01
    6.3715002441E+03    1.4494900963E-01
    6.3815002441E+03    1.4778703082E-01
    6.3915002441E+03    1.5018531451E-01
    6.4015002441E+03    1.5172666738E-01
    6.4115002441E+03    1.5319496590E-01
    6.4215002441E+03    1.5467390186E-01
    6.4315002441E+03    1.5612074266E-01
    6.4415002441E+03    1.5775055089E-01
    6.4515002441E+03    1.5908277885E-01
    6.4615002441E+03    1.5987378894E-01
    6.4715002441E+03    1.6043578024E-01
    6.4815002441E+03    1.6100755375E-01
    6.4915002441E+03    1.6170601423E-01
    6.5015002441E+03    1.6284817905E-01
    6.5115002441E+03    1.6351510331E-01
    6.5215002441E+03    1.6403373745E-01
    6.5315002441E+03    1.6466479423E-01
    6.5415002441E+03    1.6537051340E-01
    6.5515002441E+03    1.6601073295E-01
    6.5615002441E+03    1.6681856538E-01
    6.5715002441E+03    1.6719625431E-01
    6.5815002441E+03    1.6768243881E-01
    6.5915002441E+03    1.6861870842E-01
    6.6015002441E+03    1.7006705378E-01
    6.6115002441E+03    1.7138102671E-01
    6.6215002441E+03    1.7300675910E-01
    6.6315002441E+03    1.7496988794E-01
    6.6415002441E+03    1.7744055708E-01
    6.6515002441E+03    1.7994003769E-01
    6.6615002441E+03    1.8227255531E-01
    6.6715002441E+03    1.8365107653E-01
    6.6815002441E+03    1.8420927241E-01
    6.6915002441E+03    1.8406621643E-01
    6.7015002441E+03    1.8321753244E-01
    6.7115002441E+03    1.8195130449E-01
    6.7215002441E+03    1.8061905953E-01
    6.7315002441E+03    1.7954958079E-01
    6.7415002441E+03    1.7857618060E-01
    6.7515002441E+03    1.7789659595E-01
    6.7615002441E+03    1.7808814287E-01
    6.7715002441E+03    1.7893768689E-01
    6.7815002441E+03    1.8000446299E-01
    6.7915002441E+03    1.8183012999E-01
    6.8015002441E+03    1.8450073921E-01
    6.8115002441E+03    1.8748601021E-01
    6.8215002441E+03    1.9007506853E-01
    6.8315002441E+03    1.9193742621E-01
    6.8415002441E+03    1.9376758740E-01
    6.8515002441E+03    1.9505035870E-01
    6.8615002441E+03    1.9626749169E-01
    6.8715002441E+03    1.9704214111E-01
    6.8815002441E+03    1.9783056805E-01
    6.8915002441E+03    1.9900122828E-01
    6.9015002441E+03    2.0008657236E-01
    6.9115002441E+03    2.0064652824E-01
    6.9215002441E+03    2.0017206354E-01
    6.9315002441E+03    1.9859411462E-01
    6.9415002441E+03    1.9624492993E-01
    6.9515002441E+03    1.9334343260E-01
    6.9615002441E+03    1.9092582900E-01
    6.9715002441E+03    1.8955499055E-01
    6.9815002441E+03    1.8953179851E-01
    6.9915002441E+03    1.9114413557E-01
    7.0015002441E+03    1.9415078811E-01
    7.0115002441E+03    1.9815820464E-01
    7.0215002441E+03    2.0154710006E-01
    7.0315002441E+03    2.0478983477E-01
    7.0415002441E+03    2.0716761799E-01
    7.0515002441E+03    2.0830715363E-01
    7.0615002441E+03    2.0927628640E-01
    7.0715002441E+03    2.0957905784E-01
    7.0815002441E+03    2.1022723804E-01
    7.0915002441E+03    2.1125752116E-01
    7.1015002441E+03    2.1168938594E-01
    7.1115002441E+03    2.1192972148E-01
    7.1215002441E+03    2.1076290131E-01
    7.1315002441E+03    2.0862639107E-01
    7.1415002441E+03    2.0614099748E-01
    7.1515002441E+03    2.0454113383E-01
    7.1615002441E+03    2.0436683783E-01
    7.1715002441E+03    2.0560906057E-01
    7.1815002441E+03    2.0719308854E-01
    7.1915002441E+03    2.0751494438E-01
    7.2015002441E+03    2.0610886607E-01
    7.2115002441E+03    2.0356689382E-01
    7.2215002441E+03    2.0188083898E-01
    7.2315002441E+03    2.0261174089E-01
    7.2415002441E+03    2.0593428417E-01
    7.2515002441E+03    2.1130089335E-01
    7.2615002441E+03    2.1729191157E-01
    7.2715002441E+03    2.2257354368E-01
    7.2815002441E+03    2.2646704864E-01
    7.2915002441E+03    2.2908931184E-01
    7.3015002441E+03    2.3071800307E-01
    7.3115002441E+03    2.3106066952E-01
    7.3215002441E+03    2.3151472888E-01
    7.3315002441E+03    2.3128902762E-01
    7.3415002441E+03    2.2990789924E-01
    7.3515002441E+03    2.2783417483E-01
    7.3615002441E+03    2.2539313927E-01
    7.3715002441E+03    2.2301209418E-01
    7.3815002441E+03    2.2163183316E-01
    7.3915002441E+03    2.2156139151E-01
    7.4015002441E+03    2.2234213603E-01
    7.4115002441E+03    2.2370112471E-01
    7.4215002441E+03    2.2434945331E-01
    7.4315002441E+03    2.2469544593E-01
    7.4415002441E+03    2.2569945592E-01
    7.4515002441E+03    2.2805698547E-01
    7.4615002441E+03    2.3120549762E-01
    7.4715002441E+03    2.3556269757E-01
    7.4815002441E+03    2.3899368319E-01
    7.4915002441E+03    2.4163326950E-01
    7.5015002441E+03    2.4271529874E-01
    7.5115002441E+03    2.4323880716E-01
    7.5215002441E+03    2.4400027304E-01
    7.5315002441E+03    2.4379947297E-01
    7.5415002441E+03    2.4288791012E-01
    7.5515002441E+03    2.3953687814E-01
    7.5615002441E+03    2.3438747998E-01
    7.5715002441E+03    2.2880768967E-01
    7.5815002441E+03    2.2474930883E-01
    7.5915002441E+03    2.2273808542E-01
    7.6015002441E+03    2.2319919143E-01
    7.6115002441E+03    2.2478464734E-01
    7.6215002441E+03    2.2600908158E-01
    7.6315002441E+03    2.2751735527E-01
    7.6415002441E+03    2.2932070121E-01
    7.6515002441E+03    2.3272160697E-01
    7.6615002441E+03    2.3718845409E-01
    7.6715002441E+03    2.4174062612E-01
    7.6815002441E+03    2.4424609411E-01
    7.6915002441E+03    2.4465492141E-01
    7.7015002441E+03    2.4314466997E-01
    7.7115002441E+03    2.4015969453E-01
    7.7215002441E+03    2.3668350354E-01
    7.7315002441E+03    2.3175335401E-01
    7.7415002441E+03    2.2542818305E-01
    7.7515002441E+03    2.1687054347E-01
    7.7615002441E+03    2.0605650904E-01
    7.7715002441E+03    1.9160517534E-01
    7.7815002441E+03    1.7190402825E-01
    7.7915002441E+03    1.4680956245E-01
    7.8015002441E+03    1.1838792219E-01
    7.8115002441E+03    9.0258868310E-02
    7.8215002441E+03    6.5542761010E-02
    7.8315002441E+03    4.5842088322E-02
    7.8415002441E+03    3.1203703566E-02
    7.8515002441E+03    2.0896620007E-02
    7.8615002441E+03    1.3801397083E-02
    7.8715002441E+03    9.1421007945E-03
    7.8815002441E+03    6.0677475389E-03
    7.8915002441E+03    4.1283603624E-03
    7.9015002441E+03    2.8168097312E-03
    7.9115002441E+03    1.9805631705E-03
    7.9215002441E+03    1.4401077683E-03
    7.9315002441E+03    1.0722619354E-03
    7.9415002441E+03    8.0311928017E-04
    7.9515002441E+03    6.0531880075E-04
    7.9615002441E+03    4.6037305286E-04
    7.9715002441E+03    3.5537030765E-04
    7.9815002441E+03    2.7686861198E-04
    7.9915002441E+03    2.1703998070E-04
    8.0015002441E+03    1.7154932498E-04
    8.0115002441E+03    1.3668159451E-04
    8.0215002441E+03    1.0904679468E-04
    8.0315002441E+03    8.7706977108E-05
    8.0415002441E+03    7.0473566577E-05
    8.0515002441E+03    5.6992254300E-05
    8.0615002441E+03    4.6103496881E-05
    8.0715002441E+03    3.7358249656E-05
    8.0815002441E+03    3.0316924648E-05
    8.0915002441E+03    2.4853914848E-05
    8.1015002441E+03    2.0769236872E-05
    8.1115002441E+03    1.7349856806E-05
    8.1215002441E+03    1.4475786950E-05
    8.1315002441E+03    1.1821625533E-05
    8.1415002441E+03    9.7187970606E-06
    8.1515002441E+03    8.1907332063E-06
    8.1615002441E+03    7.1573577908E-06
    8.1715002441E+03    6.2433257637E-06
    8.1815002441E+03    5.3531699825E-06
    8.1915002441E+03    4.5422469592E-06
    8.2015002441E+03    3.9815451916E-06
    8.2115002441E+03    3.6060724706E-06
    8.2215002441E+03    3.2506536076E-06
    8.2315002441E+03    2.7978969702E-06
    8.2415002441E+03    2.3194888608E-06
    8.2515002441E+03    1.8669066820E-06
    8.2615002441E+03    1.5694642529E-06
    8.2715002441E+03    1.4249328846E-06
    8.2815002441E+03    1.3439661208E-06
    8.2915002441E+03    1.2804065074E-06
    8.3015002441E+03    1.1644614722E-06
    8.3115002441E+03    1.0776650936E-06
    8.3215002441E+03    9.5685644875E-07
    8.3315002441E+03    8.4516858293E-07
    8.3415002441E+03    7.5454588861E-07
    8.3515002441E+03    6.8065391030E-07
    8.3615002441E+03    6.5261131597E-07
    8.3715002441E+03    6.4076762381E-07
    8.3815002441E+03    6.1300458278E-07
    8.3915002441E+03    5.5929587647E-07
    8.4015002441E+03    4.7598420326E-07
    8.4115002441E+03    4.2668974279E-07
    8.4215002441E+03    3.8870170824E-07
    8.4315002441E+03    3.4269547792E-07
    8.4415002441E+03    3.1882988710E-07
    8.4515002441E+03    2.8628216669E-07
    8.4615002441E+03    3.1197536868E-07
    8.4715002441E+03    3.2183198282E-07
    8.4815002441E+03    3.1457433323E-07
    8.4915002441E+03    2.9193134854E-07
    8.5015002441E+03    2.7158288834E-07
    8.5115002441E+03    2.3313026859E-07
    8.5215002441E+03    2.1952135178E-07
    8.5315002441E+03    1.8930820199E-07
    8.5415002441E+03    1.9864634902E-07
    8.5515002441E+03    1.7109480032E-07
    8.5615002441E+03    1.8938346875E-07
    8.5715002441E+03    1.5742940234E-07
    8.5815002441E+03    1.3811471363E-07
    8.5915002441E+03    1.0318567943E-07
    8.6015002441E+03    2.1619505881E-07
    8.6115002441E+03    2.2504128267E-07
    8.6215002441E+03    2.1045291408E-07
    8.6315002441E+03    2.4761583109E-07
    8.6415002441E+03    3.2620794534E-07
    8.6515002441E+03    4.3161795768E-07
    8.6615002441E+03    2.7578407255E-07
    8.6715002441E+03    2.1414107370E-07
    8.6815002441E+03    2.1387301172E-07
    8.6915002441E+03    2.4819214866E-07
    8.7015002441E+03    3.1887843224E-07
    8.7115002441E+03    2.8183016627E-07
    8.7215002441E+03    2.8740503856E-07
    8.7315002441E+03    2.8710842996E-07
    8.7415002441E+03    3.1504157732E-07
    8.7515002441E+03    3.2373095398E-07
    8.7615002441E+03    2.5344711987E-07
    8.7715002441E+03    1.6720705153E-07
    8.7815002441E+03    1.4107283756E-07
    8.7915002441E+03    4.4880342179E-07
    8.8015002441E+03    5.5888573616E-07
    8.8115002441E+03    8.2353494435E-07
    8.8215002441E+03    5.1566153653E-07
    8.8315002441E+03    8.1007658358E-07
    8.8415002441E+03    8.7141826864E-07
    8.8515002441E+03    8.1631228354E-07
    8.8615002441E+03    5.2221579041E-07
    8.8715002441E+03    2.0904096884E-07
    8.8815002441E+03    3.4553230952E-07
    8.8915002441E+03    2.7389086447E-07
    8.9015002441E+03    5.0083145435E-07
    8.9115002441E+03    3.6502858472E-07
    8.9215002441E+03    6.0702337427E-07
    8.9315002441E+03    3.7585222055E-07
    8.9415002441E+03    5.0380186716E-07
    8.9515002441E+03    1.2241905390E-06
    8.9615002441E+03    2.0129487123E-06
    8.9715002441E+03    6.5943947879E-06
    8.9815002441E+03    1.0312721240E-05
    8.9915002441E+03    1.3860852725E-05
    9.0015002441E+03    1.3063639355E-05
    9.0115002441E+03    1.2571245677E-05
    9.0215002441E+03    1.2287049769E-05
    9.0315002441E+03    1.2371307678E-05
    9.0415002441E+03    1.2187169456E-05
    9.0515002441E+03    1.2154494887E-05
    9.0615002441E+03    1.2706138334E-05
    9.0715002441E+03    1.3209452546E-05
    9.0815002441E+03    1.3056772800E-05
    9.0915002441E+03    1.2351440061E-05
    9.1015002441E+03    1.1589453246E-05
    9.1115002441E+03    1.1474804024E-05
    9.1215002441E+03    1.1242426842E-05
    9.1315002441E+03    1.0874710073E-05
    9.1415002441E+03    1.0636691510E-05
    9.1515002441E+03    1.0578034087E-05
    9.1615002441E+03    1.0261829565E-05
    9.1715002441E+03    1.0242099247E-05
    9.1815002441E+03    9.8633826243E-06
    9.1915002441E+03    9.7112385869E-06
    9.2015002441E+03    9.0605546623E-06
    9.2115002441E+03    8.9413078480E-06
    9.2215002441E+03    9.1494067492E-06
    9.2315002441E+03    9.4847504531E-06
    9.2415002441E+03    9.3942742542E-06
    9.2515002441E+03    8.5202955883E-06
    9.2615002441E+03    8.1859834728E-06
    9.2715002441E+03    7.8274050974E-06
    9.2815002441E+03    8.2652275625E-06
    9.2915002441E+03    7.8937251262E-06
    9.3015002441E+03    7.8611325298E-06
    9.3115002441E+03    7.7958287224E-06
    9.3215002441E+03    8.2620817246E-06
    9.3315002441E+03    8.4106019618E-06
    9.3415002441E+03    8.4480509537E-06
    9.3515002441E+03    7.9989558344E-06
    9.3615002441E+03    7.6084346840E-06
    9.3715002441E+03    7.4681522892E-06
    9.3815002441E+03    7.4173430366E-06
    9.3915002441E+03    7.3408684260E-06
    9.4015002441E+03    7.4642602375E-06
    9.4115002441E+03    7.1184416579E-06
    9.4215002441E+03    7.5859317463E-06
    9.4315002441E+03    6.9444607987E-06
    9.4415002441E+03    6.8323986458E-06
    9.4515002441E+03    6.2846757769E-06
    9.4615002441E+03    6.1950174078E-06
    9.4715002441E+03    6.3376031890E-06
    9.4815002441E+03    6.3236984862E-06
    9.4915002441E+03    6.4535459186E-06
    9.5015002441E+03    6.2140623432E-06
    9.5115002441E+03    6.2479594731E-06
    9.5215002441E+03    5.9151242986E-06
    9.5315002441E+03    5.8402399318E-06
    9.5415002441E+03    5.3280930147E-06
    9.5515002441E+03    5.3690778397E-06
    9.5615002441E+03    5.6187911213E-06
    9.5715002441E+03    5.8587854469E-06
    9.5815002441E+03    6.0207946088E-06
    9.5915002441E+03    5.7134288213E-06
    9.6015002441E+03    5.7316248073E-06
    9.6115002441E+03    5.3980892887E-06
    9.6215002441E+03    5.1927169711E-06
    9.6315002441E+03    5.0367213433E-06
    9.6415002441E+03    4.9930034351E-06
    9.6515002441E+03    5.2444962536E-06
    9.6615002441E+03    5.1515830042E-06
    9.6715002441E+03    5.1638322363E-06
    9.6815002441E+03    4.9909660653E-06
    9.6915002441E+03    4.8569936593E-06
    9.7015002441E+03    4.9165352026E-06
    9.7115002441E+03    4.7634576308E-06
    9.7215002441E+03    4.6304142587E-06
    9.7315002441E+03    4.3898799982E-06
    9.7415002441E+03    4.3444014709E-06
    9.7515002441E+03    4.4228295312E-06
    9.7615002441E+03    4.4255518930E-06
    9.7715002441E+03    4.6661021229E-06
    9.7815002441E+03    4.5355993208E-06
    9.7915002441E+03    4.5568289802E-06
    9.8015002441E+03    4.5358125565E-06
    9.8115002441E+03    4.7700818044E-06
    9.8215002441E+03    4.7608557250E-06
    9.8315002441E+03    4.6781869665E-06
    9.8415002441E+03    4.6146360966E-06
    9.8515002441E+03    4.3947642454E-06
    9.8615002441E+03    4.1279305484E-06
    9.8715002441E+03    3.9356821778E-06
    9.8815002441E+03    4.0991847861E-06
    9.8915002441E+03    4.1414547812E-06
    9.9015002441E+03    4.2637982596E-06
    9.9115002441E+03    4.3606546640E-06
    9.9215002441E+03    4.3276438538E-06
    9.9315002441E+03    4.0796383599E-06
    9.9415002441E+03    3.9915144773E-06
    9.9515002441E+03    3.9421292193E-06
    9.9615002441E+03    4.1327804143E-06
    9.9715002441E+03    4.0396069536E-06
    9.9815002441E+03    4.0436280770E-06
    9.9915002441E+03    3.9969625041E-06
    1.0001500244E+04    3.8601170862E-06
    1.0011500244E+04    3.8804903832E-06
    1.0021500244E+04    3.8032880649E-06
    1.0031500244E+04    3.9169754672E-06
    1.0041500244E+04    3.8228894768E-06
    1.0051500244E+04    3.8470520387E-06
    1.0061500244E+04    3.7435362899E-06
    1.0071500244E+04    3.8446332174E-06
    1.0081500244E+04    3.7825114201E-06
    1.0091500244E+04    3.9379972475E-06
    1.0101500244E+04    3.7686105479E-06
    1.0111500244E+04    3.9524395335E-06
    1.0121500244E+04    3.6829990404E-06
    1.0131500244E+04    3.7217621359E-06
    1.0141500244E+04    3.5775282835E-06
    1.0151500244E+04    3.6135687526E-06
    1.0161500244E+04    3.4610976611E-06
    1.0171500244E+04    3.2123404161E-06
    1.0181500244E+04    3.2632860070E-06
    1.0191500244E+04    3.5095542286E-06
    1.0201500244E+04    3.5512764190E-06
    1.0211500244E+04    3.5909249836E-06
    1.0221500244E+04    3.3981509951E-06
    1.0231500244E+04    3.2940284794E-06
    1.0241500244E+04    3.2423401295E-06
    1.0251500244E+04    3.2318369714E-06
    1.0261500244E+04    3.4758658465E-06
    1.0271500244E+04    3.4827932108E-06
    1.0281500244E+04    3.4990221504E-06
    1.0291500244E+04    3.2881167269E-06
    1.0301500244E+04    3.2549440662E-06
    1.0311500244E+04    3.2767579513E-06
    1.0321500244E+04    3.3438377597E-06
    1.0331500244E+04    3.1447838594E-06
    1.0341500244E+04    3.0117489235E-06
    1.0351500244E+04    2.9337741590E-06
    1.0361500244E+04    3.1016941563E-06
    1.0371500244E+04    3.2047494149E-06
    1.0381500244E+04    3.2115788485E-06
    1.0391500244E+04    3.2482972869E-06
    1.0401500244E+04    3.1541277221E-06
    1.0411500244E+04    3.1800205778E-06
    1.0421500244E+04    3.0164506650E-06
    1.0431500244E+04    2.9563442632E-06
    1.0441500244E+04    3.0207261507E-06
    1.0451500244E+04    2.9827751888E-06
    1.0461500244E+04    2.9022752103E-06
    1.0471500244E+04    2.7699031056E-06
    1.0481500244E+04    2.7301716751E-06
    1.0491500244E+04    2.8460231254E-06
    1.0501500244E+04    2.7702924988E-06
    1.0511500244E+04    2.9619323620E-06
    1.0521500244E+04    3.0133161074E-06
    1.0531500244E+04    2.9764910869E-06
    1.0541500244E+04    2.9824960093E-06
    1.0551500244E+04    3.0323887237E-06
    1.0561500244E+04    3.2670494667E-06
    1.0571500244E+04    3.2125986749E-06
    1.0581500244E+04    3.1293738208E-06
    1.0591500244E+04    2.9593972937E-06
    1.0601500244E+04    2.8803141335E-06
    1.0611500244E+04    2.9079699575E-06
    1.0621500244E+04    2.9464194068E-06
    1.0631500244E+04    3.0431598035E-06
    1.0641500244E+04    2.9487904425E-06
    1.0651500244E+04    3.1329863242E-06
    1.0661500244E+04    3.0234874392E-06
    1.0671500244E+04    3.0681149194E-06
    1.0681500244E+04    2.9363050937E-06
    1.0691500244E+04    2.9656080215E-06
    1.0701500244E+04    2.8638186145E-06
    1.0711500244E+04    2.9406862324E-06
    1.0721500244E+04    3.0014447325E-06
    1.0731500244E+04    3.1362094137E-06
    1.0741500244E+04    2.9261879572E-06
    1.0751500244E+04    2.6986965963E-06
    1.0761500244E+04    2.5972369138E-06
    1.0771500244E+04    2.6483261700E-06
    1.0781500244E+04    2.7786711746E-06
    1.0791500244E+04    2.9382743400E-06
    1.0801500244E+04    2.9314757611E-06
    1.0811500244E+04    3.0794100480E-06
    1.0821500244E+04    3.0510497118E-06
    1.0831500244E+04    3.0033626828E-06
    1.0841500244E+04    2.7935514209E-06
    1.0851500244E+04    2.7592701481E-06
    1.0861500244E+04    2.7440593646E-06
    1.0871500244E+04    2.7806688558E-06
    1.0881500244E+04    2.5954919855E-06
    1.0891500244E+04    2.7663112064E-06
    1.0901500244E+04    2.6612095950E-06
    1.0911500244E+04    2.7110055264E-06
    1.0921500244E+04    2.7217198074E-06
    1.0931500244E+04    2.7147680292E-06
    1.0941500244E+04    2.8098550334E-06
    1.0951500244E+04    2.5767936176E-06
    1.0961500244E+04    2.7335995299E-06
    1.0971500244E+04    2.6007321541E-06
    1.0981500244E+04    2.6902182867E-06
    1.0991500244E+04    2.6188578972E-06
    1.1001500244E+04    2.7745901801E-06
    1.1011500244E+04    2.8125231214E-06
    1.1021500244E+04    2.8997565643E-06
    1.1031500244E+04    2.8776712258E-06
    1.1041500244E+04    2.8968039233E-06
    1.1051500244E+04    2.8534571607E-06
    1.1061500244E+04    2.7366539558E-06
    1.1071500244E+04    2.6526961656E-06
    1.1081500244E+04    2.6353776155E-06
    1.1091500244E+04    2.6895065769E-06
    1.1101500244E+04    2.6904203999E-06
    1.1111500244E+04    2.6475026950E-06
    1.1121500244E+04    2.6898590139E-06
    1.1131500244E+04    2.6673571039E-06
    1.1141500244E+04    2.7013234669E-06
    1.1151500244E+04    2.7068739084E-06
    1.1161500244E+04    2.8960304069E-06
    1.1171500244E+04    2.9719334984E-06
    1.1181500244E+04    3.1629468238E-06
    1.1191500244E+04    3.3158833580E-06
    1.1201500244E+04    3.5919898381E-06
    1.1211500244E+04    3.8050850578E-06
    1.1221500244E+04    4.0284902825E-06
    1.1231500244E+04    4.1338553898E-06
    1.1241500244E+04    4.2748637951E-06
    1.1251500244E+04    4.6153282320E-06
    1.1261500244E+04    4.9380499978E-06
    1.1271500244E+04    5.1495234868E-06
    1.1281500244E+04    5.1949151464E-06
    1.1291500244E+04    5.3755805811E-06
    1.1301500244E+04    5.5365789029E-06
    1.1311500244E+04    5.7495857638E-06
    1.1321500244E+04    5.9917841979E-06
    1.1331500244E+04    6.3204883831E-06
    1.1341500244E+04    6.6129700023E-06
    1.1351500244E+04    6.6076739331E-06
    1.1361500244E+04    6.7167135341E-06
    1.1371500244E+04    6.6226644827E-06
    1.1381500244E+04    6.6886739017E-06
    1.1391500244E+04    6.5935944460E-06
    1.1401500244E+04    6.5633976690E-06
    1.1411500244E+04    6.5735928507E-06
    1.1421500244E+04    6.4580466600E-06
    1.1431500244E+04    6.3991952361E-06
    1.1441500244E+04    6.0336111441E-06
    1.1451500244E+04    5.8084562060E-06
    1.1461500244E+04    5.5561566559E-06
    1.1471500244E+04    5.4691788059E-06
    1.1481500244E+04    5.3166621859E-06
    1.1491500244E+04    5.0172769615E-06
    1.1501500244E+04    4.8591654175E-06
    1.1511500244E+04    4.6014556533E-06
    1.1521500244E+04    4.3011903125E-06
    1.1531500244E+04    4.1380829296E-06
    1.1541500244E+04    3.8989182877E-06
    1.1551500244E+04    3.9104962573E-06
    1.1561500244E+04    3.6615613750E-06
    1.1571500244E+04    3.6240545005E-06
    1.1581500244E+04    3.4656431087E-06
    1.1591500244E+04    3.4775383412E-06
    1.1601500244E+04    3.4149779678E-06
    1.1611500244E+04    3.3472537579E-06
    1.1621500244E+04    3.3024150991E-06
    1.1631500244E+04    3.2005678196E-06
    1.1641500244E+04    3.2741952160E-06
    1.1651500244E+04    3.2023916825E-06
    1.1661500244E+04    3.1757985489E-06
    1.1671500244E+04    2.9242947687E-06
    1.1681500244E+04    2.8496815998E-06
    1.1691500244E+04    2.7465814606E-06
    1.1701500244E+04    2.8208379072E-06
    1.1711500244E+04    2.7759574030E-06
    1.1721500244E+04    2.9388645081E-06
    1.1731500244E+04    3.0450403827E-06
    1.1741500244E+04    3.1231813200E-06
    1.1751500244E+04    3.0851793489E-06
    1.1761500244E+04    3.0590069805E-06
    1.1771500244E+04    2.9849422768E-06
    1.1781500244E+04    2.9507690176E-06
    1.1791500244E+04    2.8478977249E-06
    1.1801500244E+04    2.8808642583E-06
    1.1811500244E+04    2.9093529122E-06
    1.1821500244E+04    2.9281455878E-06
    1.1831500244E+04    2.9425020253E-06
    1.1841500244E+04    3.0565457509E-06
    1.1851500244E+04    3.0909240362E-06
    1.1861500244E+04    3.0535008744E-06
    1.1871500244E+04    2.9279889590E-06
    1.1881500244E+04    2.9059676944E-06
    1.1891500244E+04    3.0432952586E-06
    1.1901500244E+04    3.1667568857E-06
    1.1911500244E+04    3.1874568806E-06
    1.1921500244E+04    3.1281881887E-06
    1.1931500244E+04    3.0302872108E-06
    1.1941500244E+04    3.0449941484E-06
    1.1951500244E+04    3.1321723784E-06
    1.1961500244E+04    3.2467942741E-06
    1.1971500244E+04    3.2673902107E-06
    1.1981500244E+04    3.2799051727E-06
    1.1991500244E+04    3.2098344401E-06
    1.2001500244E+04    3.2422163937E-06
    1.2011500244E+04    3.2801685395E-06
    1.2021500244E+04    3.1733862945E-06
    1.2031500244E+04    3.1483925916E-06
    1.2041500244E+04    3.1015870196E-06
    1.2051500244E+04    3.3142880044E-06
    1.2061500244E+04    3.2363121641E-06
    1.2071500244E+04    3.2335952692E-06
    1.2081500244E+04    3.0111296387E-06
    1.2091500244E+04    3.1229209997E-06
    1.2101500244E+04    2.9571643716E-06
    1.2111500244E+04    3.0661016623E-06
    1.2121500244E+04    2.9972368537E-06
    1.2131500244E+04    3.1555817434E-06
    1.2141500244E+04    3.2073636266E-06
    1.2151500244E+04    3.3278853495E-06
    1.2161500244E+04    3.3378405778E-06
    1.2171500244E+04    3.2559341727E-06
    1.2181500244E+04    3.0600685061E-06
    1.2191500244E+04    2.9857350859E-06
    1.2201500244E+04    2.9986352961E-06
    1.2211500244E+04    3.1718344282E-06
    1.2221500244E+04    3.2006599029E-06
    1.2231500244E+04    3.1218582698E-06
    1.2241500244E+04    3.0782326278E-06
    1.2251500244E+04    3.1165387033E-06
    1.2261500244E+04    3.2496734238E-06
    1.2271500244E+04    3.2439876127E-06
    1.2281500244E+04    3.1194944412E-06
    1.2291500244E+04    3.0665814615E-06
    1.2301500244E+04    2.9126784045E-06
    1.2311500244E+04    2.9322933355E-06
    1.2321500244E+04    2.8207551008E-06
    1.2331500244E+04    2.9297736761E-06
    1.2341500244E+04    2.9522688451E-06
    1.2351500244E+04    2.8899831035E-06
    1.2361500244E+04    2.8600841739E-06
    1.2371500244E+04    2.7650375870E-06
    1.2381500244E+04    2.8594962204E-06
    1.2391500244E+04    2.7687901390E-06
    1.2401500244E+04    2.8780002607E-06
    1.2411500244E+04    2.8093663250E-06
    1.2421500244E+04    2.8860012912E-06
    1.2431500244E+04    2.7678768523E-06
    1.2441500244E+04    2.7991237344E-06
    1.2451500244E+04    2.7775207454E-06
    1.2461500244E+04    2.8088586379E-06
    1.2471500244E+04    2.9601015375E-06
    1.2481500244E+04    2.9790791277E-06
    1.2491500244E+04    2.9671531360E-06
    1.2501500244E+04    2.8247272650E-06
    1.2511500244E+04    2.8752894154E-06
    1.2521500244E+04    2.9786601208E-06
    1.2531500244E+04    3.1046399916E-06
    1.2541500244E+04    3.2705582192E-06
    1.2551500244E+04    3.4180054978E-06
    1.2561500244E+04    3.4074553047E-06
    1.2571500244E+04    3.4711129227E-06
    1.2581500244E+04    3.5457501262E-06
    1.2591500244E+04    3.7327573012E-06
    1.2601500244E+04    3.7509433501E-06
    1.2611500244E+04    3.7828703394E-06
    1.2621500244E+04    3.9103836109E-06
    1.2631500244E+04    3.9973752399E-06
    1.2641500244E+04    4.1182637780E-06
    1.2651500244E+04    4.1179099295E-06
    1.2661500244E+04    4.0782109704E-06
    1.2671500244E+04    4.0738366473E-06
    1.2681500244E+04    3.9335688550E-06
    1.2691500244E+04    3.9275569915E-06
    1.2701500244E+04    3.8812848907E-06
    1.2711500244E+04    3.9095620842E-06
    1.2721500244E+04    3.9612920461E-06
    1.2731500244E+04    3.9040905418E-06
    1.2741500244E+04    4.1129899711E-06
    1.2751500244E+04    4.0714287690E-06
    1.2761500244E+04    4.0351837661E-06
    1.2771500244E+04    3.8174809491E-06
    1.2781500244E+04    3.6364880860E-06
    1.2791500244E+04    3.4932439031E-06
    1.2801500244E+04    3.4680339251E-06
    1.2811500244E+04    3.5002045392E-06
    1.2821500244E+04    3.4860599157E-06
    1.2831500244E+04    3.4452706418E-06
    1.2841500244E+04    3.2591945881E-06
    1.2851500244E+04    3.2472387105E-06
    1.2861500244E+04    3.0019760814E-06
    1.2871500244E+04    3.1266302573E-06
    1.2881500244E+04    2.8322853991E-06
    1.2891500244E+04    2.9437385098E-06
    1.2901500244E+04    2.7618108770E-06
    1.2911500244E+04    2.9508442847E-06
    1.2921500244E+04    2.8098991583E-06
    1.2931500244E+04    2.9751751317E-06
    1.2941500244E+04    2.8732099730E-06
    1.2951500244E+04    2.9230219340E-06
    1.2961500244E+04    2.8343260733E-06
    1.2971500244E+04    2.9444079485E-06
    1.2981500244E+04    2.9679215567E-06
    1.2991500244E+04    3.0876752588E-06
    1.3001500244E+04    3.1097489426E-06
    1.3011500244E+04    3.1978148616E-06
    1.3021500244E+04    3.2237343896E-06
    1.3031500244E+04    3.1646737415E-06
    1.3041500244E+04    3.1548342179E-06
    1.3051500244E+04    3.1978133078E-06
    1.3061500244E+04    3.4364544221E-06
    1.3071500244E+04    3.5948861811E-06
    1.3081500244E+04    3.6286681735E-06
    1.3091500244E+04    3.9155186606E-06
    1.3101500244E+04    4.0940582915E-06
    1.3111500244E+04    4.3150502821E-06
    1.3121500244E+04    4.2583328048E-06
    1.3131500244E+04    4.3418197171E-06
    1.3141500244E+04    4.4616577311E-06
    1.3151500244E+04    4.6201135234E-06
    1.3161500244E+04    4.7350761708E-06
    1.3171500244E+04    4.7822187749E-06
    1.3181500244E+04    4.7456335967E-06
    1.3191500244E+04    4.8454264611E-06
    1.3201500244E+04    4.8160645285E-06
    1.3211500244E+04    4.8130311922E-06
    1.3221500244E+04    4.7154747701E-06
    1.3231500244E+04    4.7924784606E-06
    1.3241500244E+04    4.8415327757E-06
    1.3251500244E+04    4.7693560906E-06
    1.3261500244E+04    4.5225737518E-06
    1.3271500244E+04    4.4362319280E-06
    1.3281500244E+04    4.4244406911E-06
    1.3291500244E+04    4.4577331610E-06
    1.3301500244E+04    4.3715526228E-06
    1.3311500244E+04    4.2182152228E-06
    1.3321500244E+04    4.1852395600E-06
    1.3331500244E+04    3.9640038665E-06
    1.3341500244E+04    3.8089296432E-06
    1.3351500244E+04    3.6144002021E-06
    1.3361500244E+04    3.6449206885E-06
    1.3371500244E+04    3.6683486249E-06
    1.3381500244E+04    3.5036797079E-06
    1.3391500244E+04    3.4851363438E-06
    1.3401500244E+04    3.3934789751E-06
    1.3411500244E+04    3.4421103199E-06
    1.3421500244E+04    3.3202750484E-06
    1.3431500244E+04    3.2914253840E-06
    1.3441500244E+04    3.2705857321E-06
    1.3451500244E+04    3.2141394975E-06
    1.3461500244E+04    3.2371983618E-06
    1.3471500244E+04    3.2391617620E-06
    1.3481500244E+04    3.3773678563E-06
    1.3491500244E+04    3.4449717115E-06
    1.3501500244E+04    3.5310913546E-06
    1.3511500244E+04    3.3917927142E-06
    1.3521500244E+04    3.5007836020E-06
    1.3531500244E+04    3.5045520627E-06
    1.3541500244E+04    3.6138048039E-06
    1.3551500244E+04    3.6503976953E-06
    1.3561500244E+04    3.7077904782E-06
    1.3571500244E+04    3.8905216127E-06
    1.3581500244E+04    3.7107769353E-06
    1.3591500244E+04    3.6707146489E-06
    1.3601500244E+04    3.6625492235E-06
    1.3611500244E+04    3.7795897681E-06
    1.3621500244E+04    3.7360874957E-06
    1.3631500244E+04    3.7793079797E-06
    1.3641500244E+04    3.7995007538E-06
    1.3651500244E+04    4.1913741658E-06
    1.3661500244E+04    4.1136765248E-06
    1.3671500244E+04    4.2480860390E-06
    1.3681500244E+04    3.9019215999E-06
    1.3691500244E+04    3.9895458075E-06
    1.3701500244E+04    4.1406932495E-06
    1.3711500244E+04    4.5583632714E-06
    1.3721500244E+04    4.5550228324E-06
    1.3731500244E+04    4.4693294925E-06
    1.3741500244E+04    4.4291574507E-06
    1.3751500244E+04    4.8971180062E-06
    1.3761500244E+04    5.2434929231E-06
    1.3771500244E+04    5.2445935569E-06
    1.3781500244E+04    5.2509254246E-06
    1.3791500244E+04    5.0194791686E-06
    1.3801500244E+04    5.0028049896E-06
    1.3811500244E+04    4.9609406021E-06
    1.3821500244E+04    5.1342748967E-06
    1.3831500244E+04    5.3956304394E-06
    1.3841500244E+04    5.3810188397E-06
    1.3851500244E+04    5.3059356087E-06
    1.3861500244E+04    5.2871125850E-06
    1.3871500244E+04    5.2934412212E-06
    1.3881500244E+04    5.3407016915E-06
    1.3891500244E+04    5.0751397064E-06
    1.3901500244E+04    4.8347799036E-06
    1.3911500244E+04    4.6752923151E-06
    1.3921500244E+04    4.7034329369E-06
    1.3931500244E+04    4.7826468768E-06
    1.3941500244E+04    4.8211005235E-06
    1.3951500244E+04    4.8670647552E-06
    1.3961500244E+04    4.6751884840E-06
    1.3971500244E+04    4.5654890647E-06
    1.3981500244E+04    4.3142085236E-06
    1.3991500244E+04    4.3946097166E-06
    1.4001500244E+04    4.2497320410E-06
    1.4011500244E+04    4.3558702132E-06
    1.4021500244E+04    4.2214642934E-06
    1.4031500244E+04    4.1552350486E-06
    1.4041500244E+04    3.9484824975E-06
    1.4051500244E+04    3.7974503256E-06
    1.4061500244E+04    3.7832058829E-06
    1.4071500244E+04    3.7477682395E-06
    1.4081500244E+04    3.8886805153E-06
    1.4091500244E+04    3.7481914067E-06
    1.4101500244E+04    3.9316100306E-06
    1.4111500244E+04    3.7762168252E-06
    1.4121500244E+04    3.7462945213E-06
    1.4131500244E+04    3.6504015487E-06
    1.4141500244E+04    3.7012846312E-06
    1.4151500244E+04    3.7412369748E-06
    1.4161500244E+04    3.5880956493E-06
    1.4171500244E+04    3.4858449869E-06
    1.4181500244E+04    3.5546005945E-06
    1.4191500244E+04    3.6722545608E-06
    1.4201500244E+04    3.7697360578E-06
    1.4211500244E+04    3.7337434461E-06
    1.4221500244E+04    3.6981605571E-06
    1.4231500244E+04    3.5903069514E-06
    1.4241500244E+04    3.7982622689E-06
    1.4251500244E+04    3.5917528682E-06
    1.4261500244E+04    3.5615037607E-06
    1.4271500244E+04    3.3676011758E-06
    1.4281500244E+04    3.5648315080E-06
    1.4291500244E+04    3.6083171966E-06
    1.4301500244E+04    3.5556097515E-06
    1.4311500244E+04    3.5849130625E-06
    1.4321500244E+04    3.5511771722E-06
    1.4331500244E+04    3.6395370486E-06
    1.4341500244E+04    3.8406258343E-06
    1.4351500244E+04    4.0906959928E-06
    1.4361500244E+04    4.2786746015E-06
    1.4371500244E+04    4.0477747060E-06
    1.4381500244E+04    3.8834017637E-06
    1.4391500244E+04    3.6403180425E-06
    1.4401500244E+04    3.8724621078E-06
    1.4411500244E+04    3.9236169758E-06
    1.4421500244E+04    4.0212748375E-06
    1.4431500244E+04    3.7808176343E-06
    1.4441500244E+04    3.6577913283E-06
    1.4451500244E+04    3.7620903283E-06
    1.4461500244E+04    3.7222437810E-06
    1.4471500244E+04    3.8200510310E-06
    1.4481500244E+04    3.7413298866E-06
    1.4491500244E+04    3.6289394957E-06
    1.4501500244E+04    3.5918010056E-06
    1.4511500244E+04    3.5515086342E-06
    1.4521500244E+04    3.6987583562E-06
    1.4531500244E+04    3.6433677521E-06
    1.4541500244E+04    3.4952004913E-06
    1.4551500244E+04    3.5631163623E-06
    1.4561500244E+04    3.6153291747E-06
    1.4571500244E+04    3.7769840697E-06
    1.4581500244E+04    3.9630894976E-06
    1.4591500244E+04    4.0187004709E-06
    1.4601500244E+04    4.0953779473E-06
    1.4611500244E+04    3.8883063987E-06
    1.4621500244E+04    3.9583143719E-06
    1.4631500244E+04    3.7577259160E-06
    1.4641500244E+04    3.9298748504E-06
    1.4651500244E+04    3.8605074749E-06
    1.4661500244E+04    4.1030614313E-06
    1.4671500244E+04    3.9499718138E-06
    1.4681500244E+04    3.9697302656E-06
    1.4691500244E+04    4.0859682498E-06
    1.4701500244E+04    4.1109398148E-06
    1.4711500244E+04    4.1058453756E-06
    1.4721500244E+04    3.9467159293E-06
    1.4731500244E+04    4.0294895320E-06
    1.4741500244E+04    3.9114571717E-06
    1.4751500244E+04    3.8261273599E-06
    1.4761500244E+04    3.7453850366E-06
    1.4771500244E+04    3.9391073206E-06
    1.4781500244E+04    3.9634811361E-06
    1.4791500244E+04    3.9498452333E-06
    1.4801500244E+04    3.9340529452E-06
    1.4811500244E+04    3.8593124631E-06
    1.4821500244E+04    3.8163728002E-06
    1.4831500244E+04    3.7361132425E-06
    1.4841500244E+04    3.7915498188E-06
    1.4851500244E+04    3.7688591509E-06
    1.4861500244E+04    3.9916297088E-06
    1.4871500244E+04    4.0337875319E-06
    1.4881500244E+04    4.2885551443E-06
    1.4891500244E+04    4.2330989143E-06
    1.4901500244E+04    4.2443478457E-06
    1.4911500244E+04    4.1446331912E-06
    1.4921500244E+04    4.1542530689E-06
    1.4931500244E+04    4.2761939425E-06
    1.4941500244E+04    4.3744464251E-06
    1.4951500244E+04    4.4386050441E-06
    1.4961500244E+04    4.3183409871E-06
    1.4971500244E+04    4.2049081574E-06
    1.4981500244E+04    4.0337083139E-06
    1.4991500244E+04    4.0495438560E-06
    1.5001500244E+04    4.0712068831E-06
    1.5011500244E+04    4.1421391974E-06
    1.5021500244E+04    4.1143248525E-06
    1.5031500244E+04    4.1623523709E-06
    1.5041500244E+04    4.0867962136E-06
    1.5051500244E+04    4.2601258132E-06
    1.5061500244E+04    4.3470559058E-06
    1.5071500244E+04    4.5228462051E-06
    1.5081500244E+04    4.5010003135E-06
    1.5091500244E+04    4.5097239149E-06
    1.5101500244E+04    4.4907084846E-06
    1.5111500244E+04    4.3730669554E-06
    1.5121500244E+04    4.2289566860E-06
    1.5131500244E+04    4.2613457596E-06
    1.5141500244E+04    4.4094232937E-06
    1.5151500244E+04    4.6194074361E-06
    1.5161500244E+04    4.7277860596E-06
    1.5171500244E+04    4.7846473665E-06
    1.5181500244E+04    4.6617716439E-06
    1.5191500244E+04    4.5747795003E-06
    1.5201500244E+04    4.6851944012E-06
    1.5211500244E+04    4.9180098292E-06
    1.5221500244E+04    4.8521700021E-06
    1.5231500244E+04    4.8010010606E-06
    1.5241500244E+04    4.6311597361E-06
    1.5251500244E+04    4.6342029072E-06
    1.5261500244E+04    4.6127222577E-06
    1.5271500244E+04    4.6681754596E-06
    1.5281500244E+04    4.6431793578E-06
    1.5291500244E+04    4.4965576904E-06
    1.5301500244E+04    4.2542645655E-06
    1.5311500244E+04    4.3185793350E-06
    1.5321500244E+04    4.4384870991E-06
    1.5331500244E+04    4.6360103342E-06
    1.5341500244E+04    4.6247750481E-06
    1.5351500244E+04    4.4376587574E-06
    1.5361500244E+04    4.4360823209E-06
    1.5371500244E+04    4.4351463233E-06
    1.5381500244E+04    4.7782585071E-06
    1.5391500244E+04    4.8801979818E-06
    1.5401500244E+04    4.7522217208E-06
    1.5411500244E+04    4.5543548682E-06
    1.5421500244E+04    4.5231360173E-06
    1.5431500244E+04    4.7443922721E-06
    1.5441500244E+04    4.7173830195E-06
    1.5451500244E+04    4.6519238559E-06
    1.5461500244E+04    4.4598874089E-06
    1.5471500244E+04    4.3712690446E-06
    1.5481500244E+04    4.3432612299E-06
    1.5491500244E+04    4.5040262928E-06
    1.5501500244E+04    4.6616823271E-06
    1.5511500244E+04    4.7313878619E-06
    1.5521500244E+04    4.8324398172E-06
    1.5531500244E+04    4.8459695526E-06
    1.5541500244E+04    5.0375714863E-06
    1.5551500244E+04    4.7468401420E-06
    1.5561500244E+04    4.8589532254E-06
    1.5571500244E+04    4.6324858268E-06
    1.5581500244E+04    4.9988006962E-06
    1.5591500244E+04    5.0704751539E-06
    1.5601500244E+04    5.1548773553E-06
    1.5611500244E+04    5.3597671604E-06
    1.5621500244E+04    5.2561972135E-06
    1.5631500244E+04    5.4383884548E-06
    1.5641500244E+04    5.1244519975E-06
    1.5651500244E+04    5.0954433657E-06
    1.5661500244E+04    4.8298419070E-06
    1.5671500244E+04    4.6668798023E-06
    1.5681500244E+04    4.6763520820E-06
    1.5691500244E+04    4.8165636282E-06
    1.5701500244E+04    4.9292125439E-06
    1.5711500244E+04    4.8946266860E-06
    1.5721500244E+04    5.0125736876E-06
    1.5731500244E+04    5.1832870167E-06
    1.5741500244E+04    5.2491376577E-06
    1.5751500244E+04    5.1656885016E-06
    1.5761500244E+04    5.1805664990E-06
    1.5771500244E+04    5.3301366070E-06
    1.5781500244E+04    5.1707789915E-06
    1.5791500244E+04    5.0120877131E-06
    1.5801500244E+04    5.1102274407E-06
    1.5811500244E+04    5.2972305596E-06
    1.5821500244E+04    5.5822870671E-06
    1.5831500244E+04    5.3363259259E-06
    1.5841500244E+04    5.3517643516E-06
    1.5851500244E+04    5.1015123565E-06
    1.5861500244E+04    5.3214272169E-06
    1.5871500244E+04    4.9858692729E-06
    1.5881500244E+04    4.8810277757E-06
    1.5891500244E+04    4.8458156538E-06
    1.5901500244E+04    5.3004756191E-06
    1.5911500244E+04    5.4089744561E-06
    1.5921500244E+04    5.3471523509E-06
    1.5931500244E+04    5.2158485295E-06
    1.5941500244E+04    5.3963304697E-06
    1.5951500244E+04    5.4433483280E-06
    1.5961500244E+04    5.3339463690E-06
    1.5971500244E+04    5.1033550797E-06
    1.5981500244E+04    5.0565653490E-06
    1.5991500244E+04    5.0870946501E-06
    1.6001500244E+04    5.4408599757E-06
    1.6011500244E+04    5.4011146805E-06
    1.6021500244E+04    5.3511157156E-06
    1.6031500244E+04    5.1564749770E-06
    1.6041500244E+04    5.0253389282E-06
    1.6051500244E+04    5.1000480793E-06
    1.6061500244E+04    4.8872830292E-06
    1.6071500244E+04    5.1681607352E-06
    1.6081500244E+04    5.4625145000E-06
    1.6091500244E+04    5.7430618147E-06
    1.6101500244E+04    5.8093645801E-06
    1.6111500244E+04    5.6603124702E-06
    1.6121500244E+04    5.7764741740E-06
    1.6131500244E+04    5.5676738291E-06
    1.6141500244E+04    5.6244214516E-06
    1.6151500244E+04    5.5226026950E-06
    1.6161500244E+04    5.6719907303E-06
    1.6171500244E+04    5.7707038561E-06
    1.6181500244E+04    5.8667751106E-06
    1.6191500244E+04    5.9493856130E-06
    1.6201500244E+04    5.8976470480E-06
    1.6211500244E+04    5.7831666295E-06
    1.6221500244E+04    5.8148956332E-06
    1.6231500244E+04    6.0766256022E-06
    1.6241500244E+04    6.5498204471E-06
    1.6251500244E+04    7.1011379391E-06
    1.6261500244E+04    7.0801309244E-06
    1.6271500244E+04    6.7452600190E-06
    1.6281500244E+04    6.4447913136E-06
    1.6291500244E+04    6.4434990185E-06
    1.6301500244E+04    6.7955793687E-06
    1.6311500244E+04    6.6840790860E-06
    1.6321500244E+04    6.9188348056E-06
    1.6331500244E+04    6.8230737282E-06
    1.6341500244E+04    6.8337745222E-06
    1.6351500244E+04    6.7350419173E-06
    1.6361500244E+04    6.7499825120E-06
    1.6371500244E+04    6.9837299036E-06
    1.6381500244E+04    7.0424702382E-06
    1.6391500244E+04    7.4798133854E-06
    1.6401500244E+04    7.3506457414E-06
    1.6411500244E+04    7.0149082202E-06
    1.6421500244E+04    6.5827848664E-06
    1.6431500244E+04    6.6776710201E-06
    1.6441500244E+04    7.0339250267E-06
    1.6451500244E+04    7.2661897622E-06
    1.6461500244E+04    7.1662897741E-06
    1.6471500244E+04    7.0656064507E-06
    1.6481500244E+04    6.9566704624E-06
    1.6491500244E+04    6.7503394019E-06
    1.6501500244E+04    6.8244996754E-06
    1.6511500244E+04    6.7428835727E-06
    1.6521500244E+04    7.1233623310E-06
    1.6531500244E+04    7.0670000105E-06
    1.6541500244E+04    6.9570504253E-06
    1.6551500244E+04    6.6103624731E-06
    1.6561500244E+04    6.2665499063E-06
    1.6571500244E+04    6.0247515542E-06
    1.6581500244E+04    5.7984667688E-06
    1.6591500244E+04    5.7490112324E-06
    1.6601500244E+04    6.1709467388E-06
    1.6611500244E+04    6.7162966163E-06
    1.6621500244E+04    7.2971809662E-06
    1.6631500244E+04    7.2828798118E-06
    1.6641500244E+04    6.9660831984E-06
    1.6651500244E+04    6.6538778453E-06
    1.6661500244E+04    6.1906848997E-06
    1.6671500244E+04    6.4733704462E-06
    1.6681500244E+04    6.3821159007E-06
    1.6691500244E+04    6.8378383210E-06
    1.6701500244E+04    6.7948332314E-06
    1.6711500244E+04    6.9774801568E-06
    1.6721500244E+04    6.8886135186E-06
    1.6731500244E+04    6.6092272762E-06
    1.6741500244E+04    6.7200193712E-06
    1.6751500244E+04    6.5960964710E-06
    1.6761500244E+04    6.6389951348E-06
    1.6771500244E+04    6.5081534367E-06
    1.6781500244E+04    6.5942281928E-06
    1.6791500244E+04    6.5842207721E-06
    1.6801500244E+04    6.2702387325E-06
    1.6811500244E+04    6.2011599903E-06
    1.6821500244E+04    6.4359045715E-06
    1.6831500244E+04    6.7621031212E-06
    1.6841500244E+04    6.9962417760E-06
    1.6851500244E+04    6.8611567714E-06
    1.6861500244E+04    7.3098374354E-06
    1.6871500244E+04    7.3046553522E-06
    1.6881500244E+04    7.2835759470E-06
    1.6891500244E+04    6.9110675175E-06
    1.6901500244E+04    6.8297598401E-06
    1.6911500244E+04    6.5320565447E-06
    1.6921500244E+04    6.6196944684E-06
    1.6931500244E+04    6.5878056711E-06
    1.6941500244E+04    7.0946156072E-06
    1.6951500244E+04    7.0146309308E-06
    1.6961500244E+04    7.0054543041E-06
    1.6971500244E+04    7.0454786189E-06
    1.6981500244E+04    6.9962599500E-06
    1.6991500244E+04    6.8938391001E-06
    1.7001500244E+04    6.7322665660E-06
    1.7011500244E+04    6.6660893095E-06
    1.7021500244E+04    6.8820007046E-06
    1.7031500244E+04    6.8239371446E-06
    1.7041500244E+04    6.9001716277E-06
    1.7051500244E+04    6.8066620420E-06
    1.7061500244E+04    7.0310757755E-06
    1.7071500244E+04    6.6818948373E-06
    1.7081500244E+04    7.0366936719E-06
    1.7091500244E+04    7.1632649086E-06
    1.7101500244E+04    7.3260986497E-06
    1.7111500244E+04    7.1496272413E-06
    1.7121500244E+04    7.3934604596E-06
    1.7131500244E+04    7.8576444564E-06
    1.7141500244E+04    7.9698844197E-06
    1.7151500244E+04    8.1107790869E-06
    1.7161500244E+04    8.2530510337E-06
    1.7171500244E+04    8.0608159791E-06
    1.7181500244E+04    7.6277803954E-06
    1.7191500244E+04    7.5198344545E-06
    1.7201500244E+04    7.8449280797E-06
    1.7211500244E+04    7.6810897088E-06
    1.7221500244E+04    7.9006383679E-06
    1.7231500244E+04    7.6574478099E-06
    1.7241500244E+04    8.0472850119E-06
    1.7251500244E+04    7.7300812107E-06
    1.7261500244E+04    7.6859174768E-06
    1.7271500244E+04    8.0017436983E-06
    1.7281500244E+04    8.0849269605E-06
    1.7291500244E+04    7.9982058797E-06
    1.7301500244E+04    7.3994365008E-06
    1.7311500244E+04    7.3431541332E-06
    1.7321500244E+04    7.4179669104E-06
    1.7331500244E+04    7.7008851872E-06
    1.7341500244E+04    7.7327429431E-06
    1.7351500244E+04    8.2610821032E-06
    1.7361500244E+04    8.4001136082E-06
    1.7371500244E+04    8.6765004361E-06
    1.7381500244E+04    8.9577432578E-06
    1.7391500244E+04    8.7799592324E-06
    1.7401500244E+04    8.2670243019E-06
    1.7411500244E+04    7.6794239322E-06
    1.7421500244E+04    7.3158757599E-06
    1.7431500244E+04    7.5565171901E-06
    1.7441500244E+04    7.9749082398E-06
    1.7451500244E+04    8.5823634768E-06
    1.7461500244E+04    9.0762964127E-06
    1.7471500244E+04    8.4053823364E-06
    1.7481500244E+04    8.1737873618E-06
    1.7491500244E+04    7.9893189023E-06
    1.7501500244E+04    8.6267570041E-06
    1.7511500244E+04    8.7309789342E-06
    1.7521500244E+04    8.3240431156E-06
    1.7531500244E+04    8.5202151975E-06
    1.7541500244E+04    8.3501556989E-06
    1.7551500244E+04    8.6976616088E-06
    1.7561500244E+04    8.4513808423E-06
    1.7571500244E+04    8.5289074914E-06
    1.7581500244E+04    8.5323890470E-06
    1.7591500244E+04    8.5424360776E-06
    1.7601500244E+04    8.3297637957E-06
    1.7611500244E+04    8.7322597949E-06
    1.7621500244E+04    8.1956656985E-06
    1.7631500244E+04    8.6342948194E-06
    1.7641500244E+04    8.2176640289E-06
    1.7651500244E+04    8.7099133240E-06
    1.7661500244E+04    8.9170488100E-06
    1.7671500244E+04    9.1122298282E-06
    1.7681500244E+04    9.1855630854E-06
    1.7691500244E+04    9.1280444553E-06
    1.7701500244E+04    8.6748624469E-06
    1.7711500244E+04    8.9927880653E-06
    1.7721500244E+04    9.0915977327E-06
    1.7731500244E+04    9.2348084894E-06
    1.7741500244E+04    9.0750279200E-06
    1.7751500244E+04    8.8628260701E-06
    1.7761500244E+04    9.4580837861E-06
    1.7771500244E+04    9.1032953022E-06
    1.7781500244E+04    9.1666792804E-06
    1.7791500244E+04    8.8830237028E-06
    1.7801500244E+04    9.1403368404E-06
    1.7811500244E+04    8.9532036188E-06
    1.7821500244E+04    9.1166352867E-06
    1.7831500244E+04    9.6212579261E-06
    1.7841500244E+04    1.0230865389E-05
    1.7851500244E+04    9.9527113578E-06
    1.7861500244E+04    9.3731871668E-06
    1.7871500244E+04    9.3252576488E-06
    1.7881500244E+04    9.7589606235E-06
    1.7891500244E+04    1.0094787324E-05
    1.7901500244E+04    9.6083847862E-06
    1.7911500244E+04    9.3067197909E-06
    1.7921500244E+04    9.3967257286E-06
    1.7931500244E+04    9.6136971338E-06
    1.7941500244E+04    9.6050636070E-06
    1.7951500244E+04    9.6475041059E-06
    1.7961500244E+04    9.7438147276E-06
    1.7971500244E+04    1.0089370893E-05
    1.7981500244E+04    9.8602913482E-06
    1.7991500244E+04    9.6524786523E-06
    1.8001500244E+04    9.6267007255E-06
    1.8011500244E+04    1.0182695644E-05
    1.8021500244E+04    1.0788067596E-05
    1.8031500244E+04    1.0796106815E-05
    1.8041500244E+04    1.0426135835E-05
    1.8051500244E+04    1.0353502432E-05
    1.8061500244E+04    1.0535378022E-05
    1.8071500244E+04    1.1103226179E-05
    1.8081500244E+04    1.0850738879E-05
    1.8091500244E+04    1.0609127274E-05
    1.8101500244E+04    1.0594374634E-05
    1.8111500244E+04    1.1218719783E-05
    1.8121500244E+04    1.1310927585E-05
    1.8131500244E+04    1.1377451622E-05
    1.8141500244E+04    1.1438870089E-05
    1.8151500244E+04    1.2367447887E-05
    1.8161500244E+04    1.1818554872E-05
    1.8171500244E+04    1.1532447255E-05
    1.8181500244E+04    1.1175356056E-05
    1.8191500244E+04    1.2016461356E-05
    1.8201500244E+04    1.2775067042E-05
    1.8211500244E+04    1.2663586092E-05
    1.8221500244E+04    1.2610591079E-05
    1.8231500244E+04    1.2143246809E-05
    1.8241500244E+04    1.2393143811E-05
    1.8251500244E+04    1.2682999342E-05
    1.8261500244E+04    1.3198904979E-05
    1.8271500244E+04    1.3391523019E-05
    1.8281500244E+04    1.3491371843E-05
    1.8291500244E+04    1.3199048908E-05
    1.8301500244E+04    1.3051853206E-05
    1.8311500244E+04    1.3128894868E-05
    1.8321500244E+04    1.3391722791E-05
    1.8331500244E+04    1.4412522978E-05
    1.8341500244E+04    1.4100181013E-05
    1.8351500244E+04    1.4522372014E-05
    1.8361500244E+04    1.3461293475E-05
    1.8371500244E+04    1.3639334667E-05
    1.8381500244E+04    1.2860369472E-05
    1.8391500244E+04    1.3160978055E-05
    1.8401500244E+04    1.3934305077E-05
    1.8411500244E+04    1.4611174515E-05
    1.8421500244E+04    1.5208833548E-05
    1.8431500244E+04    1.4489357713E-05
    1.8441500244E+04    1.4260345832E-05
    1.8451500244E+04    1.3591775195E-05
    1.8461500244E+04    1.3158615423E-05
    1.8471500244E+04    1.2809723685E-05
    1.8481500244E+04    1.3613133078E-05
    1.8491500244E+04    1.4332432043E-05
    1.8501500244E+04    1.4375550955E-05
    1.8511500244E+04    1.4035138313E-05
    1.8521500244E+04    1.4183644901E-05
    1.8531500244E+04    1.4616993668E-05
    1.8541500244E+04    1.4747101362E-05
    1.8551500244E+04    1.4348617328E-05
    1.8561500244E+04    1.4749822240E-05
    1.8571500244E+04    1.4717386264E-05
    1.8581500244E+04    1.5360265331E-05
    1.8591500244E+04    1.4835806017E-05
    1.8601500244E+04    1.4815646054E-05
    1.8611500244E+04    1.4832380298E-05
    1.8621500244E+04    1.5353527084E-05
    1.8631500244E+04    1.5403563698E-05
    1.8641500244E+04    1.5140313367E-05
    1.8651500244E+04    1.4641621740E-05
    1.8661500244E+04    1.4405083544E-05
    1.8671500244E+04    1.3558674293E-05
    1.8681500244E+04    1.4107239981E-05
    1.8691500244E+04    1.3570563998E-05
    1.8701500244E+04    1.5001210320E-05
    1.8711500244E+04    1.4450743524E-05
    1.8721500244E+04    1.4937904302E-05
    1.8731500244E+04    1.4148332535E-05
    1.8741500244E+04    1.3845072729E-05
    1.8751500244E+04    1.3818835039E-05
    1.8761500244E+04    1.3550933877E-05
    1.8771500244E+04    1.4017350489E-05
    1.8781500244E+04    1.4137479022E-05
    1.8791500244E+04    1.3500347085E-05
    1.8801500244E+04    1.3008917335E-05
    1.8811500244E+04    1.2652276437E-05
    1.8821500244E+04    1.3084046833E-05
    1.8831500244E+04    1.3537098965E-05
    1.8841500244E+04    1.3639062678E-05
    1.8851500244E+04    1.3675363036E-05
    1.8861500244E+04    1.4012591568E-05
    1.8871500244E+04    1.4195449743E-05
    1.8881500244E+04    1.4584249258E-05
    1.8891500244E+04    1.4569284021E-05
    1.8901500244E+04    1.4708408359E-05
    1.8911500244E+04    1.5107088921E-05
    1.8921500244E+04    1.4446299246E-05
    1.8931500244E+04    1.5499844304E-05
    1.8941500244E+04    1.4784033050E-05
    1.8951500244E+04    1.4774264638E-05
    1.8961500244E+04    1.3417127823E-05
    1.8971500244E+04    1.3840493816E-05
    1.8981500244E+04    1.4754447326E-05
    1.8991500244E+04    1.4920017175E-05
    1.9001500244E+04    1.4751444153E-05
    1.9011500244E+04    1.4144634279E-05
    1.9021500244E+04    1.4596922488E-05
    1.9031500244E+04    1.4563361357E-05
    1.9041500244E+04    1.5545368956E-05
    1.9051500244E+04    1.5160144820E-05
    1.9061500244E+04    1.5072021865E-05
    1.9071500244E+04    1.4924596693E-05
    1.9081500244E+04    1.4826715073E-05
    1.9091500244E+04    1.5506997322E-05
    1.9101500244E+04    1.4443485810E-05
    1.9111500244E+04    1.4224334553E-05
    1.9121500244E+04    1.3257307708E-05
    1.9131500244E+04    1.2661120643E-05
    1.9141500244E+04    1.3413941782E-05
    1.9151500244E+04    1.3587951301E-05
    1.9161500244E+04    1.4265726815E-05
    1.9171500244E+04    1.3888330282E-05
    1.9181500244E+04    1.4752603967E-05
    1.9191500244E+04    1.5696240374E-05
    1.9201500244E+04    1.6078937433E-05
    1.9211500244E+04    1.6016134343E-05
    1.9221500244E+04    1.5480440911E-05
    1.9231500244E+04    1.5655466629E-05
    1.9241500244E+04    1.5263725427E-05
    1.9251500244E+04    1.5114243610E-05
    1.9261500244E+04    1.4661100732E-05
    1.9271500244E+04    1.5405584141E-05
    1.9281500244E+04    1.6037569994E-05
    1.9291500244E+04    1.6791544530E-05
    1.9301500244E+04    1.6285832755E-05
    1.9311500244E+04    1.6613778723E-05
    1.9321500244E+04    1.5940055788E-05
    1.9331500244E+04    1.5920484884E-05
    1.9341500244E+04    1.5260589472E-05
    1.9351500244E+04    1.5476513435E-05
    1.9361500244E+04    1.6437739375E-05
    1.9371500244E+04    1.6908209776E-05
    1.9381500244E+04    1.6715444671E-05
    1.9391500244E+04    1.6391541336E-05
    1.9401500244E+04    1.7022144982E-05
    1.9411500244E+04    1.8080454879E-05
    1.9421500244E+04    1.8576982798E-05
    1.9431500244E+04    1.8259947006E-05
    1.9441500244E+04    1.7371148070E-05
    1.9451500244E+04    1.7528137736E-05
    1.9461500244E+04    1.8292181121E-05
    1.9471500244E+04    1.9468461443E-05
    1.9481500244E+04    1.8658564805E-05
    1.9491500244E+04    1.8412096563E-05
    1.9501500244E+04    1.8552784382E-05
    1.9511500244E+04    1.9083241114E-05
    1.9521500244E+04    1.9531540197E-05
    1.9531500244E+04    1.8925479315E-05
    1.9541500244E+04    1.8896426407E-05
    1.9551500244E+04    1.7962117706E-05
    1.9561500244E+04    1.8060964579E-05
    1.9571500244E+04    1.9129935313E-05
    1.9581500244E+04    1.9915505466E-05
    1.9591500244E+04    2.0014907223E-05
    1.9601500244E+04    1.9915222056E-05
    1.9611500244E+04    1.9281290718E-05
    1.9621500244E+04    1.9994965513E-05
    1.9631500244E+04    1.9747110033E-05
    1.9641500244E+04    2.0483578135E-05
    1.9651500244E+04    2.0256797165E-05
    1.9661500244E+04    1.9584772398E-05
    1.9671500244E+04    1.9547622054E-05
    1.9681500244E+04    1.9159325475E-05
    1.9691500244E+04    1.9474675521E-05
    1.9701500244E+04    1.7842862514E-05
    1.9711500244E+04    1.7267061582E-05
    1.9721500244E+04    1.6686723633E-05
    1.9731500244E+04    1.7791208900E-05
    1.9741500244E+04    1.8173158943E-05
    1.9751500244E+04    1.8258626360E-05
    1.9761500244E+04    1.7589914205E-05
    1.9771500244E+04    1.7513944235E-05
    1.9781500244E+04    1.7335757223E-05
    1.9791500244E+04    1.7338615104E-05
    1.9801500244E+04    1.6360452057E-05
    1.9811500244E+04    1.6535775381E-05
    1.9821500244E+04    1.7071573760E-05
    1.9831500244E+04    1.8915029255E-05
    1.9841500244E+04    1.8764279903E-05
    1.9851500244E+04    1.7788829991E-05
    1.9861500244E+04    1.5608036054E-05
    1.9871500244E+04    1.5406680167E-05
    1.9881500244E+04    1.5593774036E-05
    1.9891500244E+04    1.7107268526E-05
    1.9901500244E+04    1.8027659087E-05
    1.9911500244E+04    1.8744614082E-05
    1.9921500244E+04    1.7542220162E-05
    1.9931500244E+04    1.6687611237E-05
    1.9941500244E+04    1.6550126880E-05
    1.9951500244E+04    1.6935701729E-05
    1.9961500244E+04    1.6845613711E-05
    1.9971500244E+04    1.6473663792E-05
    1.9981500244E+04    1.6075237411E-05
    1.9991500244E+04    1.6849510848E-05
    2.0001500244E+04    1.6398911982E-05
    2.0011500244E+04    1.7771792065E-05
    2.0021500244E+04    1.7185614019E-05
    2.0031500244E+04    1.7779237608E-05
    2.0041500244E+04    1.6736376854E-05
    2.0051500244E+04    1.6176406264E-05
    2.0061500244E+04    1.6338512408E-05
    2.0071500244E+04    1.7556702405E-05
    2.0081500244E+04    1.7472270645E-05
    2.0091500244E+04    1.7827481260E-05
    2.0101500244E+04    1.7164005247E-05
    2.0111500244E+04    1.7605839555E-05
    2.0121500244E+04    1.7099042081E-05
    2.0131500244E+04    1.7021956824E-05
    2.0141500244E+04    1.7252542348E-05
    2.0151500244E+04    1.8026944505E-05
    2.0161500244E+04    1.8482860627E-05
    2.0171500244E+04    1.8084127985E-05
    2.0181500244E+04    1.6646226697E-05
    2.0191500244E+04    1.7113118923E-05
    2.0201500244E+04    1.7346861077E-05
    2.0211500244E+04    1.8507751077E-05
    2.0221500244E+04    1.7015342997E-05
    2.0231500244E+04    1.7685840665E-05
    2.0241500244E+04    1.7270964562E-05
    2.0251500244E+04    1.8352172462E-05
    2.0261500244E+04    1.8191442796E-05
    2.0271500244E+04    1.8773199238E-05
    2.0281500244E+04    1.8519158543E-05
    2.0291500244E+04    1.8611665276E-05
    2.0301500244E+04    1.7525716010E-05
    2.0311500244E+04    1.8439108731E-05
    2.0321500244E+04    1.8436665090E-05
    2.0331500244E+04    1.8865355094E-05
    2.0341500244E+04    1.8262918534E-05
    2.0351500244E+04    1.8720641658E-05
    2.0361500244E+04    2.0194621988E-05
    2.0371500244E+04    2.0008276001E-05
    2.0381500244E+04    1.9892155155E-05
    2.0391500244E+04    1.8685646899E-05
    2.0401500244E+04    1.9685221321E-05
    2.0411500244E+04    1.9803495134E-05
    2.0421500244E+04    2.0178137042E-05
    2.0431500244E+04    1.9503768101E-05
    2.0441500244E+04    1.9064770636E-05
    2.0451500244E+04    1.8536757887E-05
    2.0461500244E+04    1.8576456288E-05
    2.0471500244E+04    1.8847970549E-05
    2.0481499023E+04    1.9607449827E-05
    2.0491499023E+04    1.9495913234E-05
    2.0501499023E+04    1.9695865432E-05
    2.0511499023E+04    1.9135113074E-05
    2.0521499023E+04    1.8690042347E-05
    2.0531499023E+04    1.8142822154E-05
    2.0541499023E+04    1.9493185444E-05
    2.0551499023E+04    2.0708788563E-05
    2.0561499023E+04    2.1142357824E-05
    2.0571499023E+04    2.0882001595E-05
    2.0581499023E+04    2.0621226399E-05
    2.0591499023E+04    2.1249821948E-05
    2.0601499023E+04    1.9559131943E-05
    2.0611499023E+04    1.8758493269E-05
    2.0621499023E+04    1.9002019949E-05
    2.0631499023E+04    2.0284276012E-05
    2.0641499023E+04    2.1407820956E-05
    2.0651499023E+04    2.0946967190E-05
    2.0661499023E+04    2.1671558121E-05
    2.0671499023E+04    2.0784447110E-05
    2.0681499023E+04    2.1283417669E-05
    2.0691499023E+04    2.1251671002E-05
    2.0701499023E+04    2.1766796974E-05
    2.0711499023E+04    2.1421503778E-05
    2.0721499023E+04    2.1618813531E-05
    2.0731499023E+04    2.1664064460E-05
    2.0741499023E+04    2.0761789052E-05
    2.0751499023E+04    1.9819055230E-05
    2.0761499023E+04    1.9986943039E-05
    2.0771499023E+04    2.0984017372E-05
    2.0781499023E+04    2.1271557120E-05
    2.0791499023E+04    2.2084761764E-05
    2.0801499023E+04    2.2456255779E-05
    2.0811499023E+04    2.1899827728E-05
    2.0821499023E+04    2.1004956127E-05
    2.0831499023E+04    2.0933433973E-05
    2.0841499023E+04    2.2127023817E-05
    2.0851499023E+04    2.1975790674E-05
    2.0861499023E+04    2.2674981445E-05
    2.0871499023E+04    2.2884537385E-05
    2.0881499023E+04    2.2854542462E-05
    2.0891499023E+04    2.1609342589E-05
    2.0901499023E+04    2.1238700980E-05
    2.0911499023E+04    2.1883903734E-05
    2.0921499023E+04    2.1004034633E-05
    2.0931499023E+04    2.1245581628E-05
    2.0941499023E+04    2.1353645735E-05
    2.0951499023E+04    2.2701122095E-05
    2.0961499023E+04    2.1853676815E-05
    2.0971499023E+04    2.2126745750E-05
    2.0981499023E+04    2.1421642843E-05
    2.0991499023E+04    2.2703146882E-05
    2.1001499023E+04    2.2886631677E-05
    2.1011499023E+04    2.4021646973E-05
    2.1021499023E+04    2.3183825301E-05
    2.1031499023E+04    2.3000678774E-05
    2.1041499023E+04    2.2901343011E-05
    2.1051499023E+04    2.2956929149E-05
    2.1061499023E+04    2.2519821672E-05
    2.1071499023E+04    2.2488994412E-05
    2.1081499023E+04    2.3693411809E-05
    2.1091499023E+04    2.3262641103E-05
    2.1101499023E+04    2.2539573899E-05
    2.1111499023E+04    2.2623430580E-05
    2.1121499023E+04    2.3240369519E-05
    2.1131499023E+04    2.3054324158E-05
    2.1141499023E+04    2.2357083159E-05
    2.1151499023E+04    2.2070994509E-05
    2.1161499023E+04    2.2908634776E-05
    2.1171499023E+04    2.3470670593E-05
    2.1181499023E+04    2.3725029205E-05
    2.1191499023E+04    2.4242058703E-05
    2.1201499023E+04    2.3033591581E-05
    2.1211499023E+04    2.3582911664E-05
    2.1221499023E+04    2.2816319583E-05
    2.1231499023E+04    2.3393795749E-05
    2.1241499023E+04    2.3334852230E-05
    2.1251499023E+04    2.3796987238E-05
    2.1261499023E+04    2.5481515220E-05
    2.1271499023E+04    2.7021076273E-05
    2.1281499023E+04    2.5838598453E-05
    2.1291499023E+04    2.5219108538E-05
    2.1301499023E+04    2.4185723588E-05
    2.1311499023E+04    2.5235970929E-05
    2.1321499023E+04    2.3408473076E-05
    2.1331499023E+04    2.3018498045E-05
    2.1341499023E+04    2.2574728736E-05
    2.1351499023E+04    2.3468027239E-05
    2.1361499023E+04    2.3370008421E-05
    2.1371499023E+04    2.3724512810E-05
    2.1381499023E+04    2.4528232523E-05
    2.1391499023E+04    2.5441919981E-05
    2.1401499023E+04    2.6307282905E-05
    2.1411499023E+04    2.6374699255E-05
    2.1421499023E+04    2.6392746595E-05
    2.1431499023E+04    2.6784778197E-05
    2.1441499023E+04    2.7245982853E-05
    2.1451499023E+04    2.7041192227E-05
    2.1461499023E+04    2.7338242496E-05
    2.1471499023E+04    2.7455856311E-05
    2.1481499023E+04    2.7872399415E-05
    2.1491499023E+04    2.6219057632E-05
    2.1501499023E+04    2.5707265329E-05
    2.1511499023E+04    2.5066127582E-05
    2.1521499023E+04    2.5685212141E-05
    2.1531499023E+04    2.6102869486E-05
    2.1541499023E+04    2.6629575783E-05
    2.1551499023E+04    2.8398117038E-05
    2.1561499023E+04    2.6858466551E-05
    2.1571499023E+04    2.4659130526E-05
    2.1581499023E+04    2.4144584078E-05
    2.1591499023E+04    2.4614330762E-05
    2.1601499023E+04    2.6490312997E-05
    2.1611499023E+04    2.6964519282E-05
    2.1621499023E+04    2.8516346512E-05
    2.1631499023E+04    2.8647421383E-05
    2.1641499023E+04    2.7682753065E-05
    2.1651499023E+04    2.6255196535E-05
    2.1661499023E+04    2.6558793013E-05
    2.1671499023E+04    2.6782256351E-05
    2.1681499023E+04    2.8577929116E-05
    2.1691499023E+04    2.7153446496E-05
    2.1701499023E+04    2.6450517766E-05
    2.1711499023E+04    2.6664702587E-05
    2.1721499023E+04    2.6965855303E-05
    2.1731499023E+04    2.7214402966E-05
    2.1741499023E+04    2.5046286650E-05
    2.1751499023E+04    2.4481935968E-05
    2.1761499023E+04    2.4045684842E-05
    2.1771499023E+04    2.5022861587E-05
    2.1781499023E+04    2.5668194958E-05
    2.1791499023E+04    2.5566265227E-05
    2.1801499023E+04    2.4496690869E-05
    2.1811499023E+04    2.4454703798E-05
    2.1821499023E+04    2.4283103265E-05
    2.1831499023E+04    2.4676284836E-05
    2.1841499023E+04    2.5207912132E-05
    2.1851499023E+04    2.5977458365E-05
    2.1861499023E+04    2.5965383868E-05
    2.1871499023E+04    2.5992653133E-05
    2.1881499023E+04    2.5267450361E-05
    2.1891499023E+04    2.5499765568E-05
    2.1901499023E+04    2.7277716356E-05
    2.1911499023E+04    2.6117887106E-05
    2.1921499023E+04    2.5042455881E-05
    2.1931499023E+04    2.3425000260E-05
    2.1941499023E+04    2.5431072240E-05
    2.1951499023E+04    2.7495913604E-05
    2.1961499023E+04    2.8351926688E-05
    2.1971499023E+04    2.9538324449E-05
    2.1981499023E+04    2.9386100326E-05
    2.1991499023E+04    3.1016224452E-05
    2.2001499023E+04    3.1286244152E-05
    2.2011499023E+04    3.2091861237E-05
    2.2021499023E+04    3.1961553103E-05
    2.2031499023E+04    3.2374834925E-05
    2.2041499023E+04    3.2476169748E-05
    2.2051499023E+04    3.4139418175E-05
    2.2061499023E+04    3.2649215519E-05
    2.2071499023E+04    3.2427116408E-05
    2.2081499023E+04    3.1419105588E-05
    2.2091499023E+04    3.5243135301E-05
    2.2101499023E+04    3.6737257449E-05
    2.2111499023E+04    3.7466432490E-05
    2.2121499023E+04    3.5923431324E-05
    2.2131499023E+04    3.4673422869E-05
    2.2141499023E+04    3.3744723769E-05
    2.2151499023E+04    3.4760129265E-05
    2.2161499023E+04    3.6242904673E-05
    2.2171499023E+04    3.7219379333E-05
    2.2181499023E+04    3.4597712532E-05
    2.2191499023E+04    3.4544915718E-05
    2.2201499023E+04    3.4786030598E-05
    2.2211499023E+04    3.6873027958E-05
    2.2221499023E+04    3.7181042963E-05
    2.2231499023E+04    3.6192462157E-05
    2.2241499023E+04    3.6821887487E-05
    2.2251499023E+04    3.8167768606E-05
    2.2261499023E+04    3.8986653094E-05
    2.2271499023E+04    3.8452769430E-05
    2.2281499023E+04    3.7446312847E-05
    2.2291499023E+04    3.8138451920E-05
    2.2301499023E+04    3.8820742677E-05
    2.2311499023E+04    3.8886750107E-05
    2.2321499023E+04    3.8252413533E-05
    2.2331499023E+04    3.8992920410E-05
    2.2341499023E+04    3.9740161194E-05
    2.2351499023E+04    3.8588724445E-05
    2.2361499023E+04    3.6017822952E-05
    2.2371499023E+04    3.7121098094E-05
    2.2381499023E+04    3.8786457215E-05
    2.2391499023E+04    4.0514642986E-05
    2.2401499023E+04    4.1164471657E-05
    2.2411499023E+04    4.3459085302E-05
    2.2421499023E+04    4.6217181757E-05
    2.2431499023E+04    4.6146518124E-05
    2.2441499023E+04    4.4618461909E-05
    2.2451499023E+04    4.2704222502E-05
    2.2461499023E+04    4.3988451667E-05
    2.2471499023E+04    4.5256801183E-05
    2.2481499023E+04    4.7103815418E-05
    2.2491499023E+04    4.4274618923E-05
    2.2501499023E+04    4.4335811698E-05
    2.2511499023E+04    4.5445173157E-05
    2.2521499023E+04    4.8203367226E-05
    2.2531499023E+04    4.7921163071E-05
    2.2541499023E+04    4.6446836303E-05
    2.2551499023E+04    4.6392844811E-05
    2.2561499023E+04    4.6061554555E-05
    2.2571499023E+04    4.7231370271E-05
    2.2581499023E+04    4.4020803171E-05
    2.2591499023E+04    4.4449158568E-05
    2.2601499023E+04    4.2892773425E-05
    2.2611499023E+04    4.4637614075E-05
    2.2621499023E+04    4.5787415478E-05
    2.2631499023E+04    4.6498226761E-05
    2.2641499023E+04    4.7094336164E-05
    2.2651499023E+04    4.5633665519E-05
    2.2661499023E+04    4.6494525811E-05
    2.2671499023E+04    4.7887768064E-05
    2.2681499023E+04    4.6268618278E-05
    2.2691499023E+04    4.5506270516E-05
    2.2701499023E+04    4.1914033763E-05
    2.2711499023E+04    4.2736545635E-05
    2.2721499023E+04    4.0863060352E-05
    2.2731499023E+04    4.0420316740E-05
    2.2741499023E+04    4.1121533478E-05
    2.2751499023E+04    3.9516877765E-05
    2.2761499023E+04    3.9280356624E-05
    2.2771499023E+04    3.7253274537E-05
    2.2781499023E+04    3.7899554525E-05
    2.2791499023E+04    3.6521815473E-05
    2.2801499023E+04    3.3646105733E-05
    2.2811499023E+04    3.1409042521E-05
    2.2821499023E+04    3.0040572419E-05
    2.2831499023E+04    3.1769692212E-05
    2.2841499023E+04    3.1340287985E-05
    2.2851499023E+04    2.9903197097E-05
    2.2861499023E+04    2.7477477620E-05
    2.2871499023E+04    2.7868120153E-05
    2.2881499023E+04    2.8764734463E-05
    2.2891499023E+04    2.7879084346E-05
    2.2901499023E+04    2.6713611702E-05
    2.2911499023E+04    2.5960767937E-05
    2.2921499023E+04    2.5760210059E-05
    2.2931499023E+04    2.4925244380E-05
    2.2941499023E+04    2.2948598508E-05
    2.2951499023E+04    2.1364765469E-05
    2.2961499023E+04    1.9483537323E-05
    2.2971499023E+04    2.0965731373E-05
    2.2981499023E+04    2.1028649482E-05
    2.2991499023E+04    2.2405164078E-05
    2.3001499023E+04    1.9736417637E-05
    2.3011499023E+04    1.9020534916E-05
    2.3021499023E+04    1.7373838279E-05
    2.3031499023E+04    1.8389240865E-05
    2.3041499023E+04    1.7971913315E-05
    2.3051499023E+04    1.7743827296E-05
    2.3061499023E+04    1.7464036030E-05
    2.3071499023E+04    1.8044548284E-05
    2.3081499023E+04    1.7471983657E-05
    2.3091499023E+04    1.6959178260E-05
    2.3101499023E+04    1.5815797773E-05
    2.3111499023E+04    1.5326364021E-05
    2.3121499023E+04    1.4672803221E-05
    2.3131499023E+04    1.4348183029E-05
    2.3141499023E+04    1.4960980148E-05
    2.3151499023E+04    1.5352881887E-05
    2.3161499023E+04    1.5634466291E-05
    2.3171499023E+04    1.4848807799E-05
    2.3181499023E+04    1.3437650500E-05
    2.3191499023E+04    1.3186882304E-05
    2.3201499023E+04    1.3399388713E-05
    2.3211499023E+04    1.3286733192E-05
    2.3221499023E+04    1.2480620288E-05
    2.3231499023E+04    1.1558684580E-05
    2.3241499023E+04    1.1256524113E-05
    2.3251499023E+04    1.1105205923E-05
    2.3261499023E+04    1.0261940030E-05
    2.3271499023E+04    9.6388792706E-06
    2.3281499023E+04    9.1036860233E-06
    2.3291499023E+04    8.8108760628E-06
    2.3301499023E+04    8.9018194286E-06
    2.3311499023E+04    8.1831777662E-06
    2.3321499023E+04    7.7579523266E-06
    2.3331499023E+04    6.9752373619E-06
    2.3341499023E+04    6.8614348795E-06
    2.3351499023E+04    6.6722566603E-06
    2.3361499023E+04    6.3871017286E-06
    2.3371499023E+04    6.0061883367E-06
    2.3381499023E+04    5.5923498020E-06
    2.3391499023E+04    5.5948050797E-06
    2.3401499023E+04    5.3427883946E-06
    2.3411499023E+04    5.1264538796E-06
    2.3421499023E+04    4.7578345678E-06
    2.3431499023E+04    4.7464939875E-06
    2.3441499023E+04    4.7208702803E-06
    2.3451499023E+04    4.6970115525E-06
    2.3461499023E+04    4.6170745060E-06
    2.3471499023E+04    4.5938988565E-06
    2.3481499023E+04    4.3438892990E-06
    2.3491499023E+04    4.3577028673E-06
    2.3501499023E+04    4.4903959968E-06
    2.3511499023E+04    4.7737054652E-06
    2.3521499023E+04    4.4496288467E-06
    2.3531499023E+04    4.2784756848E-06
    2.3541499023E+04    4.1251500484E-06
    2.3551499023E+04    4.2539763410E-06
    2.3561499023E+04    4.2772777822E-06
    2.3571499023E+04    4.0679455562E-06
    2.3581499023E+04    3.9468427559E-06
    2.3591499023E+04    3.5446476001E-06
    2.3601499023E+04    3.3154728220E-06
    2.3611499023E+04    2.9404025369E-06
    2.3621499023E+04    2.8238159288E-06
    2.3631499023E+04    2.8447846831E-06
    2.3641499023E+04    2.7877539452E-06
    2.3651499023E+04    2.4752395973E-06
    2.3661499023E+04    2.0752903513E-06
    2.3671499023E+04    1.7905398684E-06
    2.3681499023E+04    1.5923994226E-06
    2.3691499023E+04    1.4413231359E-06
    2.3701499023E+04    1.2775887669E-06
    2.3711499023E+04    1.1712886802E-06
    2.3721499023E+04    1.0052089247E-06
    2.3731499023E+04    8.9157729189E-07
    2.3741499023E+04    7.1350272916E-07
    2.3751499023E+04    6.1503659576E-07
    2.3761499023E+04    5.3344725759E-07
    2.3771499023E+04    5.3908136586E-07
    2.3781499023E+04    5.0301779722E-07
    2.3791499023E+04    4.9316404665E-07
    2.3801499023E+04    4.5679647815E-07
    2.3811499023E+04    4.2201835327E-07
    2.3821499023E+04    3.9028707271E-07
    2.3831499023E+04    3.7529374332E-07
    2.3841499023E+04    3.6975293496E-07
    2.3851499023E+04    3.5600797580E-07
    2.3861499023E+04    3.5158174054E-07
    2.3871499023E+04    3.5775772545E-07
    2.3881499023E+04    3.6297783999E-07
    2.3891499023E+04    3.5851025376E-07
    2.3901499023E+04    3.4345301833E-07
    2.3911499023E+04    3.3618808164E-07
    2.3921499023E+04    3.3033006144E-07
    2.3931499023E+04    3.2435585289E-07
    2.3941499023E+04    3.0720310791E-07
    2.3951499023E+04    2.8216677474E-07
    2.3961499023E+04    2.6507899855E-07
    2.3971499023E+04    2.5091468130E-07
    2.3981499023E+04    2.3292432048E-07
    2.3991499023E+04    2.1540819427E-07
    2.4001499023E+04    1.9525594732E-07
    2.4011499023E+04    1.8153223296E-07
    2.4021499023E+04    1.6433196613E-07
    2.4031499023E+04    1.4471472122E-07
    2.4041499023E+04    1.2879738075E-07
    2.4051499023E+04    1.1259732797E-07
    2.4061499023E+04    9.9395112748E-08
    2.4071499023E+04    8.4993432346E-08
    2.4081499023E+04    7.3091465182E-08
    2.4091499023E+04    6.5588428274E-08
    2.4101499023E+04    5.5109013495E-08
    2.4111499023E+04    4.8481174474E-08
    2.4121499023E+04    4.0203325624E-08
    2.4131499023E+04    3.5965009069E-08
    2.4141499023E+04    3.0305222544E-08
    2.4151499023E+04    2.5263880865E-08
    2.4161499023E+04    2.0680991932E-08
    2.4171499023E+04    1.7162693651E-08
    2.4181499023E+04    1.4812372592E-08
    2.4191499023E+04    1.3085820551E-08
    2.4201499023E+04    1.1564631861E-08
    2.4211499023E+04    1.0164153160E-08
    2.4221499023E+04    8.7618766779E-09
    2.4231499023E+04    7.5764862260E-09
    2.4241499023E+04    6.7644885796E-09
    2.4251499023E+04    5.9128540558E-09
    2.4261499023E+04    5.4536829103E-09
    2.4271499023E+04    4.7816240627E-09
    2.4281499023E+04    4.5278290715E-09
    2.4291499023E+04    4.1109690125E-09
    2.4301499023E+04    4.0268056233E-09
    2.4311499023E+04    3.7741838198E-09
    2.4321499023E+04    3.5650721481E-09
    2.4331499023E+04    3.2588429685E-09
    2.4341499023E+04    3.0366386957E-09
    2.4351499023E+04    2.8855356935E-09
    2.4361499023E+04    2.7139995716E-09
    2.4371499023E+04    2.5813472948E-09
    2.4381499023E+04    2.3786685157E-09
    2.4391499023E+04    2.2035360828E-09
    2.4401499023E+04    2.0481515482E-09
    2.4411499023E+04    1.9581282250E-09
    2.4421499023E+04    1.8622977612E-09
    2.4431499023E+04    1.7915814679E-09
    2.4441499023E+04    1.6753820551E-09
    2.4451499023E+04    1.5740579407E-09
    2.4461499023E+04    1.4926662295E-09
    2.4471499023E+04    1.4046345182E-09
    2.4481499023E+04    1.3021794022E-09
    2.4491499023E+04    1.1710856731E-09
    2.4501499023E+04    1.0805587613E-09
    2.4511499023E+04    9.9782594160E-10
    2.4521499023E+04    9.3258157004E-10
    2.4531499023E+04    8.4092242033E-10
    2.4541499023E+04    7.5444758894E-10
    2.4551499023E+04    6.7582168564E-10
    2.4561499023E+04    6.1266898292E-10
    2.4571499023E+04    5.5069887929E-10
    2.4581499023E+04    4.7692327587E-10
    2.4591499023E+04    4.1522519894E-10
    2.4601499023E+04    3.7074061210E-10
    2.4611499023E+04    3.2486579084E-10
    2.4621499023E+04    2.7767961761E-10
    2.4631499023E+04    2.4004946483E-10
    2.4641499023E+04    2.1337660447E-10
    2.4651499023E+04    1.8570776713E-10
    2.4661499023E+04    1.5857605609E-10
    2.4671499023E+04    1.3624455077E-10
    2.4681499023E+04    1.1860605215E-10
    2.4691499023E+04    9.9044558840E-11
    2.4701499023E+04    8.3928514881E-11
    2.4711499023E+04    7.3667570343E-11
    2.4721499023E+04    6.5935403558E-11
    2.4731499023E+04    5.7833816206E-11
    2.4741499023E+04    4.9030495737E-11
    2.4751499023E+04    4.2435250135E-11
    2.4761499023E+04    3.6618075050E-11
    2.4771499023E+04    3.1862463860E-11
    2.4781499023E+04    2.7325107955E-11
    2.4791499023E+04    2.3418470733E-11
    2.4801499023E+04    2.0988933080E-11
    2.4811499023E+04    1.9240446772E-11
    2.4821499023E+04    1.7972742509E-11
    2.4831499023E+04    1.6220816516E-11
    2.4841499023E+04    1.4503497112E-11
    2.4851499023E+04    1.3037386462E-11
    2.4861499023E+04    1.2202939236E-11
    2.4871499023E+04    1.0946511872E-11
    2.4881499023E+04    1.0323534794E-11
    2.4891499023E+04    9.4695438770E-12
    2.4901499023E+04    9.1383715798E-12
    2.4911499023E+04    8.5703894045E-12
    2.4921499023E+04    8.3943705691E-12
    2.4931499023E+04    8.5003313781E-12
    2.4941499023E+04    8.5021840617E-12
    2.4951499023E+04    8.4408823163E-12
    2.4961499023E+04    8.4499320889E-12
    2.4971499023E+04    8.7564309937E-12
    2.4981499023E+04    9.2609677821E-12
    2.4991499023E+04    9.7329223698E-12
    2.5001499023E+04    1.0310207869E-11
    2.5011499023E+04    1.0997856293E-11
    2.5021499023E+04    1.1879594382E-11
    2.5031499023E+04    1.2682292368E-11
    2.5041499023E+04    1.3441983591E-11
    2.5051499023E+04    1.4060833502E-11
    2.5061499023E+04    1.4630215890E-11
    2.5071499023E+04    1.5030236031E-11
    2.5081499023E+04    1.5337907889E-11
    2.5091499023E+04    1.5538290709E-11
    2.5101499023E+04    1.5687054453E-11
    2.5111499023E+04    1.5685382261E-11
    2.5121499023E+04    1.5568564425E-11
    2.5131499023E+04    1.5406644916E-11
    2.5141499023E+04    1.5128383956E-11
    2.5151499023E+04    1.4702356577E-11
    2.5161499023E+04    1.4142806058E-11
    2.5171499023E+04    1.3541895652E-11
    2.5181499023E+04    1.2945808102E-11
    2.5191499023E+04    1.2253143964E-11
    2.5201499023E+04    1.1516116395E-11
    2.5211499023E+04    1.0698317141E-11
    2.5221499023E+04    9.8727052873E-12
    2.5231499023E+04    9.0181298058E-12
    2.5241499023E+04    8.1965924968E-12
    2.5251499023E+04    7.4002381126E-12
    2.5261499023E+04    6.6810998419E-12
    2.5271499023E+04    5.9896435720E-12
    2.5281499023E+04    5.3505612060E-12
    2.5291499023E+04    4.7337243460E-12
    2.5301499023E+04    4.1873372025E-12
    2.5311499023E+04    3.7174279215E-12
    2.5321499023E+04    3.2833747856E-12
    2.5331499023E+04    2.8965263458E-12
    2.5341499023E+04    2.5432085434E-12
    2.5351499023E+04    2.2606330758E-12
    2.5361499023E+04    2.0258515070E-12
    2.5371499023E+04    1.8104916388E-12
    2.5381499023E+04    1.6331184061E-12
    2.5391499023E+04    1.4807555477E-12
    2.5401499023E+04    1.3545191491E-12
    2.5411499023E+04    1.2442944751E-12
    2.5421499023E+04    1.1431908861E-12
    2.5431499023E+04    1.0603697614E-12
    2.5441499023E+04    9.9357097680E-13
    2.5451499023E+04    9.3795902891E-13
    2.5461499023E+04    8.9536859450E-13
    2.5471499023E+04    8.4832875288E-13
    2.5481499023E+04    8.1969032006E-13
    2.5491499023E+04    7.7827860054E-13
    2.5501499023E+04    7.4038432500E-13
    2.5511499023E+04    6.9553889335E-13
    2.5521499023E+04    6.6084292924E-13
    2.5531499023E+04    6.2568647072E-13
    2.5541499023E+04    5.9178203838E-13
    2.5551499023E+04    5.6044155878E-13
    2.5561499023E+04    5.2524387524E-13
    2.5571499023E+04    4.8976499189E-13
    2.5581499023E+04    4.5583777112E-13
    2.5591499023E+04    4.2527746147E-13
    2.5601499023E+04    3.9430687891E-13
    2.5611499023E+04    3.6296118670E-13
    2.5621499023E+04    3.3357325620E-13
    2.5631499023E+04    3.0577136602E-13
    2.5641499023E+04    2.7722534992E-13
    2.5651499023E+04    2.5004217536E-13
    2.5661499023E+04    2.2626566592E-13
    2.5671499023E+04    2.0317581691E-13
    2.5681499023E+04    1.8155112155E-13
    2.5691499023E+04    1.6001934059E-13
    2.5701499023E+04    1.4078358756E-13
    2.5711499023E+04    1.2499027401E-13
    2.5721499023E+04    1.1057596361E-13
    2.5731499023E+04    9.7864669709E-14
    2.5741499023E+04    8.4636624976E-14
    2.5751499023E+04    7.3638729224E-14
    2.5761499023E+04    6.4027898581E-14
    2.5771499023E+04    5.5712790455E-14
    2.5781499023E+04    4.8648616548E-14
    2.5791499023E+04    4.2231814382E-14
    2.5801499023E+04    3.6866316390E-14
    2.5811499023E+04    3.1795186564E-14
    2.5821499023E+04    2.7366083290E-14
    2.5831499023E+04    2.3742258772E-14
    2.5841499023E+04    2.0769398560E-14
    2.5851499023E+04    1.8220593936E-14
    2.5861499023E+04    1.5852294514E-14
    2.5871499023E+04    1.3967268259E-14
    2.5881499023E+04    1.2196263834E-14
    2.5891499023E+04    1.0748286068E-14
    2.5901499023E+04    9.3559222428E-15
    2.5911499023E+04    8.3317704166E-15
    2.5921499023E+04    7.4198872656E-15
    2.5931499023E+04    6.5142941391E-15
    2.5941499023E+04    5.7916857303E-15
    2.5951499023E+04    5.0577064313E-15
    2.5961499023E+04    4.4654025421E-15
    2.5971499023E+04    3.9705892045E-15
    2.5981499023E+04    3.5808108300E-15
    2.5991499023E+04    3.2416912677E-15
