###   Wavelength (A)        Transmission
    5.5050000000E+03    7.1427310938E-13
    5.5150000000E+03    8.0390095733E-13
    5.5250000000E+03    9.6712959346E-11
    5.5350000000E+03    2.7979870817E-10
    5.5450000000E+03    1.0656751165E-12
    5.5550000000E+03    1.1335013685E-12
    5.5650000000E+03    5.2168677219E-10
    5.5750000000E+03    1.0443445863E-09
    5.5850000000E+03    7.5607123727E-10
    5.5950000000E+03    6.7935853181E-10
    5.6050000000E+03    2.7582405555E-10
    5.6150000000E+03    1.1769996193E-10
    5.6250000000E+03    2.3472607382E-10
    5.6350000000E+03    1.1887465935E-12
    5.6450000000E+03    1.4672313826E-12
    5.6550000000E+03    1.7937096562E-12
    5.6650000000E+03    2.0966010418E-12
    5.6750000000E+03    4.4245270876E-10
    5.6850000000E+03    2.5661946870E-12
    5.6950000000E+03    2.7375223275E-12
    5.7050000000E+03    7.8706978156E-10
    5.7150000000E+03    4.3779392313E-09
    5.7250000000E+03    2.4984925794E-09
    5.7350000000E+03    4.6747319889E-09
    5.7450000000E+03    5.4790141755E-09
    5.7550000000E+03    4.6249193147E-09
    5.7650000000E+03    4.5813493940E-09
    5.7750000000E+03    2.5575634583E-12
    5.7850000000E+03    2.4036776330E-12
    5.7950000000E+03    2.3321404438E-12
    5.8050000000E+03    2.4297853282E-12
    5.8150000000E+03    1.1993462403E-09
    5.8250000000E+03    1.9439799199E-09
    5.8350000000E+03    5.8463760204E-10
    5.8450000000E+03    4.3967690301E-12
    5.8550000000E+03    1.1999403557E-09
    5.8650000000E+03    4.2788597910E-09
    5.8750000000E+03    1.2025309189E-08
    5.8850000000E+03    1.0436764848E-09
    5.8950000000E+03    6.9564573815E-09
    5.9050000000E+03    3.7644240387E-09
    5.9150000000E+03    3.8457900557E-09
    5.9250000000E+03    4.8900714503E-09
    5.9350000000E+03    8.8218335499E-12
    5.9450000000E+03    9.1251556618E-12
    5.9550000000E+03    3.4171095074E-09
    5.9650000000E+03    9.5438521196E-12
    5.9750000000E+03    7.9657434707E-10
    5.9850000000E+03    1.2400254645E-08
    5.9950000000E+03    9.9454097434E-12
    6.0050000000E+03    1.8587503397E-08
    6.0150000000E+03    1.9786167104E-09
    6.0250000000E+03    7.7379305909E-09
    6.0350000000E+03    5.7514652721E-09
    6.0450000000E+03    2.7939093863E-09
    6.0550000000E+03    5.9134422790E-09
    6.0650000000E+03    9.3501845851E-09
    6.0750000000E+03    1.4989446430E-08
    6.0850000000E+03    3.4919445272E-09
    6.0950000000E+03    2.4337944428E-09
    6.1050000000E+03    1.2096281642E-11
    6.1150000000E+03    1.0894500754E-08
    6.1250000000E+03    2.5051665429E-09
    6.1350000000E+03    1.3679029227E-08
    6.1450000000E+03    1.0094568624E-08
    6.1550000000E+03    1.2180281425E-08
    6.1650000000E+03    1.1639707796E-08
    6.1750000000E+03    1.9809746380E-08
    6.1850000000E+03    2.5716984616E-08
    6.1950000000E+03    1.1734186280E-08
    6.2050000000E+03    2.0726406161E-08
    6.2150000000E+03    1.3289320519E-08
    6.2250000000E+03    1.6367660529E-08
    6.2350000000E+03    3.2506412100E-08
    6.2450000000E+03    4.0652940303E-08
    6.2550000000E+03    3.8194156867E-09
    6.2650000000E+03    2.4048501037E-08
    6.2750000000E+03    3.5178553439E-08
    6.2850000000E+03    3.6960707197E-08
    6.2950000000E+03    1.5059589822E-11
    6.3050000000E+03    1.5967276364E-08
    6.3150000000E+03    5.1120283636E-08
    6.3250000000E+03    2.4217631492E-08
    6.3350000000E+03    4.7000294299E-08
    6.3450000000E+03    4.3435496206E-08
    6.3550000000E+03    7.6772903957E-08
    6.3650000000E+03    4.9447263262E-08
    6.3750000000E+03    8.4887736292E-08
    6.3850000000E+03    5.7238634515E-08
    6.3950000000E+03    1.1433523234E-07
    6.4050000000E+03    8.1785262158E-08
    6.4150000000E+03    7.9888794285E-08
    6.4250000000E+03    7.1048132930E-08
    6.4350000000E+03    1.2572054611E-07
    6.4450000000E+03    1.3796490965E-07
    6.4550000000E+03    1.7462239299E-07
    6.4650000000E+03    2.0866528856E-07
    6.4750000000E+03    2.2351857659E-07
    6.4850000000E+03    2.3126553346E-07
    6.4950000000E+03    3.2498160556E-07
    6.5050000000E+03    3.0142731791E-07
    6.5150000000E+03    3.9277850833E-07
    6.5250000000E+03    2.9298367524E-07
    6.5350000000E+03    3.7639466739E-07
    6.5450000000E+03    4.1102333848E-07
    6.5550000000E+03    4.4862092467E-07
    6.5650000000E+03    5.0968970367E-07
    6.5750000000E+03    5.0392577042E-07
    6.5850000000E+03    5.8004733856E-07
    6.5950000000E+03    5.5216505091E-07
    6.6050000000E+03    5.6341982388E-07
    6.6150000000E+03    5.7123364644E-07
    6.6250000000E+03    5.4821540195E-07
    6.6350000000E+03    5.6233279415E-07
    6.6450000000E+03    6.0021138122E-07
    6.6550000000E+03    6.8965465538E-07
    6.6650000000E+03    8.2729654657E-07
    6.6750000000E+03    8.7161438607E-07
    6.6850000000E+03    9.6647962627E-07
    6.6950000000E+03    1.0337119228E-06
    6.7050000000E+03    1.0012645237E-06
    6.7150000000E+03    1.0632580553E-06
    6.7250000000E+03    1.0706210087E-06
    6.7350000000E+03    1.0985011722E-06
    6.7450000000E+03    9.8666734378E-07
    6.7550000000E+03    8.8259857229E-07
    6.7650000000E+03    7.0097425888E-07
    6.7750000000E+03    6.5358797208E-07
    6.7850000000E+03    5.1070439732E-07
    6.7950000000E+03    4.1370426469E-07
    6.8050000000E+03    3.2481500712E-07
    6.8150000000E+03    1.9663038833E-07
    6.8250000000E+03    1.6433905285E-07
    6.8350000000E+03    1.6116797243E-07
    6.8450000000E+03    8.3793230973E-08
    6.8550000000E+03    1.0856030132E-07
    6.8650000000E+03    1.2036522264E-07
    6.8750000000E+03    9.3356591556E-08
    6.8850000000E+03    1.4413103187E-07
    6.8950000000E+03    1.5177360592E-07
    6.9050000000E+03    2.7101522902E-07
    6.9150000000E+03    3.3384892838E-07
    6.9250000000E+03    2.9196876653E-07
    6.9350000000E+03    3.2744677528E-07
    6.9450000000E+03    2.1865973745E-07
    6.9550000000E+03    2.2041449478E-07
    6.9650000000E+03    1.9559849918E-07
    6.9750000000E+03    2.1297545760E-07
    6.9850000000E+03    2.4389399764E-07
    6.9950000000E+03    2.9763263884E-07
    7.0050000000E+03    2.7569256490E-07
    7.0150000000E+03    1.9597716746E-07
    7.0250000000E+03    2.3295805773E-07
    7.0350000000E+03    2.8700706264E-07
    7.0450000000E+03    3.4079101800E-07
    7.0550000000E+03    4.3714822535E-07
    7.0650000000E+03    4.6404331891E-07
    7.0750000000E+03    5.4105935438E-07
    7.0850000000E+03    4.3838505907E-07
    7.0950000000E+03    4.3676654418E-07
    7.1050000000E+03    2.9784565858E-07
    7.1150000000E+03    2.9379090964E-07
    7.1250000000E+03    1.9500526557E-07
    7.1350000000E+03    1.8810600805E-07
    7.1450000000E+03    1.6986447540E-07
    7.1550000000E+03    1.2002296245E-07
    7.1650000000E+03    1.1902679772E-07
    7.1750000000E+03    1.5396122742E-07
    7.1850000000E+03    1.4550319192E-07
    7.1950000000E+03    1.6679794955E-07
    7.2050000000E+03    2.7237753710E-07
    7.2150000000E+03    2.9022806366E-07
    7.2250000000E+03    1.6703154007E-07
    7.2350000000E+03    1.5240549421E-07
    7.2450000000E+03    7.2584142146E-08
    7.2550000000E+03    8.7090586143E-08
    7.2650000000E+03    1.6761585451E-08
    7.2750000000E+03    2.0702917762E-09
    7.2850000000E+03    7.8019757997E-09
    7.2950000000E+03    3.0555138702E-08
    7.3050000000E+03    9.6987371430E-08
    7.3150000000E+03    4.1652496037E-08
    7.3250000000E+03    2.4095025213E-11
    7.3350000000E+03    4.1805453269E-08
    7.3450000000E+03    3.4416237417E-08
    7.3550000000E+03    1.2400368682E-08
    7.3650000000E+03    3.3059849214E-08
    7.3750000000E+03    8.7576934602E-09
    7.3850000000E+03    6.2016408487E-08
    7.3950000000E+03    2.8533803495E-09
    7.4050000000E+03    2.4800718019E-11
    7.4150000000E+03    1.8071449333E-08
    7.4250000000E+03    4.3729653470E-08
    7.4350000000E+03    1.4627560073E-08
    7.4450000000E+03    3.6902799699E-08
    7.4550000000E+03    3.0434421559E-08
    7.4650000000E+03    2.5303825045E-11
    7.4750000000E+03    2.1208540766E-08
    7.4850000000E+03    1.7821461634E-08
    7.4950000000E+03    3.0472036082E-08
    7.5050000000E+03    1.1163056506E-07
    7.5150000000E+03    8.7245929228E-09
    7.5250000000E+03    9.9070971150E-08
    7.5350000000E+03    3.3895417804E-08
    7.5450000000E+03    3.3430858187E-08
    7.5550000000E+03    2.5937257048E-11
    7.5650000000E+03    2.5988591895E-11
    7.5750000000E+03    1.5777398118E-08
    7.5850000000E+03    9.2578639790E-08
    7.5950000000E+03    1.2719504098E-08
    7.6050000000E+03    3.8705407471E-08
    7.6150000000E+03    1.8701246686E-08
    7.6250000000E+03    5.4583321320E-08
    7.6350000000E+03    4.5907951419E-08
    7.6450000000E+03    6.8907641224E-08
    7.6550000000E+03    7.8314441062E-08
    7.6650000000E+03    6.0257629326E-08
    7.6750000000E+03    2.6588066634E-11
    7.6850000000E+03    3.4109963825E-08
    7.6950000000E+03    6.9214915592E-08
    7.7050000000E+03    4.7744419594E-09
    7.7150000000E+03    8.5899940185E-09
    7.7250000000E+03    5.6321404113E-08
    7.7350000000E+03    5.8934056117E-08
    7.7450000000E+03    4.3793631424E-08
    7.7550000000E+03    5.7920192537E-08
    7.7650000000E+03    2.8447508247E-08
    7.7750000000E+03    8.9628339751E-08
    7.7850000000E+03    2.7198124143E-11
    7.7950000000E+03    2.1007388144E-08
    7.8050000000E+03    5.3327196774E-08
    7.8150000000E+03    4.9941969525E-08
    7.8250000000E+03    1.3823840162E-07
    7.8350000000E+03    1.9867685901E-07
    7.8450000000E+03    3.1079974568E-07
    7.8550000000E+03    1.2659120390E-07
    7.8650000000E+03    2.2923768410E-07
    7.8750000000E+03    1.4369285284E-07
    7.8850000000E+03    1.2829548086E-07
    7.8950000000E+03    1.0712457662E-07
    7.9050000000E+03    9.7164082059E-08
    7.9150000000E+03    1.3497179268E-07
    7.9250000000E+03    3.1211209217E-08
    7.9350000000E+03    1.5919521916E-07
    7.9450000000E+03    6.2664634509E-08
    7.9550000000E+03    1.9879890685E-07
    7.9650000000E+03    5.6607326824E-08
    7.9750000000E+03    7.1919709172E-08
    7.9850000000E+03    2.4153928139E-07
    7.9950000000E+03    3.0092552842E-09
    8.0050000000E+03    4.7536426737E-08
    8.0150000000E+03    2.6850595877E-08
    8.0250000000E+03    5.4033339059E-08
    8.0350000000E+03    6.8602255312E-08
    8.0450000000E+03    7.0716585166E-08
    8.0550000000E+03    3.9547304674E-08
    8.0650000000E+03    6.5511379003E-08
    8.0750000000E+03    2.0712254401E-08
    8.0850000000E+03    5.3597278626E-08
    8.0950000000E+03    3.9695256544E-08
    8.1050000000E+03    3.0019459585E-08
    8.1150000000E+03    5.1714233137E-08
    8.1250000000E+03    2.7434508820E-08
    8.1350000000E+03    6.4189324782E-08
    8.1450000000E+03    1.0436669616E-08
    8.1550000000E+03    7.2806720339E-08
    8.1650000000E+03    4.9275200761E-08
    8.1750000000E+03    7.0014697756E-08
    8.1850000000E+03    1.0466539448E-07
    8.1950000000E+03    4.8559912370E-08
    8.2050000000E+03    4.5809944635E-08
    8.2150000000E+03    5.7391212509E-08
    8.2250000000E+03    8.4768981100E-08
    8.2350000000E+03    5.1558099716E-08
    8.2450000000E+03    9.6419147313E-08
    8.2550000000E+03    9.8775150820E-08
    8.2650000000E+03    3.7675500526E-08
    8.2750000000E+03    5.2357662599E-08
    8.2850000000E+03    6.6503772762E-08
    8.2950000000E+03    9.3122765844E-09
    8.3050000000E+03    3.4767414509E-08
    8.3150000000E+03    7.4970816642E-08
    8.3250000000E+03    7.4964406000E-08
    8.3350000000E+03    6.3188324369E-08
    8.3450000000E+03    5.8660312077E-08
    8.3550000000E+03    6.7408381096E-08
    8.3650000000E+03    1.1029071554E-07
    8.3750000000E+03    1.2601667170E-07
    8.3850000000E+03    1.4981698538E-07
    8.3950000000E+03    8.8311687787E-08
    8.4050000000E+03    6.4345781241E-08
    8.4150000000E+03    1.2465970918E-07
    8.4250000000E+03    1.3859879529E-07
    8.4350000000E+03    9.8334099476E-08
    8.4450000000E+03    3.8607997821E-08
    8.4550000000E+03    7.9992648443E-08
    8.4650000000E+03    1.0948949091E-07
    8.4750000000E+03    1.0266853605E-07
    8.4850000000E+03    1.3454974959E-07
    8.4950000000E+03    7.3911602997E-08
    8.5050000000E+03    1.1625874742E-07
    8.5150000000E+03    1.4821172957E-07
    8.5250000000E+03    9.6278329579E-08
    8.5350000000E+03    1.1294873311E-07
    8.5450000000E+03    1.3057377396E-07
    8.5550000000E+03    9.5967579363E-08
    8.5650000000E+03    5.1913724511E-08
    8.5750000000E+03    1.7718608351E-07
    8.5850000000E+03    1.5084486900E-07
    8.5950000000E+03    1.4374733942E-07
    8.6050000000E+03    1.1166220704E-07
    8.6150000000E+03    6.1207468237E-09
    8.6250000000E+03    1.1502146687E-07
    8.6350000000E+03    2.1062944423E-07
    8.6450000000E+03    1.8239252536E-07
    8.6550000000E+03    1.5131570843E-07
    8.6650000000E+03    9.3031692826E-08
    8.6750000000E+03    8.0494846112E-08
    8.6850000000E+03    5.3041182962E-08
    8.6950000000E+03    7.8189400906E-08
    8.7050000000E+03    3.0709967640E-11
    8.7150000000E+03    7.3308068973E-08
    8.7250000000E+03    3.0803942256E-11
    8.7350000000E+03    3.0819364671E-11
    8.7450000000E+03    3.0836781384E-11
    8.7550000000E+03    8.4654119065E-08
    8.7650000000E+03    3.0881755896E-11
    8.7750000000E+03    1.0428740769E-07
    8.7850000000E+03    2.8919420159E-07
    8.7950000000E+03    3.4640134726E-07
    8.8050000000E+03    3.0955205182E-11
    8.8150000000E+03    3.0946475983E-11
    8.8250000000E+03    3.5669772791E-07
    8.8350000000E+03    8.4094441379E-08
    8.8450000000E+03    7.6770983060E-08
    8.8550000000E+03    2.9120905658E-07
    8.8650000000E+03    3.0417102639E-07
    8.8750000000E+03    2.4225731850E-07
    8.8850000000E+03    6.5638362534E-07
    8.8950000000E+03    4.3841134976E-07
    8.9050000000E+03    8.2588639663E-09
    8.9150000000E+03    6.3554645001E-07
    8.9250000000E+03    3.1382018871E-11
    8.9350000000E+03    8.8588978277E-07
    8.9450000000E+03    3.1414573473E-11
    8.9550000000E+03    3.1386287290E-11
    8.9650000000E+03    7.9380493672E-07
    8.9750000000E+03    3.1318054166E-11
    8.9850000000E+03    1.4379041457E-06
    8.9950000000E+03    3.1455774036E-11
    9.0050000000E+03    1.3035567841E-07
    9.0150000000E+03    3.9140070680E-08
    9.0250000000E+03    1.1383218491E-07
    9.0350000000E+03    2.0102571543E-08
    9.0450000000E+03    7.3555231111E-08
    9.0550000000E+03    3.0391963655E-08
    9.0650000000E+03    8.5026273644E-08
    9.0750000000E+03    1.3584021281E-07
    9.0850000000E+03    1.3695367048E-07
    9.0950000000E+03    9.5670970105E-08
    9.1050000000E+03    5.9474501720E-08
    9.1150000000E+03    9.7075280706E-08
    9.1250000000E+03    1.1882669018E-07
    9.1350000000E+03    1.8235698591E-08
    9.1450000000E+03    1.1245256876E-07
    9.1550000000E+03    1.8817499498E-07
    9.1650000000E+03    8.1632981471E-08
    9.1750000000E+03    1.3085610797E-07
    9.1850000000E+03    8.2947779264E-08
    9.1950000000E+03    1.3160797671E-07
    9.2050000000E+03    1.1706699644E-07
    9.2150000000E+03    7.1118279828E-08
    9.2250000000E+03    1.5836605647E-07
    9.2350000000E+03    1.1525905770E-07
    9.2450000000E+03    1.2189433000E-07
    9.2550000000E+03    1.7128112420E-07
    9.2650000000E+03    1.1875654358E-07
    9.2750000000E+03    1.6040861668E-07
    9.2850000000E+03    1.4774107837E-07
    9.2950000000E+03    7.7295772642E-08
    9.3050000000E+03    1.8106536286E-07
    9.3150000000E+03    2.4277901558E-07
    9.3250000000E+03    2.4466141157E-07
    9.3350000000E+03    1.2599730795E-07
    9.3450000000E+03    2.1401133372E-07
    9.3550000000E+03    2.4742617939E-07
    9.3650000000E+03    1.4768531087E-07
    9.3750000000E+03    2.1475444833E-07
    9.3850000000E+03    2.2616084645E-07
    9.3950000000E+03    2.4167142360E-07
    9.4050000000E+03    1.9871645316E-07
    9.4150000000E+03    2.4704506810E-07
    9.4250000000E+03    1.6018922286E-07
    9.4350000000E+03    1.8105530300E-07
    9.4450000000E+03    1.5179133149E-07
    9.4550000000E+03    2.1659522062E-07
    9.4650000000E+03    2.0676237035E-07
    9.4750000000E+03    1.5749800405E-07
    9.4850000000E+03    1.1526853407E-07
    9.4950000000E+03    2.2914187876E-07
    9.5050000000E+03    2.3841157470E-07
    9.5150000000E+03    2.3275160455E-07
    9.5250000000E+03    1.4849418961E-07
    9.5350000000E+03    2.5454129771E-07
    9.5450000000E+03    2.2449565794E-07
    9.5550000000E+03    2.5226102209E-07
    9.5650000000E+03    3.0682709767E-07
    9.5750000000E+03    2.3282973759E-07
    9.5850000000E+03    2.3180491543E-07
    9.5950000000E+03    2.5439060562E-07
    9.6050000000E+03    3.3709435909E-07
    9.6150000000E+03    2.7054974175E-07
    9.6250000000E+03    2.0118678821E-07
    9.6350000000E+03    2.2511122888E-07
    9.6450000000E+03    2.4174720580E-07
    9.6550000000E+03    1.3958346442E-07
    9.6650000000E+03    2.1654412074E-07
    9.6750000000E+03    2.0542128336E-07
    9.6850000000E+03    2.6509029138E-07
    9.6950000000E+03    2.2797600794E-07
    9.7050000000E+03    1.8456519485E-07
    9.7150000000E+03    3.1608813148E-07
    9.7250000000E+03    2.7225652983E-07
    9.7350000000E+03    2.4743933270E-07
    9.7450000000E+03    2.7895052584E-07
    9.7550000000E+03    3.1606187617E-07
    9.7650000000E+03    2.1979754913E-07
    9.7750000000E+03    2.2241874926E-07
    9.7850000000E+03    2.7497355103E-07
    9.7950000000E+03    2.2798391652E-07
    9.8050000000E+03    1.7758506586E-07
    9.8150000000E+03    1.1306824521E-07
    9.8250000000E+03    2.1588294670E-07
    9.8350000000E+03    1.9264513837E-07
    9.8450000000E+03    2.2460489297E-07
    9.8550000000E+03    1.3908649882E-07
    9.8650000000E+03    1.5966920462E-07
    9.8750000000E+03    1.9181998894E-07
    9.8850000000E+03    2.2416990826E-07
    9.8950000000E+03    2.9134639565E-07
    9.9050000000E+03    1.4280591823E-07
    9.9150000000E+03    2.4116051952E-07
    9.9250000000E+03    2.9597894109E-07
    9.9350000000E+03    2.4772800094E-07
    9.9450000000E+03    1.9696843576E-07
    9.9550000000E+03    2.1453560881E-07
    9.9650000000E+03    2.2978742008E-07
    9.9750000000E+03    2.5824240540E-07
    9.9850000000E+03    2.5572898018E-07
    9.9950000000E+03    2.3511875415E-07
    1.0005000000E+04    2.4613122571E-07
    1.0015000000E+04    5.4300213481E-07
    1.0025000000E+04    2.6236806194E-07
    1.0035000000E+04    2.2208080632E-07
    1.0045000000E+04    3.8766940714E-07
    1.0055000000E+04    2.1201167607E-08
    1.0065000000E+04    1.5458838953E-08
    1.0075000000E+04    1.0836074914E-07
    1.0085000000E+04    9.9484338321E-07
    1.0095000000E+04    3.7200360071E-07
    1.0105000000E+04    2.7778574341E-07
    1.0115000000E+04    1.2145165176E-07
    1.0125000000E+04    8.8663763393E-07
    1.0135000000E+04    1.3130475100E-06
    1.0145000000E+04    8.0612547252E-07
    1.0155000000E+04    3.2695266150E-11
    1.0165000000E+04    3.2673505664E-11
    1.0175000000E+04    2.5850110388E-07
    1.0185000000E+04    1.0098482641E-06
    1.0195000000E+04    3.2666174916E-11
    1.0205000000E+04    1.0611763019E-06
    1.0215000000E+04    2.5066724792E-07
    1.0225000000E+04    2.6625457047E-07
    1.0235000000E+04    3.1216059208E-06
    1.0245000000E+04    8.0861757901E-07
    1.0255000000E+04    1.3575321153E-07
    1.0265000000E+04    1.5860707891E-06
    1.0275000000E+04    3.6683439165E-07
    1.0285000000E+04    1.3874228043E-06
    1.0295000000E+04    3.2933075436E-11
    1.0305000000E+04    3.3812836374E-07
    1.0315000000E+04    5.4383035064E-07
    1.0325000000E+04    2.3423076837E-06
    1.0335000000E+04    3.3271474188E-08
    1.0345000000E+04    3.5149995894E-07
    1.0355000000E+04    4.5575103662E-07
    1.0365000000E+04    2.3864784784E-07
    1.0375000000E+04    5.7617830331E-07
    1.0385000000E+04    8.6042396992E-07
    1.0395000000E+04    3.3624758301E-11
    1.0405000000E+04    3.9862497764E-07
    1.0415000000E+04    3.3710126753E-11
    1.0425000000E+04    1.7278569057E-07
    1.0435000000E+04    9.5773151963E-07
    1.0445000000E+04    2.7001894226E-07
    1.0455000000E+04    5.4866349953E-07
    1.0465000000E+04    7.1021508807E-07
    1.0475000000E+04    1.2228874946E-06
    1.0485000000E+04    1.1083205701E-06
    1.0495000000E+04    3.9861142570E-07
    1.0505000000E+04    6.1224304724E-07
    1.0515000000E+04    7.4588611184E-07
    1.0525000000E+04    4.4461840089E-07
    1.0535000000E+04    1.0335775594E-07
    1.0545000000E+04    1.1383814707E-06
    1.0555000000E+04    1.3040716522E-06
    1.0565000000E+04    3.2279431589E-07
    1.0575000000E+04    4.8009833190E-07
    1.0585000000E+04    1.2952408860E-06
    1.0595000000E+04    1.2665709803E-06
    1.0605000000E+04    1.7011112879E-07
    1.0615000000E+04    4.0661438791E-07
    1.0625000000E+04    7.0718524792E-07
    1.0635000000E+04    2.4681602393E-06
    1.0645000000E+04    4.7605976495E-07
    1.0655000000E+04    2.8061756293E-07
    1.0665000000E+04    6.1903822244E-07
    1.0675000000E+04    1.1106644024E-06
    1.0685000000E+04    5.8370247683E-07
    1.0695000000E+04    1.4377856122E-06
    1.0705000000E+04    2.3049257140E-06
    1.0715000000E+04    6.9015058276E-07
    1.0725000000E+04    1.7320089818E-07
    1.0735000000E+04    9.6754762477E-07
    1.0745000000E+04    2.7175835200E-07
    1.0755000000E+04    1.2399490206E-06
    1.0765000000E+04    1.4643221976E-06
    1.0775000000E+04    1.0793200342E-06
    1.0785000000E+04    3.4726208853E-11
    1.0795000000E+04    2.7813977778E-07
    1.0805000000E+04    1.2829295594E-06
    1.0815000000E+04    1.4093643880E-06
    1.0825000000E+04    5.5862082970E-08
    1.0835000000E+04    6.4965431728E-07
    1.0845000000E+04    7.9658101197E-07
    1.0855000000E+04    5.2905574721E-07
    1.0865000000E+04    1.0031959500E-06
    1.0875000000E+04    6.1167919927E-07
    1.0885000000E+04    1.0401285477E-06
    1.0895000000E+04    5.2597329987E-07
    1.0905000000E+04    2.0568195241E-07
    1.0915000000E+04    1.1937071364E-06
    1.0925000000E+04    6.3323110243E-07
    1.0935000000E+04    7.1206960849E-08
    1.0945000000E+04    3.1685644244E-07
    1.0955000000E+04    9.8561638881E-07
    1.0965000000E+04    7.8077320539E-07
    1.0975000000E+04    1.6559466887E-06
    1.0985000000E+04    4.2670148380E-07
    1.0995000000E+04    6.6631573030E-08
    1.1005000000E+04    1.1280782975E-06
    1.1015000000E+04    1.1496676439E-06
    1.1025000000E+04    4.8092489413E-07
    1.1035000000E+04    6.8296380409E-08
    1.1045000000E+04    9.0560029947E-07
    1.1055000000E+04    1.6833749133E-06
    1.1065000000E+04    5.5394415968E-07
    1.1075000000E+04    1.0680725853E-06
    1.1085000000E+04    1.7233656534E-06
    1.1095000000E+04    5.0278321116E-07
    1.1105000000E+04    1.0045352445E-06
    1.1115000000E+04    7.7263813742E-07
    1.1125000000E+04    2.8869195697E-07
    1.1135000000E+04    1.1493181448E-06
    1.1145000000E+04    7.6445252685E-07
    1.1155000000E+04    8.7928000736E-07
    1.1165000000E+04    3.4758162970E-07
    1.1175000000E+04    2.1012830713E-06
    1.1185000000E+04    1.9256195073E-07
    1.1195000000E+04    4.6014096515E-07
    1.1205000000E+04    3.1700255949E-07
    1.1215000000E+04    3.3514231654E-07
    1.1225000000E+04    6.8029230669E-07
    1.1235000000E+04    1.3966995280E-06
    1.1245000000E+04    7.5075427134E-07
    1.1255000000E+04    4.6882994020E-07
    1.1265000000E+04    1.4099671352E-06
    1.1275000000E+04    2.0099772553E-07
    1.1285000000E+04    2.7805320584E-07
    1.1295000000E+04    4.8505721453E-07
    1.1305000000E+04    2.6469722296E-07
    1.1315000000E+04    5.2877838720E-07
    1.1325000000E+04    6.0472854379E-07
    1.1335000000E+04    7.6310378256E-07
    1.1345000000E+04    4.7913349540E-07
    1.1355000000E+04    3.6666982958E-11
    1.1365000000E+04    1.0278371164E-06
    1.1375000000E+04    3.1124466518E-07
    1.1385000000E+04    6.9769959414E-07
    1.1395000000E+04    2.2773950600E-07
    1.1405000000E+04    1.1113586221E-06
    1.1415000000E+04    3.1166445457E-07
    1.1425000000E+04    1.6404277922E-06
    1.1435000000E+04    9.4457476188E-08
    1.1445000000E+04    8.3421864046E-07
    1.1455000000E+04    1.1808347218E-08
    1.1465000000E+04    3.7617377026E-11
    1.1475000000E+04    1.8938363298E-07
    1.1485000000E+04    1.0138540982E-06
    1.1495000000E+04    1.3169170722E-07
    1.1505000000E+04    3.7867520487E-11
    1.1515000000E+04    6.0681154889E-07
    1.1525000000E+04    8.3067606476E-07
    1.1535000000E+04    9.5752021667E-07
    1.1545000000E+04    1.1244187326E-06
    1.1555000000E+04    9.3995911880E-08
    1.1565000000E+04    7.9167447489E-07
    1.1575000000E+04    6.0929442232E-07
    1.1585000000E+04    3.6808365499E-07
    1.1595000000E+04    2.6625873926E-07
    1.1605000000E+04    7.2002810647E-07
    1.1615000000E+04    5.1548621480E-07
    1.1625000000E+04    1.9601386671E-08
    1.1635000000E+04    2.5641716972E-07
    1.1645000000E+04    3.8396774476E-11
    1.1655000000E+04    3.4063178645E-07
    1.1665000000E+04    8.5953936581E-07
    1.1675000000E+04    4.9529165298E-07
    1.1685000000E+04    7.1938527320E-07
    1.1695000000E+04    1.1220551878E-06
    1.1705000000E+04    2.5290750013E-07
    1.1715000000E+04    8.0021457753E-07
    1.1725000000E+04    1.0950337484E-06
    1.1735000000E+04    9.9117310406E-07
    1.1745000000E+04    4.2118107020E-07
    1.1755000000E+04    5.8429070966E-07
    1.1765000000E+04    3.6549699258E-08
    1.1775000000E+04    7.7755406719E-08
    1.1785000000E+04    7.8726091694E-07
    1.1795000000E+04    6.4494685307E-07
    1.1805000000E+04    1.0141372684E-06
    1.1815000000E+04    3.8652780782E-11
    1.1825000000E+04    1.9281963193E-07
    1.1835000000E+04    1.1028132044E-06
    1.1845000000E+04    6.2469184357E-07
    1.1855000000E+04    6.3100058050E-07
    1.1865000000E+04    2.9900947123E-07
    1.1875000000E+04    5.6508598248E-07
    1.1885000000E+04    2.1866352011E-07
    1.1895000000E+04    3.4008294395E-07
    1.1905000000E+04    6.6504809581E-08
    1.1915000000E+04    5.9083972892E-07
    1.1925000000E+04    5.3120022609E-07
    1.1935000000E+04    3.7271771644E-07
    1.1945000000E+04    1.8411019174E-07
    1.1955000000E+04    5.5101393273E-07
    1.1965000000E+04    3.4739339948E-07
    1.1975000000E+04    3.8401193443E-11
    1.1985000000E+04    3.0067339339E-07
    1.1995000000E+04    1.5828494595E-06
    1.2005000000E+04    8.5632829817E-07
    1.2015000000E+04    3.8471441194E-11
    1.2025000000E+04    2.6445754291E-07
    1.2035000000E+04    1.1412615846E-07
    1.2045000000E+04    2.5689124731E-07
    1.2055000000E+04    8.5267128247E-07
    1.2065000000E+04    9.7199143948E-07
    1.2075000000E+04    6.0706492733E-07
    1.2085000000E+04    6.0780302634E-07
    1.2095000000E+04    5.3797480602E-07
    1.2105000000E+04    1.5069962717E-06
    1.2115000000E+04    1.5618430417E-07
    1.2125000000E+04    7.3855423500E-07
    1.2135000000E+04    8.0015884722E-07
    1.2145000000E+04    2.4069121386E-07
    1.2155000000E+04    8.5505830535E-07
    1.2165000000E+04    1.9915436864E-07
    1.2175000000E+04    9.4362925691E-07
    1.2185000000E+04    2.8826360065E-07
    1.2195000000E+04    7.1008684877E-08
    1.2205000000E+04    2.4856271281E-07
    1.2215000000E+04    6.3823406325E-07
    1.2225000000E+04    2.1611413598E-07
    1.2235000000E+04    3.1548148690E-07
    1.2245000000E+04    2.1609993139E-07
    1.2255000000E+04    3.9556644842E-11
    1.2265000000E+04    2.1128056934E-06
    1.2275000000E+04    1.2964611318E-07
    1.2285000000E+04    2.1823867795E-07
    1.2295000000E+04    3.9667600103E-11
    1.2305000000E+04    9.2005147741E-07
    1.2315000000E+04    3.4360268728E-07
    1.2325000000E+04    8.6257452869E-07
    1.2335000000E+04    3.9746590129E-11
    1.2345000000E+04    1.0146711143E-06
    1.2355000000E+04    5.9001255241E-07
    1.2365000000E+04    7.2373756604E-07
    1.2375000000E+04    4.2362568134E-07
    1.2385000000E+04    5.7898417890E-08
    1.2395000000E+04    4.4539525194E-07
    1.2405000000E+04    1.1512707224E-06
    1.2415000000E+04    1.9296127190E-07
    1.2425000000E+04    6.5070983425E-07
    1.2435000000E+04    1.8888270244E-07
    1.2445000000E+04    6.5949152474E-07
    1.2455000000E+04    4.2067367145E-07
    1.2465000000E+04    2.9160174460E-08
    1.2475000000E+04    9.0868513786E-07
    1.2485000000E+04    8.3322986376E-07
    1.2495000000E+04    3.3208000325E-07
    1.2505000000E+04    2.1634935200E-07
    1.2515000000E+04    5.5017242442E-07
    1.2525000000E+04    3.4703971797E-07
    1.2535000000E+04    1.2228672713E-07
    1.2545000000E+04    3.7386667901E-07
    1.2555000000E+04    4.3649447334E-07
    1.2565000000E+04    1.1931110369E-06
    1.2575000000E+04    3.0464525944E-07
    1.2585000000E+04    4.0182820744E-11
    1.2595000000E+04    1.7122388839E-06
    1.2605000000E+04    3.0917188168E-07
    1.2615000000E+04    4.0224043395E-11
    1.2625000000E+04    1.4366692754E-06
    1.2635000000E+04    2.3910903476E-07
    1.2645000000E+04    7.3497114258E-07
    1.2655000000E+04    3.0492220699E-07
    1.2665000000E+04    4.0990674186E-07
    1.2675000000E+04    1.0537090689E-06
    1.2685000000E+04    1.5361585497E-07
    1.2695000000E+04    1.2161676107E-06
    1.2705000000E+04    2.7728400301E-07
    1.2715000000E+04    4.0256137139E-11
    1.2725000000E+04    1.6641316213E-07
    1.2735000000E+04    4.0260285771E-11
    1.2745000000E+04    4.4839048785E-07
    1.2755000000E+04    1.3376444204E-06
    1.2765000000E+04    1.1420473413E-07
    1.2775000000E+04    4.8654788145E-07
    1.2785000000E+04    3.4401052736E-07
    1.2795000000E+04    4.8774274700E-07
    1.2805000000E+04    5.1468421574E-07
    1.2815000000E+04    3.7379570681E-07
    1.2825000000E+04    3.1059163764E-07
    1.2835000000E+04    4.0561637465E-08
    1.2845000000E+04    1.4225669821E-06
    1.2855000000E+04    4.7991615592E-07
    1.2865000000E+04    9.5700312289E-08
    1.2875000000E+04    5.8352648969E-07
    1.2885000000E+04    2.4770270544E-07
    1.2895000000E+04    1.5205391539E-06
    1.2905000000E+04    1.6816724431E-07
    1.2915000000E+04    7.2034435523E-07
    1.2925000000E+04    2.9242172449E-07
    1.2935000000E+04    5.4610433160E-07
    1.2945000000E+04    1.2502793407E-06
    1.2955000000E+04    1.2206709554E-07
    1.2965000000E+04    8.9241723732E-07
    1.2975000000E+04    1.8414449588E-06
    1.2985000000E+04    1.6630306140E-07
    1.2995000000E+04    5.4025390291E-07
    1.3005000000E+04    7.3632001633E-07
    1.3015000000E+04    7.5178590434E-07
    1.3025000000E+04    1.3642992987E-06
    1.3035000000E+04    6.2783499117E-07
    1.3045000000E+04    9.5550590238E-07
    1.3055000000E+04    4.3731806711E-07
    1.3065000000E+04    6.6443218150E-07
    1.3075000000E+04    2.2647879307E-07
    1.3085000000E+04    1.2751259837E-06
    1.3095000000E+04    1.9340300741E-06
    1.3105000000E+04    6.9299365032E-08
    1.3115000000E+04    6.5986903685E-07
    1.3125000000E+04    1.2218510722E-07
    1.3135000000E+04    8.0900075227E-07
    1.3145000000E+04    8.7786100769E-07
    1.3155000000E+04    2.3949989578E-07
    1.3165000000E+04    1.0847827959E-07
    1.3175000000E+04    9.3987313899E-07
    1.3185000000E+04    1.2933539274E-06
    1.3195000000E+04    1.2335102406E-06
    1.3205000000E+04    9.5372709055E-07
    1.3215000000E+04    7.8939989930E-07
    1.3225000000E+04    1.3087577585E-06
    1.3235000000E+04    1.2553735520E-06
    1.3245000000E+04    1.0262831267E-06
    1.3255000000E+04    1.0639673416E-06
    1.3265000000E+04    4.1265061348E-11
    1.3275000000E+04    2.0736220986E-06
    1.3285000000E+04    5.1601391538E-07
    1.3295000000E+04    9.0398612902E-07
    1.3305000000E+04    1.2371478762E-06
    1.3315000000E+04    6.4110745083E-07
    1.3325000000E+04    6.9207286454E-07
    1.3335000000E+04    9.6548029485E-07
    1.3345000000E+04    3.6541034725E-07
    1.3355000000E+04    1.4161454341E-07
    1.3365000000E+04    4.2741445991E-07
    1.3375000000E+04    7.7882845240E-07
    1.3385000000E+04    9.6798838493E-07
    1.3395000000E+04    1.5725155418E-06
    1.3405000000E+04    1.3495807834E-06
    1.3415000000E+04    1.1869104673E-06
    1.3425000000E+04    1.2858081506E-06
    1.3435000000E+04    1.0514584674E-06
    1.3445000000E+04    6.9008633111E-07
    1.3455000000E+04    6.0140431263E-07
    1.3465000000E+04    1.0476446422E-06
    1.3475000000E+04    1.8358255947E-07
    1.3485000000E+04    1.0880143857E-06
    1.3495000000E+04    3.4957334943E-07
    1.3505000000E+04    2.1468247208E-07
    1.3515000000E+04    1.8332129955E-06
    1.3525000000E+04    4.9243384872E-07
    1.3535000000E+04    6.3439658981E-07
    1.3545000000E+04    5.2634116125E-07
    1.3555000000E+04    7.4323190892E-07
    1.3565000000E+04    6.8384388887E-07
    1.3575000000E+04    1.0660431422E-06
    1.3585000000E+04    4.1226897182E-07
    1.3595000000E+04    9.0563556625E-07
    1.3605000000E+04    1.2353773024E-06
    1.3615000000E+04    2.8271481315E-07
    1.3625000000E+04    9.4031314829E-07
    1.3635000000E+04    5.4098909015E-07
    1.3645000000E+04    8.4315165388E-08
    1.3655000000E+04    1.1346409700E-06
    1.3665000000E+04    2.0601358865E-07
    1.3675000000E+04    4.8418203469E-07
    1.3685000000E+04    7.3263453002E-07
    1.3695000000E+04    4.4239399714E-07
    1.3705000000E+04    8.5091137271E-07
    1.3715000000E+04    5.6434597702E-08
    1.3725000000E+04    5.3917289653E-07
    1.3735000000E+04    4.2820479469E-07
    1.3745000000E+04    7.4381818500E-08
    1.3755000000E+04    2.5030940394E-07
    1.3765000000E+04    6.3750343806E-07
    1.3775000000E+04    2.2762592607E-06
    1.3785000000E+04    1.8129135385E-07
    1.3795000000E+04    3.0135384060E-07
    1.3805000000E+04    1.1616839647E-06
    1.3815000000E+04    2.3593088793E-07
    1.3825000000E+04    1.0372469877E-06
    1.3835000000E+04    4.2126959450E-11
    1.3845000000E+04    1.9445931627E-06
    1.3855000000E+04    1.0032714500E-06
    1.3865000000E+04    4.9849978507E-07
    1.3875000000E+04    6.0406882555E-07
    1.3885000000E+04    6.6115261521E-07
    1.3895000000E+04    7.1860313098E-07
    1.3905000000E+04    8.1742104341E-07
    1.3915000000E+04    4.3552541373E-07
    1.3925000000E+04    7.2411287479E-07
    1.3935000000E+04    1.5410672336E-06
    1.3945000000E+04    4.9282718544E-07
    1.3955000000E+04    2.3448392270E-07
    1.3965000000E+04    8.2123624631E-07
    1.3975000000E+04    1.8652863664E-06
    1.3985000000E+04    4.2281240692E-11
    1.3995000000E+04    9.6551575005E-08
    1.4005000000E+04    2.0924205632E-06
    1.4015000000E+04    1.1813690061E-07
    1.4025000000E+04    1.1360069551E-06
    1.4035000000E+04    1.3255019429E-06
    1.4045000000E+04    7.1895626291E-07
    1.4055000000E+04    1.1905411444E-06
    1.4065000000E+04    1.8226606166E-07
    1.4075000000E+04    3.4537806031E-07
    1.4085000000E+04    1.7727337002E-06
    1.4095000000E+04    2.0253349326E-06
    1.4105000000E+04    2.4332127818E-07
    1.4115000000E+04    7.4900091032E-07
    1.4125000000E+04    1.0743577164E-06
    1.4135000000E+04    5.1086867852E-07
    1.4145000000E+04    2.6642778251E-07
    1.4155000000E+04    2.6960810873E-06
    1.4165000000E+04    6.6528824210E-07
    1.4175000000E+04    3.9005698938E-07
    1.4185000000E+04    1.1605942973E-06
    1.4195000000E+04    6.3652971304E-07
    1.4205000000E+04    2.0501076770E-08
    1.4215000000E+04    1.1631472412E-06
    1.4225000000E+04    1.8616752078E-06
    1.4235000000E+04    2.7012409434E-07
    1.4245000000E+04    2.6553891981E-07
    1.4255000000E+04    6.0764768409E-07
    1.4265000000E+04    6.9863414748E-07
    1.4275000000E+04    7.5742592833E-07
    1.4285000000E+04    3.2091534458E-08
    1.4295000000E+04    1.3214144648E-07
    1.4305000000E+04    1.0448626210E-06
    1.4315000000E+04    9.0604074827E-07
    1.4325000000E+04    1.0698596852E-06
    1.4335000000E+04    9.7168302246E-07
    1.4345000000E+04    2.1826157830E-06
    1.4355000000E+04    4.3436529616E-11
    1.4365000000E+04    5.2558129924E-07
    1.4375000000E+04    1.3421129837E-07
    1.4385000000E+04    9.1069274378E-07
    1.4395000000E+04    3.4506921308E-07
    1.4405000000E+04    5.2387605512E-07
    1.4415000000E+04    8.8337077848E-07
    1.4425000000E+04    3.3650494107E-07
    1.4435000000E+04    2.5516502128E-07
    1.4445000000E+04    2.4398470181E-07
    1.4455000000E+04    3.9878093269E-07
    1.4465000000E+04    1.1473009146E-06
    1.4475000000E+04    7.9800540200E-07
    1.4485000000E+04    5.4025315047E-07
    1.4495000000E+04    1.3543455553E-06
    1.4505000000E+04    1.1777346343E-06
    1.4515000000E+04    7.2476336726E-08
    1.4525000000E+04    4.3806199170E-11
    1.4535000000E+04    3.0935813083E-07
    1.4545000000E+04    1.0405615698E-06
    1.4555000000E+04    7.2974417524E-07
    1.4565000000E+04    3.0566390637E-07
    1.4575000000E+04    6.5764922474E-07
    1.4585000000E+04    4.3889964627E-11
    1.4595000000E+04    2.0190226923E-06
    1.4605000000E+04    7.4617000390E-07
    1.4615000000E+04    7.0216507422E-07
    1.4625000000E+04    6.9790102138E-07
    1.4635000000E+04    9.2562261788E-07
    1.4645000000E+04    4.3985527329E-11
    1.4655000000E+04    1.1547378580E-06
    1.4665000000E+04    4.4013883493E-11
    1.4675000000E+04    1.5164513272E-06
    1.4685000000E+04    1.0801770054E-06
    1.4695000000E+04    1.4767883274E-06
    1.4705000000E+04    7.8678027676E-07
    1.4715000000E+04    1.2003099097E-06
    1.4725000000E+04    2.4566975567E-07
    1.4735000000E+04    6.6519419208E-07
    1.4745000000E+04    6.6816315725E-07
    1.4755000000E+04    7.4048088331E-07
    1.4765000000E+04    9.3655541071E-07
    1.4775000000E+04    1.0845075591E-06
    1.4785000000E+04    1.4961896024E-06
    1.4795000000E+04    4.4121259263E-11
    1.4805000000E+04    6.7538659789E-07
    1.4815000000E+04    6.1378397771E-07
    1.4825000000E+04    1.3950693410E-06
    1.4835000000E+04    1.0073498113E-07
    1.4845000000E+04    1.7843641029E-06
    1.4855000000E+04    4.3877936880E-07
    1.4865000000E+04    7.1146243083E-07
    1.4875000000E+04    1.3740930010E-06
    1.4885000000E+04    1.7108938807E-07
    1.4895000000E+04    1.6649811849E-06
    1.4905000000E+04    1.1155957029E-06
    1.4915000000E+04    9.0397902597E-07
    1.4925000000E+04    1.4436385510E-06
    1.4935000000E+04    6.1161751487E-07
    1.4945000000E+04    1.0709655110E-06
    1.4955000000E+04    1.7279442913E-06
    1.4965000000E+04    5.5703782749E-07
    1.4975000000E+04    3.7181017228E-07
    1.4985000000E+04    1.9674906938E-06
    1.4995000000E+04    5.4544800423E-07
    1.5005000000E+04    2.4775437005E-06
    1.5015000000E+04    9.0470565187E-07
    1.5025000000E+04    1.4443352188E-06
    1.5035000000E+04    1.9600450878E-06
    1.5045000000E+04    2.1247304013E-06
    1.5055000000E+04    4.4485901469E-11
    1.5065000000E+04    9.3511500007E-07
    1.5075000000E+04    1.8099169984E-06
    1.5085000000E+04    1.3890171430E-08
    1.5095000000E+04    1.0831640738E-06
    1.5105000000E+04    1.0304225873E-06
    1.5115000000E+04    6.6957048452E-07
    1.5125000000E+04    1.9801346935E-06
    1.5135000000E+04    1.5598430053E-06
    1.5145000000E+04    7.5506075702E-07
    1.5155000000E+04    1.7633511460E-06
    1.5165000000E+04    4.4815777594E-11
    1.5175000000E+04    1.4176877292E-07
    1.5185000000E+04    1.2550342424E-06
    1.5195000000E+04    4.3349991117E-08
    1.5205000000E+04    3.6139229076E-07
    1.5215000000E+04    1.6704959961E-06
    1.5225000000E+04    5.1048788322E-07
    1.5235000000E+04    1.8261573816E-06
    1.5245000000E+04    6.9629273003E-07
    1.5255000000E+04    1.0625579962E-06
    1.5265000000E+04    1.4914239563E-06
    1.5275000000E+04    8.5149642776E-07
    1.5285000000E+04    5.5855770612E-07
    1.5295000000E+04    5.4118431623E-07
    1.5305000000E+04    1.4589473069E-06
    1.5315000000E+04    1.4009515494E-06
    1.5325000000E+04    1.0146331050E-06
    1.5335000000E+04    9.4168694619E-08
    1.5345000000E+04    1.3586604490E-06
    1.5355000000E+04    1.1958222387E-06
    1.5365000000E+04    6.3975305470E-07
    1.5375000000E+04    1.8711589761E-07
    1.5385000000E+04    1.8202194966E-08
    1.5395000000E+04    1.4948645409E-06
    1.5405000000E+04    1.9128408650E-06
    1.5415000000E+04    3.7192364997E-07
    1.5425000000E+04    3.0846771927E-07
    1.5435000000E+04    1.1737350007E-06
    1.5445000000E+04    4.5360303886E-11
    1.5455000000E+04    6.1536183814E-07
    1.5465000000E+04    7.5909595885E-07
    1.5475000000E+04    2.1705475445E-06
    1.5485000000E+04    9.7645540668E-08
    1.5495000000E+04    6.0145524741E-07
    1.5505000000E+04    1.5226673912E-06
    1.5515000000E+04    8.7678323897E-07
    1.5525000000E+04    5.6401591822E-07
    1.5535000000E+04    2.4802909703E-06
    1.5545000000E+04    6.6891354968E-07
    1.5555000000E+04    1.2199203193E-06
    1.5565000000E+04    4.0633063722E-07
    1.5575000000E+04    4.5582891636E-11
    1.5585000000E+04    1.3992511420E-06
    1.5595000000E+04    2.4746968352E-06
    1.5605000000E+04    9.2711060462E-08
    1.5615000000E+04    1.0324290090E-06
    1.5625000000E+04    1.1278259154E-06
    1.5635000000E+04    2.2836192679E-06
    1.5645000000E+04    2.1452525049E-07
    1.5655000000E+04    1.4137375916E-06
    1.5665000000E+04    1.4501999534E-06
    1.5675000000E+04    4.5669304090E-11
    1.5685000000E+04    3.8988934572E-08
    1.5695000000E+04    7.7257746862E-07
    1.5705000000E+04    1.7534058105E-06
    1.5715000000E+04    4.5654009884E-11
    1.5725000000E+04    1.0136725204E-06
    1.5735000000E+04    5.2275945530E-07
    1.5745000000E+04    3.6977927866E-08
    1.5755000000E+04    1.4183423832E-07
    1.5765000000E+04    1.1714623358E-06
    1.5775000000E+04    3.9205298587E-07
    1.5785000000E+04    1.5794351438E-06
    1.5795000000E+04    3.2688576283E-07
    1.5805000000E+04    1.6139530815E-06
    1.5815000000E+04    5.3357383044E-07
    1.5825000000E+04    1.0777664219E-06
    1.5835000000E+04    1.6531356809E-06
    1.5845000000E+04    3.1963306079E-07
    1.5855000000E+04    2.0172326455E-06
    1.5865000000E+04    1.0632609085E-06
    1.5875000000E+04    2.0865258925E-06
    1.5885000000E+04    1.1495686820E-06
    1.5895000000E+04    4.4114543351E-07
    1.5905000000E+04    1.7218398893E-06
    1.5915000000E+04    3.6974992036E-07
    1.5925000000E+04    1.0903666442E-06
    1.5935000000E+04    5.0496138814E-07
    1.5945000000E+04    1.2089591891E-06
    1.5955000000E+04    4.3925711285E-07
    1.5965000000E+04    3.6612814266E-07
    1.5975000000E+04    1.1526729683E-06
    1.5985000000E+04    8.4229423984E-07
    1.5995000000E+04    6.1475221276E-07
    1.6005000000E+04    5.1667227205E-07
    1.6015000000E+04    7.5244244912E-07
    1.6025000000E+04    4.4659803937E-07
    1.6035000000E+04    9.7454876876E-07
    1.6045000000E+04    1.9233651081E-06
    1.6055000000E+04    3.7190205996E-08
    1.6065000000E+04    9.0436514107E-07
    1.6075000000E+04    1.3150282831E-06
    1.6085000000E+04    2.8899340104E-07
    1.6095000000E+04    1.2981824925E-06
    1.6105000000E+04    1.2742105350E-06
    1.6115000000E+04    1.0247994903E-06
    1.6125000000E+04    2.7649752226E-06
    1.6135000000E+04    1.1821255868E-06
    1.6145000000E+04    2.0989018323E-06
    1.6155000000E+04    1.2091626439E-06
    1.6165000000E+04    2.4247638494E-06
    1.6175000000E+04    2.4317605193E-06
    1.6185000000E+04    2.4616516181E-06
    1.6195000000E+04    1.0884995972E-06
    1.6205000000E+04    2.7997483756E-06
    1.6215000000E+04    1.3594730981E-06
    1.6225000000E+04    3.0611089029E-06
    1.6235000000E+04    3.8272773469E-06
    1.6245000000E+04    3.6081654897E-06
    1.6255000000E+04    5.2085773919E-06
    1.6265000000E+04    5.1179610509E-06
    1.6275000000E+04    3.9738993043E-06
    1.6285000000E+04    6.1679216966E-06
    1.6295000000E+04    7.6435944346E-06
    1.6305000000E+04    7.7928143440E-06
    1.6315000000E+04    8.4536839015E-06
    1.6325000000E+04    7.3369938925E-06
    1.6335000000E+04    9.5696717306E-06
    1.6345000000E+04    8.7757525001E-06
    1.6355000000E+04    1.1135443180E-05
    1.6365000000E+04    1.1486152049E-05
    1.6375000000E+04    1.2450101329E-05
    1.6385000000E+04    1.4208985984E-05
    1.6395000000E+04    1.5194027549E-05
    1.6405000000E+04    1.3445739401E-05
    1.6415000000E+04    1.7119135167E-05
    1.6425000000E+04    1.6949441666E-05
    1.6435000000E+04    1.9486690880E-05
    1.6445000000E+04    2.0499602972E-05
    1.6455000000E+04    2.2974783491E-05
    1.6465000000E+04    2.4047733777E-05
    1.6475000000E+04    2.4875526880E-05
    1.6485000000E+04    2.4940817378E-05
    1.6495000000E+04    2.7277785803E-05
    1.6505000000E+04    2.8215919774E-05
    1.6515000000E+04    3.0828924815E-05
    1.6525000000E+04    3.3215437243E-05
    1.6535000000E+04    3.7941315041E-05
    1.6545000000E+04    4.1177524644E-05
    1.6555000000E+04    4.0437519249E-05
    1.6565000000E+04    4.4795946603E-05
    1.6575000000E+04    5.2409883274E-05
    1.6585000000E+04    5.6536451783E-05
    1.6595000000E+04    6.2210973587E-05
    1.6605000000E+04    7.0901857848E-05
    1.6615000000E+04    7.8999111022E-05
    1.6625000000E+04    8.9521361794E-05
    1.6635000000E+04    1.0237848347E-04
    1.6645000000E+04    1.1635965342E-04
    1.6655000000E+04    1.3505182297E-04
    1.6665000000E+04    1.5348392529E-04
    1.6675000000E+04    1.8209260425E-04
    1.6685000000E+04    2.0885431821E-04
    1.6695000000E+04    2.4028549302E-04
    1.6705000000E+04    2.7803768664E-04
    1.6715000000E+04    3.1789418178E-04
    1.6725000000E+04    3.6337958784E-04
    1.6735000000E+04    4.1286539172E-04
    1.6745000000E+04    4.7579434403E-04
    1.6755000000E+04    5.4653572689E-04
    1.6765000000E+04    6.2035889823E-04
    1.6775000000E+04    6.9820014806E-04
    1.6785000000E+04    7.6734111330E-04
    1.6795000000E+04    8.7490219655E-04
    1.6805000000E+04    9.8136558208E-04
    1.6815000000E+04    1.1001640315E-03
    1.6825000000E+04    1.2282240444E-03
    1.6835000000E+04    1.3574019733E-03
    1.6845000000E+04    1.5101552873E-03
    1.6855000000E+04    1.6552989444E-03
    1.6865000000E+04    1.8524482361E-03
    1.6875000000E+04    2.0341995776E-03
    1.6885000000E+04    2.2455411780E-03
    1.6895000000E+04    2.5514498857E-03
    1.6905000000E+04    2.8045605999E-03
    1.6915000000E+04    3.1664397728E-03
    1.6925000000E+04    3.5292202820E-03
    1.6935000000E+04    4.0149980667E-03
    1.6945000000E+04    4.6152559880E-03
    1.6955000000E+04    5.1752198542E-03
    1.6965000000E+04    6.0361827188E-03
    1.6975000000E+04    7.2220835533E-03
    1.6985000000E+04    8.5405510960E-03
    1.6995000000E+04    1.0353723521E-02
    1.7005000000E+04    1.2077659947E-02
    1.7015000000E+04    1.4674642270E-02
    1.7025000000E+04    1.7851574266E-02
    1.7035000000E+04    2.1198091729E-02
    1.7045000000E+04    2.3864617850E-02
    1.7055000000E+04    2.6226047789E-02
    1.7065000000E+04    2.9206921837E-02
    1.7075000000E+04    3.2110446007E-02
    1.7085000000E+04    3.6201660508E-02
    1.7095000000E+04    4.1515016565E-02
    1.7105000000E+04    4.4692404548E-02
    1.7115000000E+04    5.2539663353E-02
    1.7125000000E+04    5.8685313581E-02
    1.7135000000E+04    6.9360207266E-02
    1.7145000000E+04    7.8438610439E-02
    1.7155000000E+04    9.4779212174E-02
    1.7165000000E+04    1.1132491337E-01
    1.7175000000E+04    1.3215512106E-01
    1.7185000000E+04    1.5839125841E-01
    1.7195000000E+04    1.7706517717E-01
    1.7205000000E+04    2.0736190974E-01
    1.7215000000E+04    2.3652899043E-01
    1.7225000000E+04    2.6789027843E-01
    1.7235000000E+04    2.9272019759E-01
    1.7245000000E+04    3.0947776214E-01
    1.7255000000E+04    3.3378536798E-01
    1.7265000000E+04    3.4207291745E-01
    1.7275000000E+04    3.4773786283E-01
    1.7285000000E+04    3.5685963944E-01
    1.7295000000E+04    3.6261873274E-01
    1.7305000000E+04    3.6225816425E-01
    1.7315000000E+04    3.7728688535E-01
    1.7325000000E+04    3.8012298096E-01
    1.7335000000E+04    3.8610331190E-01
    1.7345000000E+04    3.9365418895E-01
    1.7355000000E+04    4.0107171002E-01
    1.7365000000E+04    4.0916823601E-01
    1.7375000000E+04    4.2160984636E-01
    1.7385000000E+04    4.2195727481E-01
    1.7395000000E+04    4.2941330659E-01
    1.7405000000E+04    4.3735340210E-01
    1.7415000000E+04    4.3709371509E-01
    1.7425000000E+04    4.4839017868E-01
    1.7435000000E+04    4.5251520867E-01
    1.7445000000E+04    4.4556943883E-01
    1.7455000000E+04    4.5488907922E-01
    1.7465000000E+04    4.5293958099E-01
    1.7475000000E+04    4.5085105344E-01
    1.7485000000E+04    4.5051592240E-01
    1.7495000000E+04    4.4390056520E-01
    1.7505000000E+04    4.6343252904E-01
    1.7515000000E+04    4.5235591647E-01
    1.7525000000E+04    4.5450156261E-01
    1.7535000000E+04    4.5249226998E-01
    1.7545000000E+04    4.5399106936E-01
    1.7555000000E+04    4.5388160837E-01
    1.7565000000E+04    4.6226137612E-01
    1.7575000000E+04    4.5930401352E-01
    1.7585000000E+04    4.6104906500E-01
    1.7595000000E+04    4.5730354161E-01
    1.7605000000E+04    4.6066909714E-01
    1.7615000000E+04    4.6485533990E-01
    1.7625000000E+04    4.6382783619E-01
    1.7635000000E+04    4.6288952978E-01
    1.7645000000E+04    4.5551073929E-01
    1.7655000000E+04    4.6082125086E-01
    1.7665000000E+04    4.6763884417E-01
    1.7675000000E+04    4.6507468594E-01
    1.7685000000E+04    4.6404902647E-01
    1.7695000000E+04    4.5655365170E-01
    1.7705000000E+04    4.6042453850E-01
    1.7715000000E+04    4.6589837771E-01
    1.7725000000E+04    4.5925676483E-01
    1.7735000000E+04    4.5282768672E-01
    1.7745000000E+04    4.5721350007E-01
    1.7755000000E+04    4.5603599591E-01
    1.7765000000E+04    4.5054775282E-01
    1.7775000000E+04    4.6203144116E-01
    1.7785000000E+04    4.4744191374E-01
    1.7795000000E+04    4.5716554542E-01
    1.7805000000E+04    4.5573653541E-01
    1.7815000000E+04    4.5154447365E-01
    1.7825000000E+04    4.4850630263E-01
    1.7835000000E+04    4.5290403546E-01
    1.7845000000E+04    4.5495918912E-01
    1.7855000000E+04    4.5093042456E-01
    1.7865000000E+04    4.4426465812E-01
    1.7875000000E+04    4.4600049696E-01
    1.7885000000E+04    4.5209486776E-01
    1.7895000000E+04    4.4316139476E-01
    1.7905000000E+04    4.4341561261E-01
    1.7915000000E+04    4.4199626157E-01
    1.7925000000E+04    4.4386945062E-01
    1.7935000000E+04    4.4393390373E-01
    1.7945000000E+04    4.3508729092E-01
    1.7955000000E+04    4.4498110163E-01
    1.7965000000E+04    4.4226661657E-01
    1.7975000000E+04    4.3818939778E-01
    1.7985000000E+04    4.3696991933E-01
    1.7995000000E+04    4.4313273732E-01
    1.8005000000E+04    4.4311860783E-01
    1.8015000000E+04    4.4265559561E-01
    1.8025000000E+04    4.4872711624E-01
    1.8035000000E+04    4.4553851200E-01
    1.8045000000E+04    4.3799777664E-01
    1.8055000000E+04    4.4341366563E-01
    1.8065000000E+04    4.5118085740E-01
    1.8075000000E+04    4.6068512081E-01
    1.8085000000E+04    4.5335244444E-01
    1.8095000000E+04    4.5627541487E-01
    1.8105000000E+04    4.5944406245E-01
    1.8115000000E+04    4.6057278444E-01
    1.8125000000E+04    4.5545668132E-01
    1.8135000000E+04    4.6481978930E-01
    1.8145000000E+04    4.5659475959E-01
    1.8155000000E+04    4.6462475050E-01
    1.8165000000E+04    4.6655292936E-01
    1.8175000000E+04    4.6801682338E-01
    1.8185000000E+04    4.6383969258E-01
    1.8195000000E+04    4.7641950758E-01
    1.8205000000E+04    4.6827577517E-01
    1.8215000000E+04    4.6802010411E-01
    1.8225000000E+04    4.6946010214E-01
    1.8235000000E+04    4.7197012504E-01
    1.8245000000E+04    4.6937255385E-01
    1.8255000000E+04    4.6891076605E-01
    1.8265000000E+04    4.7506864617E-01
    1.8275000000E+04    4.6876052233E-01
    1.8285000000E+04    4.6876525836E-01
    1.8295000000E+04    4.6699924507E-01
    1.8305000000E+04    4.6577303117E-01
    1.8315000000E+04    4.8112504154E-01
    1.8325000000E+04    4.6718265031E-01
    1.8335000000E+04    4.6437490170E-01
    1.8345000000E+04    4.7334149504E-01
    1.8355000000E+04    4.6428727312E-01
    1.8365000000E+04    4.6872224738E-01
    1.8375000000E+04    4.6780340044E-01
    1.8385000000E+04    4.6178780099E-01
    1.8395000000E+04    4.6417116585E-01
    1.8405000000E+04    4.6597891025E-01
    1.8415000000E+04    4.6032619408E-01
    1.8425000000E+04    4.6121775755E-01
    1.8435000000E+04    4.6644871590E-01
    1.8445000000E+04    4.5693599812E-01
    1.8455000000E+04    4.6149914835E-01
    1.8465000000E+04    4.5064289009E-01
    1.8475000000E+04    4.6106154369E-01
    1.8485000000E+04    4.5385552626E-01
    1.8495000000E+04    4.5549535155E-01
    1.8505000000E+04    4.5430678879E-01
    1.8515000000E+04    4.5210891109E-01
    1.8525000000E+04    4.4977851609E-01
    1.8535000000E+04    4.5084952678E-01
    1.8545000000E+04    4.4590507050E-01
    1.8555000000E+04    4.4734787860E-01
    1.8565000000E+04    4.5140018207E-01
    1.8575000000E+04    4.4940873256E-01
    1.8585000000E+04    4.5123328711E-01
    1.8595000000E+04    4.5270301432E-01
    1.8605000000E+04    4.4980976414E-01
    1.8615000000E+04    4.4997170556E-01
    1.8625000000E+04    4.5028563623E-01
    1.8635000000E+04    4.4958739976E-01
    1.8645000000E+04    4.5463461009E-01
    1.8655000000E+04    4.5430306082E-01
    1.8665000000E+04    4.5850630390E-01
    1.8675000000E+04    4.5948278796E-01
    1.8685000000E+04    4.6147578211E-01
    1.8695000000E+04    4.6434650477E-01
    1.8705000000E+04    4.6639843395E-01
    1.8715000000E+04    4.6169087499E-01
    1.8725000000E+04    4.6780124872E-01
    1.8735000000E+04    4.7027558772E-01
    1.8745000000E+04    4.7610912643E-01
    1.8755000000E+04    4.7790642457E-01
    1.8765000000E+04    4.6778341379E-01
    1.8775000000E+04    4.8036600214E-01
    1.8785000000E+04    4.7328052182E-01
    1.8795000000E+04    4.7721555568E-01
    1.8805000000E+04    4.7427060325E-01
    1.8815000000E+04    4.7702279536E-01
    1.8825000000E+04    4.7634345883E-01
    1.8835000000E+04    4.7594862368E-01
    1.8845000000E+04    4.7893177464E-01
    1.8855000000E+04    4.7491804471E-01
    1.8865000000E+04    4.7469930263E-01
    1.8875000000E+04    4.8062042068E-01
    1.8885000000E+04    4.7349197982E-01
    1.8895000000E+04    4.7602734088E-01
    1.8905000000E+04    4.7220699940E-01
    1.8915000000E+04    4.7141668767E-01
    1.8925000000E+04    4.7861694414E-01
    1.8935000000E+04    4.6902531393E-01
    1.8945000000E+04    4.6966856837E-01
    1.8955000000E+04    4.7110250373E-01
    1.8965000000E+04    4.6832191987E-01
    1.8975000000E+04    4.7249584958E-01
    1.8985000000E+04    4.6704736457E-01
    1.8995000000E+04    4.6224467060E-01
    1.9005000000E+04    4.6540067686E-01
    1.9015000000E+04    4.6601934719E-01
    1.9025000000E+04    4.6223899373E-01
    1.9035000000E+04    4.5489145667E-01
    1.9045000000E+04    4.6389447104E-01
    1.9055000000E+04    4.5574882242E-01
    1.9065000000E+04    4.5881229547E-01
    1.9075000000E+04    4.5278976602E-01
    1.9085000000E+04    4.6170770871E-01
    1.9095000000E+04    4.5988965268E-01
    1.9105000000E+04    4.5404181062E-01
    1.9115000000E+04    4.6001646963E-01
    1.9125000000E+04    4.5332777940E-01
    1.9135000000E+04    4.5452959395E-01
    1.9145000000E+04    4.5294992558E-01
    1.9155000000E+04    4.5733488506E-01
    1.9165000000E+04    4.6039974882E-01
    1.9175000000E+04    4.5710533505E-01
    1.9185000000E+04    4.5526401563E-01
    1.9195000000E+04    4.6025935922E-01
    1.9205000000E+04    4.5409397150E-01
    1.9215000000E+04    4.6548634898E-01
    1.9225000000E+04    4.6020350121E-01
    1.9235000000E+04    4.6143185864E-01
    1.9245000000E+04    4.6185263937E-01
    1.9255000000E+04    4.6715383953E-01
    1.9265000000E+04    4.6463214287E-01
    1.9275000000E+04    4.6893591847E-01
    1.9285000000E+04    4.7028782835E-01
    1.9295000000E+04    4.7530242531E-01
    1.9305000000E+04    4.6881065135E-01
    1.9315000000E+04    4.7676360541E-01
    1.9325000000E+04    4.6307156232E-01
    1.9335000000E+04    4.7765581856E-01
    1.9345000000E+04    4.7859763996E-01
    1.9355000000E+04    4.6818627747E-01
    1.9365000000E+04    4.7514315736E-01
    1.9375000000E+04    4.6840094236E-01
    1.9385000000E+04    4.7797178182E-01
    1.9395000000E+04    4.7504275109E-01
    1.9405000000E+04    4.7108446659E-01
    1.9415000000E+04    4.7479185802E-01
    1.9425000000E+04    4.6833074855E-01
    1.9435000000E+04    4.8001849595E-01
    1.9445000000E+04    4.7576907960E-01
    1.9455000000E+04    4.8169770515E-01
    1.9465000000E+04    4.7758708780E-01
    1.9475000000E+04    4.7417989815E-01
    1.9485000000E+04    4.7919524461E-01
    1.9495000000E+04    4.7650036706E-01
    1.9505000000E+04    4.7211433783E-01
    1.9515000000E+04    4.8143157617E-01
    1.9525000000E+04    4.7476269481E-01
    1.9535000000E+04    4.6512624260E-01
    1.9545000000E+04    4.7094624337E-01
    1.9555000000E+04    4.6000464109E-01
    1.9565000000E+04    4.5412312858E-01
    1.9575000000E+04    4.4147442228E-01
    1.9585000000E+04    4.2383102386E-01
    1.9595000000E+04    4.1422315612E-01
    1.9605000000E+04    3.9197657035E-01
    1.9615000000E+04    3.7714414089E-01
    1.9625000000E+04    3.6136182457E-01
    1.9635000000E+04    3.3651899787E-01
    1.9645000000E+04    3.1200420159E-01
    1.9655000000E+04    2.8838761918E-01
    1.9665000000E+04    2.6844164102E-01
    1.9675000000E+04    2.4169892766E-01
    1.9685000000E+04    2.2359696762E-01
    1.9695000000E+04    2.0040529215E-01
    1.9705000000E+04    1.8103435010E-01
    1.9715000000E+04    1.6326388170E-01
    1.9725000000E+04    1.4672475281E-01
    1.9735000000E+04    1.3361117709E-01
    1.9745000000E+04    1.1865290462E-01
    1.9755000000E+04    1.0685726513E-01
    1.9765000000E+04    1.0008255766E-01
    1.9775000000E+04    8.7832862166E-02
    1.9785000000E+04    8.1483021126E-02
    1.9795000000E+04    7.3479008266E-02
    1.9805000000E+04    6.6505760447E-02
    1.9815000000E+04    5.9802907970E-02
    1.9825000000E+04    5.3878344168E-02
    1.9835000000E+04    4.7047463444E-02
    1.9845000000E+04    4.2800434738E-02
    1.9855000000E+04    3.7549071889E-02
    1.9865000000E+04    3.2590319565E-02
    1.9875000000E+04    2.7827133679E-02
    1.9885000000E+04    2.5359844747E-02
    1.9895000000E+04    2.1400643383E-02
    1.9905000000E+04    1.9404779824E-02
    1.9915000000E+04    1.6638870168E-02
    1.9925000000E+04    1.4581510363E-02
    1.9935000000E+04    1.2679727896E-02
    1.9945000000E+04    1.1013306280E-02
    1.9955000000E+04    9.6389157423E-03
    1.9965000000E+04    8.1530091933E-03
    1.9975000000E+04    7.5081265574E-03
    1.9985000000E+04    6.3153808082E-03
    1.9995000000E+04    5.6666900325E-03
    2.0005000000E+04    4.9795933175E-03
    2.0015000000E+04    4.4771124301E-03
    2.0025000000E+04    3.8609124260E-03
    2.0035000000E+04    3.4378924396E-03
    2.0045000000E+04    3.0750599014E-03
    2.0055000000E+04    2.7242780766E-03
    2.0065000000E+04    2.3979388727E-03
    2.0075000000E+04    2.1479467402E-03
    2.0085000000E+04    1.8919219773E-03
    2.0095000000E+04    1.7398184412E-03
    2.0105000000E+04    1.5289553079E-03
    2.0115000000E+04    1.3952105293E-03
    2.0125000000E+04    1.2547201216E-03
    2.0135000000E+04    1.1203509299E-03
    2.0145000000E+04    1.0165579861E-03
    2.0155000000E+04    8.9877599978E-04
    2.0165000000E+04    8.5237980448E-04
    2.0175000000E+04    7.7560993783E-04
    2.0185000000E+04    6.9176080520E-04
    2.0195000000E+04    6.2321928011E-04
    2.0205000000E+04    5.8359113744E-04
    2.0215000000E+04    5.2574331220E-04
    2.0225000000E+04    4.8661600611E-04
    2.0235000000E+04    4.4849393298E-04
    2.0245000000E+04    4.1424884855E-04
    2.0255000000E+04    3.7083308122E-04
    2.0265000000E+04    3.5000763649E-04
    2.0275000000E+04    3.2063454874E-04
    2.0285000000E+04    3.0137899870E-04
    2.0295000000E+04    2.8081487756E-04
    2.0305000000E+04    2.6355229425E-04
    2.0315000000E+04    2.3852295507E-04
    2.0325000000E+04    2.3228164675E-04
    2.0335000000E+04    2.1127325913E-04
    2.0345000000E+04    1.9816004299E-04
    2.0355000000E+04    1.8122575039E-04
    2.0365000000E+04    1.7530398103E-04
    2.0375000000E+04    1.5888693772E-04
    2.0385000000E+04    1.4757652824E-04
    2.0395000000E+04    1.3978237174E-04
    2.0405000000E+04    1.3790227996E-04
    2.0415000000E+04    1.3065506893E-04
    2.0425000000E+04    1.2076572194E-04
    2.0435000000E+04    1.1309704385E-04
    2.0445000000E+04    1.0915927762E-04
    2.0455000000E+04    9.5683787414E-05
    2.0465000000E+04    8.8915120892E-05
    2.0475000000E+04    8.3677671174E-05
    2.0485000000E+04    8.3099748828E-05
    2.0495000000E+04    7.0458583044E-05
    2.0505000000E+04    7.1325812583E-05
    2.0515000000E+04    6.8552730401E-05
    2.0525000000E+04    5.9216972947E-05
    2.0535000000E+04    5.4405027083E-05
    2.0545000000E+04    5.8470561900E-05
    2.0555000000E+04    4.7320877126E-05
    2.0565000000E+04    5.1432581379E-05
    2.0575000000E+04    4.9965774993E-05
    2.0585000000E+04    3.2799054384E-05
    2.0595000000E+04    3.7136419369E-05
    2.0605000000E+04    3.9805466552E-05
    2.0615000000E+04    3.5766192116E-05
    2.0625000000E+04    3.7875661342E-05
    2.0635000000E+04    3.5768070472E-05
    2.0645000000E+04    1.6241613181E-05
    2.0655000000E+04    3.0910268746E-05
    2.0665000000E+04    2.8871494531E-05
    2.0675000000E+04    2.3950185339E-05
    2.0685000000E+04    1.7518565918E-05
    2.0695000000E+04    2.1476636031E-05
    2.0705000000E+04    2.2024981536E-05
    2.0715000000E+04    2.0872382997E-05
    2.0725000000E+04    1.1168740457E-05
    2.0735000000E+04    1.4269031800E-05
    2.0745000000E+04    1.0195728762E-05
    2.0755000000E+04    1.2125593638E-05
    2.0765000000E+04    3.5652778647E-06
    2.0775000000E+04    1.6265042086E-05
    2.0785000000E+04    1.7859820849E-05
    2.0795000000E+04    1.2226735057E-05
    2.0805000000E+04    3.3159059203E-06
    2.0815000000E+04    1.0293132523E-05
    2.0825000000E+04    9.7607330842E-06
    2.0835000000E+04    1.1048521257E-05
    2.0845000000E+04    8.0425021266E-06
    2.0855000000E+04    8.7208742523E-06
    2.0865000000E+04    8.6943252980E-06
    2.0875000000E+04    1.7161343636E-06
    2.0885000000E+04    3.9429315521E-06
    2.0895000000E+04    1.4382063192E-05
    2.0905000000E+04    5.5016185304E-06
    2.0915000000E+04    6.2629454444E-06
    2.0925000000E+04    1.8283268655E-06
    2.0935000000E+04    9.4099432139E-06
    2.0945000000E+04    3.4231787102E-06
    2.0955000000E+04    2.7437242442E-06
    2.0965000000E+04    6.0990264868E-06
    2.0975000000E+04    5.7245889809E-06
    2.0985000000E+04    4.9719483365E-11
    2.0995000000E+04    9.3534762324E-06
    2.1005000000E+04    2.2844486530E-06
    2.1015000000E+04    2.5563259837E-06
    2.1025000000E+04    3.5246059786E-06
    2.1035000000E+04    1.0328259674E-05
    2.1045000000E+04    7.8548183127E-06
    2.1055000000E+04    3.4435704617E-06
    2.1065000000E+04    5.7804741035E-06
    2.1075000000E+04    1.8624416269E-06
    2.1085000000E+04    3.5475663453E-06
    2.1095000000E+04    3.9783231995E-06
    2.1105000000E+04    5.9680687104E-06
    2.1115000000E+04    1.1784006597E-05
    2.1125000000E+04    7.7208695005E-07
    2.1135000000E+04    8.3066788138E-07
    2.1145000000E+04    8.1904048485E-06
    2.1155000000E+04    5.4118511452E-06
    2.1165000000E+04    5.2139474853E-06
    2.1175000000E+04    5.7674901120E-06
    2.1185000000E+04    7.3771139961E-07
    2.1195000000E+04    6.7227875796E-06
    2.1205000000E+04    5.8722374644E-06
    2.1215000000E+04    4.1731941778E-06
    2.1225000000E+04    8.6678729794E-06
    2.1235000000E+04    9.2277707560E-07
    2.1245000000E+04    6.2112331315E-06
    2.1255000000E+04    1.0247507650E-05
    2.1265000000E+04    4.9613750097E-06
    2.1275000000E+04    4.5215018749E-06
    2.1285000000E+04    5.0001998052E-11
    2.1295000000E+04    4.5227896752E-06
    2.1305000000E+04    8.5984123306E-06
    2.1315000000E+04    1.0987433506E-05
    2.1325000000E+04    1.4247644840E-05
    2.1335000000E+04    4.9979831159E-11
    2.1345000000E+04    3.1646902426E-06
    2.1355000000E+04    2.9471491490E-06
    2.1365000000E+04    6.0976324876E-06
    2.1375000000E+04    3.6747550847E-06
    2.1385000000E+04    3.0450498547E-06
    2.1395000000E+04    8.1265918579E-06
    2.1405000000E+04    1.9381753720E-06
    2.1415000000E+04    2.3166485517E-07
    2.1425000000E+04    3.1953781978E-06
    2.1435000000E+04    2.4587370260E-06
    2.1445000000E+04    4.9929360534E-06
    2.1455000000E+04    4.9980936204E-11
    2.1465000000E+04    1.9056634089E-06
    2.1475000000E+04    5.0660043249E-07
    2.1485000000E+04    5.2012971388E-06
    2.1495000000E+04    3.9981073705E-07
    2.1505000000E+04    4.6860808937E-06
    2.1515000000E+04    4.9992243623E-11
    2.1525000000E+04    3.6995201254E-06
    2.1535000000E+04    1.6719843216E-06
    2.1545000000E+04    1.2923602297E-06
    2.1555000000E+04    7.3780524260E-06
    2.1565000000E+04    1.7598391082E-06
    2.1575000000E+04    6.5141632011E-07
    2.1585000000E+04    4.6650187938E-06
    2.1595000000E+04    1.3342625070E-06
    2.1605000000E+04    4.9331373528E-06
    2.1615000000E+04    7.8821127668E-06
    2.1625000000E+04    1.7080767035E-06
    2.1635000000E+04    6.5469920226E-06
    2.1645000000E+04    1.0536546636E-06
    2.1655000000E+04    9.8011713357E-07
    2.1665000000E+04    4.9655084731E-11
    2.1675000000E+04    1.1961132896E-05
    2.1685000000E+04    1.4074690725E-05
    2.1695000000E+04    3.0587952308E-07
    2.1705000000E+04    5.7141712449E-06
    2.1715000000E+04    2.5338050447E-06
    2.1725000000E+04    1.5464549702E-06
    2.1735000000E+04    8.0438879436E-06
    2.1745000000E+04    5.3267555546E-06
    2.1755000000E+04    1.5799683180E-06
    2.1765000000E+04    2.0665225328E-06
    2.1775000000E+04    2.6458638284E-06
    2.1785000000E+04    4.1542636804E-06
    2.1795000000E+04    4.9256703759E-11
    2.1805000000E+04    3.3126270189E-06
    2.1815000000E+04    5.5129761674E-06
    2.1825000000E+04    4.5793334318E-06
    2.1835000000E+04    2.0225046311E-06
    2.1845000000E+04    3.3017321624E-06
    2.1855000000E+04    1.5843075908E-06
    2.1865000000E+04    4.6382706570E-06
    2.1875000000E+04    4.6894091709E-06
    2.1885000000E+04    6.6092732190E-06
    2.1895000000E+04    9.2203258045E-07
    2.1905000000E+04    2.3594967620E-06
    2.1915000000E+04    1.9517326328E-06
    2.1925000000E+04    2.7485926831E-06
    2.1935000000E+04    4.9336729441E-11
    2.1945000000E+04    4.2607061464E-06
    2.1955000000E+04    5.7402287441E-06
    2.1965000000E+04    6.4926303874E-06
    2.1975000000E+04    1.1559798260E-05
    2.1985000000E+04    4.9527771485E-11
    2.1995000000E+04    1.2042426573E-05
    2.2005000000E+04    2.3093900721E-06
    2.2015000000E+04    8.6871458607E-06
    2.2025000000E+04    1.1429226902E-05
    2.2035000000E+04    4.9641048471E-11
    2.2045000000E+04    3.8983494476E-06
    2.2055000000E+04    5.3946206828E-06
    2.2065000000E+04    8.2962903200E-06
    2.2075000000E+04    4.3054775656E-07
    2.2085000000E+04    4.8312589378E-06
    2.2095000000E+04    1.6464786104E-06
    2.2105000000E+04    8.3775342256E-06
    2.2115000000E+04    5.2805977393E-06
    2.2125000000E+04    2.0860783807E-06
    2.2135000000E+04    5.7554340723E-06
    2.2145000000E+04    4.2750008911E-06
    2.2155000000E+04    2.5613986435E-05
    2.2165000000E+04    4.9862900371E-11
    2.2175000000E+04    1.1372932658E-05
    2.2185000000E+04    1.0162833450E-05
    2.2195000000E+04    1.7015148874E-05
    2.2205000000E+04    4.2089927206E-06
    2.2215000000E+04    6.7227030503E-06
    2.2225000000E+04    7.5322790067E-06
    2.2235000000E+04    1.7636658511E-06
    2.2245000000E+04    2.4149724856E-06
    2.2255000000E+04    1.1036801620E-05
    2.2265000000E+04    6.3241443007E-06
    2.2275000000E+04    1.3526768655E-05
    2.2285000000E+04    4.9940076213E-11
    2.2295000000E+04    4.1015142620E-06
    2.2305000000E+04    3.4672476344E-06
    2.2315000000E+04    4.9916773080E-11
    2.2325000000E+04    5.0207012010E-06
    2.2335000000E+04    7.1815942432E-06
    2.2345000000E+04    5.6485135640E-06
    2.2355000000E+04    1.0072222852E-05
    2.2365000000E+04    5.6656892971E-06
    2.2375000000E+04    6.0466401212E-06
    2.2385000000E+04    9.4626895528E-06
    2.2395000000E+04    4.9898708702E-11
    2.2405000000E+04    2.3900580246E-05
    2.2415000000E+04    6.5990616110E-06
    2.2425000000E+04    1.1134652003E-05
    2.2435000000E+04    6.5846497660E-08
    2.2445000000E+04    1.0075155423E-05
    2.2455000000E+04    4.9773738360E-11
    2.2465000000E+04    1.3722743800E-05
    2.2475000000E+04    2.7337900501E-06
    2.2485000000E+04    5.8820918224E-06
    2.2495000000E+04    1.0836665248E-05
    2.2505000000E+04    6.5102140543E-06
    2.2515000000E+04    1.3124479669E-05
    2.2525000000E+04    1.0155796545E-05
    2.2535000000E+04    9.0869779143E-06
    2.2545000000E+04    5.0226709587E-06
    2.2555000000E+04    1.0130355258E-06
    2.2565000000E+04    9.0554427037E-07
    2.2575000000E+04    5.1734193464E-06
    2.2585000000E+04    8.2363071037E-06
    2.2595000000E+04    8.7137102970E-07
    2.2605000000E+04    1.3781124360E-05
    2.2615000000E+04    1.9370892304E-06
    2.2625000000E+04    7.6389562147E-06
    2.2635000000E+04    4.8144423566E-11
    2.2645000000E+04    1.3405654323E-05
    2.2655000000E+04    2.8692259294E-07
    2.2665000000E+04    1.3242085439E-05
    2.2675000000E+04    4.4212531206E-07
    2.2685000000E+04    2.0480906185E-06
    2.2695000000E+04    8.7016171330E-06
    2.2705000000E+04    4.5036066294E-06
    2.2715000000E+04    3.1319697381E-06
    2.2725000000E+04    3.8485441074E-06
    2.2735000000E+04    5.5954047761E-06
    2.2745000000E+04    3.5794631859E-06
    2.2755000000E+04    1.1863168856E-05
    2.2765000000E+04    4.8852332406E-11
    2.2775000000E+04    2.1217040024E-06
    2.2785000000E+04    3.6905373381E-06
    2.2795000000E+04    4.8868385293E-11
    2.2805000000E+04    7.2800742042E-06
    2.2815000000E+04    3.1661413675E-06
    2.2825000000E+04    3.9248580363E-06
    2.2835000000E+04    3.5248892903E-06
    2.2845000000E+04    5.4432002737E-06
    2.2855000000E+04    2.5266854472E-07
    2.2865000000E+04    4.6258868141E-07
    2.2875000000E+04    3.7523756552E-07
    2.2885000000E+04    3.9400596785E-06
    2.2895000000E+04    2.9799925165E-06
    2.2905000000E+04    4.6484830761E-06
    2.2915000000E+04    4.8780951492E-11
    2.2925000000E+04    5.4129895391E-06
    2.2935000000E+04    7.7668018448E-07
    2.2945000000E+04    4.8701233940E-11
    2.2955000000E+04    1.7920406396E-06
    2.2965000000E+04    3.2111078659E-07
    2.2975000000E+04    1.8124531845E-06
    2.2985000000E+04    3.8119028004E-07
    2.2995000000E+04    4.8399093141E-11
    2.3005000000E+04    1.2632273447E-06
    2.3015000000E+04    5.5815829360E-06
    2.3025000000E+04    1.9742990676E-06
    2.3035000000E+04    4.7928833893E-11
    2.3045000000E+04    7.5825893160E-07
    2.3055000000E+04    1.4419545894E-06
    2.3065000000E+04    2.5076257535E-07
    2.3075000000E+04    3.0192286632E-06
    2.3085000000E+04    4.6975291956E-11
    2.3095000000E+04    4.3115736295E-07
    2.3105000000E+04    5.8381075374E-06
    2.3115000000E+04    1.4899630886E-06
    2.3125000000E+04    1.6869350151E-06
    2.3135000000E+04    2.1184194650E-06
    2.3145000000E+04    1.2675458267E-06
    2.3155000000E+04    4.6622842439E-07
    2.3165000000E+04    4.3749134036E-11
    2.3175000000E+04    1.8979224699E-06
    2.3185000000E+04    4.2349674994E-11
    2.3195000000E+04    1.0309546429E-06
    2.3205000000E+04    2.5350097134E-06
    2.3215000000E+04    7.9590037184E-07
    2.3225000000E+04    3.3960880717E-07
    2.3235000000E+04    4.4365597912E-07
    2.3245000000E+04    1.0399010238E-06
    2.3255000000E+04    1.1311599150E-06
    2.3265000000E+04    1.3563815761E-06
    2.3275000000E+04    2.3076906781E-06
    2.3285000000E+04    3.1767878008E-11
    2.3295000000E+04    3.0605551866E-11
    2.3305000000E+04    1.3849598091E-06
    2.3315000000E+04    7.4156629628E-07
    2.3325000000E+04    2.6793736521E-07
    2.3335000000E+04    2.5875944787E-11
    2.3345000000E+04    1.4271368912E-06
    2.3355000000E+04    9.8555730113E-07
    2.3365000000E+04    2.1781014211E-06
    2.3375000000E+04    2.1482170615E-11
    2.3385000000E+04    2.0576090041E-11
    2.3395000000E+04    1.5708112822E-06
    2.3405000000E+04    8.6207455840E-07
    2.3415000000E+04    8.1580838930E-07
    2.3425000000E+04    1.3103384622E-06
    2.3435000000E+04    7.6385105603E-07
    2.3445000000E+04    4.0511180595E-07
    2.3455000000E+04    1.7047662287E-06
    2.3465000000E+04    7.1468567424E-08
    2.3475000000E+04    2.6869608354E-06
    2.3485000000E+04    2.4647199734E-06
    2.3495000000E+04    1.7004361793E-11
    2.3505000000E+04    6.1943634651E-07
    2.3515000000E+04    7.8034031717E-07
    2.3525000000E+04    8.9686087902E-07
    2.3535000000E+04    5.4461420999E-07
    2.3545000000E+04    1.3619035406E-06
    2.3555000000E+04    1.5135287617E-07
    2.3565000000E+04    1.9143303671E-07
    2.3575000000E+04    4.9934610266E-07
    2.3585000000E+04    5.8620407755E-07
    2.3595000000E+04    7.6320375652E-08
    2.3605000000E+04    3.1242893326E-07
    2.3615000000E+04    5.0472638807E-07
    2.3625000000E+04    2.1783089128E-07
    2.3635000000E+04    8.5593542424E-07
    2.3645000000E+04    9.3662581810E-12
    2.3655000000E+04    3.7378626619E-07
    2.3665000000E+04    7.5630304441E-12
    2.3675000000E+04    9.4437039113E-08
    2.3685000000E+04    9.1660716151E-08
    2.3695000000E+04    1.5447922357E-07
    2.3705000000E+04    3.4611052459E-07
    2.3715000000E+04    2.9071795339E-07
    2.3725000000E+04    3.1299383769E-12
    2.3735000000E+04    1.6402033492E-07
    2.3745000000E+04    5.8883858284E-08
    2.3755000000E+04    5.8401915367E-08
    2.3765000000E+04    7.6712381427E-08
    2.3775000000E+04    4.5164219379E-08
    2.3785000000E+04    1.4799765065E-08
    2.3795000000E+04    1.3231190818E-07
    2.3805000000E+04    1.7235123925E-07
    2.3815000000E+04    1.2191820471E-07
    2.3825000000E+04    1.5129488588E-12
    2.3835000000E+04    2.6023905868E-07
    2.3845000000E+04    1.0110467802E-08
    2.3855000000E+04    1.8423633756E-07
    2.3865000000E+04    4.1030567783E-08
    2.3875000000E+04    1.0769250541E-07
    2.3885000000E+04    2.1951615909E-08
    2.3895000000E+04    7.1455733414E-09
    2.3905000000E+04    2.2458414128E-08
    2.3915000000E+04    2.8867032965E-08
    2.3925000000E+04    4.9301413329E-08
    2.3935000000E+04    1.6868268999E-08
    2.3945000000E+04    7.8125243646E-09
    2.3955000000E+04    1.7591296603E-08
    2.3965000000E+04    4.3390902945E-08
    2.3975000000E+04    2.9964585193E-13
    2.3985000000E+04    2.6816766863E-13
    2.3995000000E+04    2.2786115644E-08
    2.4005000000E+04    1.0002436922E-08
    2.4015000000E+04    1.2688064386E-09
    2.4025000000E+04    1.4767015335E-08
    2.4035000000E+04    2.3189241654E-09
    2.4045000000E+04    1.3500408438E-13
    2.4055000000E+04    1.7644272591E-08
    2.4065000000E+04    1.1744571675E-08
    2.4075000000E+04    8.2611694065E-10
    2.4085000000E+04    5.5209165614E-09
    2.4095000000E+04    3.2818915374E-09
    2.4105000000E+04    6.6222318177E-09
    2.4115000000E+04    6.5689539741E-09
    2.4125000000E+04    4.0135606749E-10
    2.4135000000E+04    1.9022303152E-09
    2.4145000000E+04    5.5849636719E-10
    2.4155000000E+04    3.4720987991E-14
    2.4165000000E+04    1.7357574326E-10
    2.4175000000E+04    6.4360009971E-10
    2.4185000000E+04    2.0141246268E-09
    2.4195000000E+04    3.8408379950E-09
    2.4205000000E+04    1.8046377945E-14
    2.4215000000E+04    1.5813506443E-14
    2.4225000000E+04    1.2208429937E-10
    2.4235000000E+04    9.1814705053E-10
    2.4245000000E+04    9.9896699861E-11
    2.4255000000E+04    8.2135149657E-10
    2.4265000000E+04    2.7310568730E-09
    2.4275000000E+04    7.0823431875E-15
    2.4285000000E+04    1.7490966075E-11
    2.4295000000E+04    7.8258337351E-11
    2.4305000000E+04    6.9691435134E-10
    2.4315000000E+04    4.1057707462E-15
    2.4325000000E+04    3.5285454709E-10
    2.4335000000E+04    3.7381718118E-11
    2.4345000000E+04    2.7080197038E-15
    2.4355000000E+04    2.3522019425E-15
    2.4365000000E+04    2.5287970401E-10
    2.4375000000E+04    1.2876177308E-10
    2.4385000000E+04    1.2292669914E-10
    2.4395000000E+04    1.3173718974E-15
    2.4405000000E+04    1.3536165551E-10
    2.4415000000E+04    1.8555022249E-10
    2.4425000000E+04    8.3146787309E-16
    2.4435000000E+04    3.0033197460E-11
    2.4445000000E+04    2.4174047158E-11
    2.4455000000E+04    5.0657602277E-16
    2.4465000000E+04    6.0467946267E-11
    2.4475000000E+04    1.1793168040E-10
    2.4485000000E+04    1.6021629607E-11
    2.4495000000E+04    2.6123126896E-16
    2.4505000000E+04    4.6250324903E-11
    2.4515000000E+04    2.4707536923E-16
    2.4525000000E+04    2.7739012318E-11
    2.4535000000E+04    8.9811299907E-12
    2.4545000000E+04    3.3018704851E-11
    2.4555000000E+04    2.0769132428E-16
    2.4565000000E+04    9.1192870106E-12
    2.4575000000E+04    4.8336542900E-12
    2.4585000000E+04    1.7573093634E-16
    2.4595000000E+04    1.3994929478E-11
    2.4605000000E+04    4.8338125535E-11
    2.4615000000E+04    1.1016267399E-11
    2.4625000000E+04    1.5607459781E-11
    2.4635000000E+04    1.2716491232E-16
    2.4645000000E+04    4.0454748052E-11
    2.4655000000E+04    7.5728581622E-12
    2.4665000000E+04    4.6471753203E-12
    2.4675000000E+04    5.3450868680E-12
    2.4685000000E+04    1.7506786589E-11
    2.4695000000E+04    6.3388846723E-12
    2.4705000000E+04    1.6579166076E-11
    2.4715000000E+04    4.5925267952E-12
    2.4725000000E+04    1.3906551951E-12
    2.4735000000E+04    4.4861627400E-12
    2.4745000000E+04    6.0007409714E-12
    2.4755000000E+04    4.5116708316E-17
    2.4765000000E+04    6.5511372449E-12
    2.4775000000E+04    1.5652192617E-12
    2.4785000000E+04    1.3763822097E-12
    2.4795000000E+04    1.2154634899E-12
    2.4805000000E+04    4.3533357954E-12
    2.4815000000E+04    1.5188056673E-12
    2.4825000000E+04    2.2547412922E-17
    2.4835000000E+04    1.2341148889E-12
    2.4845000000E+04    1.2752663329E-12
    2.4855000000E+04    6.5738147584E-12
    2.4865000000E+04    1.4964742650E-17
    2.4875000000E+04    7.6540930438E-13
    2.4885000000E+04    1.8560062402E-12
    2.4895000000E+04    1.1131596445E-17
    2.4905000000E+04    2.6098847452E-13
    2.4915000000E+04    1.2340866346E-12
    2.4925000000E+04    4.7648818889E-13
    2.4935000000E+04    2.3220603119E-12
    2.4945000000E+04    4.8693418785E-13
    2.4955000000E+04    7.1001988193E-13
    2.4965000000E+04    3.0510869930E-13
    2.4975000000E+04    4.5873553883E-18
    2.4985000000E+04    9.0008711838E-13
    2.4995000000E+04    2.9273826428E-14
    2.5005000000E+04    4.1656782873E-13
    2.5015000000E+04    2.9499699548E-18
    2.5025000000E+04    5.6946308600E-13
    2.5035000000E+04    5.6259668044E-13
    2.5045000000E+04    4.5761643526E-14
    2.5055000000E+04    1.0398175108E-13
    2.5065000000E+04    2.5282531641E-13
    2.5075000000E+04    6.0261449930E-13
    2.5085000000E+04    1.3665124919E-18
    2.5095000000E+04    7.4719061643E-13
    2.5105000000E+04    1.0982438955E-18
    2.5115000000E+04    2.5275837508E-13
    2.5125000000E+04    2.7938488074E-14
    2.5135000000E+04    7.2100956067E-14
    2.5145000000E+04    2.7157742149E-14
    2.5155000000E+04    6.3813629202E-19
    2.5165000000E+04    2.7345805016E-13
    2.5175000000E+04    5.1435429651E-19
    2.5185000000E+04    4.6194766660E-19
    2.5195000000E+04    8.0556056902E-14
    2.5205000000E+04    3.7288943214E-19
    2.5215000000E+04    3.3753167768E-14
    2.5225000000E+04    3.0115398839E-19
    2.5235000000E+04    2.7067349230E-19
    2.5245000000E+04    1.0646290981E-13
    2.5255000000E+04    6.2714055307E-14
    2.5265000000E+04    1.9713292346E-19
    2.5275000000E+04    1.7745015797E-19
    2.5285000000E+04    9.3893161705E-15
    2.5295000000E+04    2.7181364447E-14
    2.5305000000E+04    1.2960991467E-19
    2.5315000000E+04    2.1050714147E-14
    2.5325000000E+04    1.9869212966E-15
    2.5335000000E+04    5.1749762621E-14
    2.5345000000E+04    1.8236281839E-14
    2.5355000000E+04    7.7102320213E-20
    2.5365000000E+04    6.9526576871E-20
    2.5375000000E+04    9.7052897402E-15
    2.5385000000E+04    3.4067700720E-15
    2.5395000000E+04    5.1012228339E-20
    2.5405000000E+04    3.3309502602E-15
    2.5415000000E+04    2.6094279294E-15
    2.5425000000E+04    5.1944218131E-15
    2.5435000000E+04    2.1999564433E-15
    2.5445000000E+04    2.5226575088E-15
    2.5455000000E+04    1.5475515314E-15
    2.5465000000E+04    1.1089664617E-14
    2.5475000000E+04    2.2371916878E-20
    2.5485000000E+04    2.0180505355E-20
    2.5495000000E+04    7.2525820979E-15
    2.5505000000E+04    2.1299399142E-15
    2.5515000000E+04    2.1330945857E-15
    2.5525000000E+04    1.3050663438E-20
    2.5535000000E+04    1.1658162444E-20
    2.5545000000E+04    1.0411878418E-20
    2.5555000000E+04    1.2638353393E-15
    2.5565000000E+04    1.1382947569E-15
    2.5575000000E+04    2.8725506613E-15
    2.5585000000E+04    1.9573360362E-15
    2.5595000000E+04    5.8943373426E-21
    2.5605000000E+04    6.4627858751E-17
    2.5615000000E+04    7.5374959398E-16
    2.5625000000E+04    4.1767419567E-21
    2.5635000000E+04    2.5747185994E-16
    2.5645000000E+04    8.6400944437E-16
    2.5655000000E+04    2.0453773005E-15
    2.5665000000E+04    2.6287766060E-21
    2.5675000000E+04    2.6115827901E-16
    2.5685000000E+04    8.1138447942E-16
    2.5695000000E+04    1.2604246647E-16
    2.5705000000E+04    1.6475514499E-21
    2.5715000000E+04    8.9543653618E-16
    2.5725000000E+04    8.4753307304E-17
    2.5735000000E+04    2.3524016694E-16
    2.5745000000E+04    1.0283994162E-21
    2.5755000000E+04    3.9371922068E-16
    2.5765000000E+04    1.1913698543E-16
    2.5775000000E+04    7.2036191798E-22
    2.5785000000E+04    6.3945134425E-22
    2.5795000000E+04    5.7269555556E-16
    2.5805000000E+04    5.0351388512E-22
    2.5815000000E+04    4.6467168249E-17
    2.5825000000E+04    3.9237350554E-22
    2.5835000000E+04    3.4108737024E-22
    2.5845000000E+04    2.6505288592E-16
    2.5855000000E+04    2.5643733057E-22
    2.5865000000E+04    7.5628015566E-18
    2.5875000000E+04    1.6337042229E-17
    2.5885000000E+04    1.4300903942E-16
    2.5895000000E+04    1.4180095616E-22
    2.5905000000E+04    7.1911016802E-17
    2.5915000000E+04    1.0395104293E-22
    2.5925000000E+04    8.8589308225E-23
    2.5935000000E+04    7.5223026620E-23
    2.5945000000E+04    6.3571970225E-23
    2.5955000000E+04    5.3469717634E-23
    2.5965000000E+04    2.3701807764E-17
    2.5975000000E+04    4.0394774160E-18
    2.5985000000E+04    3.0702499366E-23
    2.5995000000E+04    2.5097635762E-23
    2.6005000000E+04    1.8931061687E-17
