0.6	0.090
0.61	0.088
0.62	0.086
0.63	0.084
0.64	0.082
0.65	0.080
0.66	0.078
0.67	0.077
0.68	0.075
0.69	0.074
0.7	0.072
0.71	0.071
0.72	0.070
0.73	0.068
0.74	0.067
0.75	0.066
0.76	0.065
0.77	0.064
0.78	0.063
0.79	0.062
0.8	0.060
0.81	0.060
0.82	0.058
0.83	0.058
0.84	0.057
0.85	0.050
0.86	0.049
0.87	0.049
0.88	0.048
0.89	0.047
0.9	0.046
0.91	0.046
0.92	0.045
0.93	0.044
0.94	0.043
0.95	0.043
0.96	0.042
0.97	0.041
0.98	0.041
0.99	0.040
1	0.040
1.01	0.039
1.02	0.038
1.03	0.038
1.04	0.037
1.05	0.037
1.06	0.036
1.07	0.036
1.08	0.035
1.09	0.035
1.1	0.034
1.11	0.034
1.12	0.033
1.13	0.033
1.14	0.033
1.15	0.032
1.16	0.032
1.17	0.031
1.18	0.031
1.19	0.031
1.2	0.030
1.21	0.030
1.22	0.029
1.23	0.029
1.24	0.029
1.25	0.028
1.26	0.028
1.27	0.028
1.28	0.027
1.29	0.027
1.3	0.027
1.31	0.026
1.32	0.026
1.33	0.026
1.34	0.026
1.35	0.025
1.36	0.025
1.37	0.025
1.38	0.025
1.39	0.024
1.4	0.024
1.41	0.024
1.42	0.023
1.43	0.023
1.44	0.023
1.45	0.023
1.46	0.022
1.47	0.022
1.48	0.022
1.49	0.022
1.5	0.021
1.51	0.021
1.52	0.021
1.53	0.021
1.54	0.021
1.55	0.020
1.56	0.020
1.57	0.020
1.58	0.020
1.59	0.020
1.6	0.019
1.61	0.019
1.62	0.019
1.63	0.019
1.64	0.019
1.65	0.019
1.66	0.018
1.67	0.018
1.68	0.018
1.69	0.018
1.7	0.018
1.71	0.018
1.72	0.017
1.73	0.017
1.74	0.017
1.75	0.017
1.76	0.017
1.77	0.017
1.78	0.017
1.79	0.016
1.8	0.016
1.81	0.016
1.82	0.016
1.83	0.016
1.84	0.016
1.85	0.016
1.86	0.015
1.87	0.015
1.88	0.015
1.89	0.015
1.9	0.015
1.91	0.015
1.92	0.015
1.93	0.015
1.94	0.014
1.95	0.014
1.96	0.014
1.97	0.014
1.98	0.014
1.99	0.014
2	0.014
2.01	0.014
2.02	0.014
2.03	0.013
2.04	0.013
2.05	0.013
2.06	0.013
2.07	0.013
2.08	0.013
2.09	0.013
2.1	0.013
2.11	0.013
2.12	0.013
2.13	0.012
2.14	0.012
2.15	0.012
2.16	0.012
2.17	0.012
2.18	0.012
2.19	0.012
2.2	0.012
2.21	0.012
2.22	0.012
2.23	0.011
2.24	0.011
2.25	0.011
2.26	0.011
2.27	0.011
2.28	0.011
2.29	0.011
2.3	0.011
2.31	0.011
2.32	0.011
2.33	0.011
2.34	0.011
2.35	0.011
2.36	0.010
2.37	0.010
2.38	0.010
2.39	0.010
2.4	0.010
2.41	0.010
2.42	0.010
2.43	0.010
2.44	0.010
2.45	0.010
2.46	0.010
2.47	0.010
2.48	0.010
2.49	0.010
2.5	0.010
2.51	0.010
2.52	0.009
2.53	0.009
2.54	0.010
2.55	0.009
2.56	0.009
2.57	0.009
2.58	0.009
2.59	0.009
2.6	0.009
2.61	0.009
2.62	0.010
2.63	0.010
2.64	0.009
2.65	0.009
2.66	0.009
2.67	0.010
2.68	0.009
2.69	0.009
2.7	0.009
2.71	0.009
2.72	0.008
2.73	0.008
2.74	0.008
2.75	0.008
2.76	0.008
2.77	0.008
2.78	0.007
2.79	0.009
2.8	0.009
2.81	0.013
2.82	0.018
2.83	0.027
2.84	0.035
2.85	0.049
2.86	0.075
2.87	0.096
2.88	0.118
2.89	0.135
2.9	0.147
2.91	0.164
2.92	0.181
2.93	0.206
2.94	0.239
2.95	0.273
2.96	0.314
2.97	0.356
2.98	0.396
2.99	0.454
3	0.499
3.01	0.564
3.02	0.612
3.03	0.668
3.04	0.703
3.05	0.721
3.06	0.747
3.07	0.745
3.08	0.759
3.09	0.744
3.1	0.722
3.11	0.711
3.12	0.697
3.13	0.659
3.14	0.629
3.15	0.591
3.16	0.553
3.17	0.519
3.18	0.470
3.19	0.430
3.2	0.389
3.21	0.352
3.22	0.316
3.23	0.276
3.24	0.248
3.25	0.224
3.26	0.193
3.27	0.169
3.28	0.149
3.29	0.130
3.3	0.114
3.31	0.103
3.32	0.095
3.33	0.091
3.34	0.120
3.35	0.221
3.36	0.453
3.37	0.436
3.38	0.205
3.39	0.145
3.4	0.170
3.41	0.203
3.42	0.220
3.43	0.216
3.44	0.223
3.45	0.244
3.46	0.247
3.47	0.228
3.48	0.228
3.49	0.209
3.5	0.183
3.51	0.161
3.52	0.136
3.53	0.114
3.54	0.092
3.55	0.081
3.56	0.074
3.57	0.063
3.58	0.056
3.59	0.053
3.6	0.052
3.61	0.056
3.62	0.059
3.63	0.062
3.64	0.062
3.65	0.059
3.66	0.052
3.67	0.048
3.68	0.041
3.69	0.034
3.7	0.034
3.71	0.030
3.72	0.027
3.73	0.024
3.74	0.020
3.75	0.020
3.76	0.020
3.77	0.020
3.78	0.020
3.79	0.017
3.8	0.020
3.81	0.016
3.82	0.016
3.83	0.016
3.84	0.016
3.85	0.016
3.86	0.016
3.87	0.016
3.88	0.016
3.89	0.016
3.9	0.016
3.91	0.019
3.92	0.019
3.93	0.019
3.94	0.019
3.95	0.016
3.96	0.016
3.97	0.016
3.98	0.016
3.99	0.016
4	0.016
4.01	0.013
4.02	0.013
4.03	0.009
4.04	0.009
4.05	0.006
4.06	0.006
4.07	0.006
4.08	0.003
4.09	0.003
4.1	0.003
4.11	0.006
4.12	0.006
4.13	0.006
4.14	0.009
4.15	0.006
4.16	0.006
4.17	0.006
4.18	0.006
4.19	0.006
4.2	0.006
4.21	0.006
4.22	0.006
4.23	0.009
4.24	0.009
4.25	0.009
4.26	0.009
4.27	0.056
4.28	0.135
4.29	0.012
4.3	0.006
4.31	0.006
4.32	0.006
4.33	0.006
4.34	0.006
4.35	0.006
4.36	0.006
4.37	0.006
4.38	0.006
4.39	0.006
4.4	0.009
4.41	0.006
4.42	0.009
4.43	0.009
4.44	0.008
4.45	0.008
4.46	0.008
4.47	0.008
4.48	0.008
4.49	0.008
4.5	0.008
4.51	0.008
4.52	0.008
4.53	0.008
4.54	0.006
4.55	0.006
4.56	0.006
4.57	0.005
4.58	0.005
4.59	0.005
4.6	0.005
4.61	0.005
4.62	0.003
4.63	0.003
4.64	0.003
4.65	0.003
4.66	0.003
4.67	0.003
4.68	0.003
4.69	0.003
4.7	0.003
4.71	0.003
4.72	0.000
4.73	0.000
4.74	0.000
4.75	0.000
4.76	0.000
4.77	0.000
4.78	0.000
4.79	0.000
4.8	0.000
4.81	0.000
4.82	0.000
4.83	0.000
4.84	0.000
4.85	0.000
4.86	0.000
4.87	0.000
4.88	0.000
4.89	0.000
4.9	0.000
4.91	0.000
4.92	0.000
4.93	0.000
4.94	0.000
4.95	0.000
4.96	0.000
4.97	0.000
4.98	0.000
4.99	0.000
5	0.000
