###   Wavelength (A)        Transmission
    5.5054998779E+03    1.6329522047E-09
    5.5154998779E+03    1.8932775238E-09
    5.5254998779E+03    2.2530149944E-09
    5.5354998779E+03    1.0673065939E-09
    5.5454998779E+03    2.0783554612E-09
    5.5554998779E+03    3.4916811291E-09
    5.5654998779E+03    3.3991841533E-09
    5.5754998779E+03    3.9432197644E-09
    5.5854998779E+03    2.0486463889E-09
    5.5954998779E+03    8.3070073572E-10
    5.6054998779E+03    1.4161026415E-09
    5.6154998779E+03    2.9247767125E-09
    5.6254998779E+03    1.8424000779E-09
    5.6354998779E+03    2.8335394446E-09
    5.6454998779E+03    1.1849142853E-09
    5.6554998779E+03    2.3528817162E-09
    5.6654998779E+03    4.4446326597E-09
    5.6754998779E+03    1.5809833124E-09
    5.6854998779E+03    2.6263032761E-09
    5.6954998779E+03    1.1493547565E-09
    5.7054998779E+03    1.6643499310E-09
    5.7154998779E+03    4.4825678958E-09
    5.7254998779E+03    5.9656803862E-09
    5.7354998779E+03    9.2289258438E-09
    5.7454998779E+03    5.6788317285E-09
    5.7554998779E+03    2.2347979164E-09
    5.7654998779E+03    5.4425274367E-09
    5.7754998779E+03    2.6618763739E-09
    5.7854998779E+03    1.0308180942E-09
    5.7954998779E+03    3.4965963860E-09
    5.8054998779E+03    4.1126526181E-09
    5.8154998779E+03    2.1869347046E-09
    5.8254998779E+03    1.0204759521E-08
    5.8354998779E+03    8.3526476178E-09
    5.8454998779E+03    4.8538162725E-09
    5.8554998779E+03    6.4190457201E-09
    5.8654998779E+03    1.2447523380E-08
    5.8754998779E+03    9.9706575416E-09
    5.8854998779E+03    1.7747687108E-08
    5.8954998779E+03    5.3908172755E-09
    5.9054998779E+03    5.2013170548E-09
    5.9154998779E+03    2.6559733873E-08
    5.9254998779E+03    9.0897719315E-09
    5.9354998779E+03    1.5403431717E-08
    5.9454998779E+03    3.9602749947E-09
    5.9554998779E+03    1.7360063627E-08
    5.9654998779E+03    1.2751323519E-08
    5.9754998779E+03    5.9474860172E-09
    5.9854998779E+03    1.7173640292E-08
    5.9954998779E+03    2.1999258508E-08
    6.0054998779E+03    1.8086541980E-08
    6.0154998779E+03    1.7116243956E-08
    6.0254998779E+03    2.2494416717E-08
    6.0354998779E+03    2.2496085216E-08
    6.0454998779E+03    1.0529644057E-08
    6.0554998779E+03    1.1981178713E-08
    6.0654998779E+03    6.4734460123E-09
    6.0754998779E+03    2.8734872690E-08
    6.0854998779E+03    6.1701022410E-09
    6.0954998779E+03    2.1891846165E-08
    6.1054998779E+03    1.9172109972E-08
    6.1154998779E+03    4.3088726851E-08
    6.1254998779E+03    2.2809397172E-08
    6.1354998779E+03    1.7092991416E-08
    6.1454998779E+03    2.1733123677E-08
    6.1554998779E+03    3.6316113652E-09
    6.1654998779E+03    3.5440062936E-09
    6.1754998779E+03    7.7470417372E-09
    6.1854998779E+03    2.4905200803E-08
    6.1954998779E+03    3.7031969691E-08
    6.2054998779E+03    1.0474723508E-08
    6.2154998779E+03    2.0361256824E-08
    6.2254998779E+03    1.0751417950E-09
    6.2354998779E+03    8.2629409079E-09
    6.2454998779E+03    2.8237165965E-08
    6.2554998779E+03    1.3342605206E-08
    6.2654998779E+03    2.1798811769E-08
    6.2754998779E+03    1.4556754650E-08
    6.2854998779E+03    2.5485329298E-08
    6.2954998779E+03    3.7710248323E-08
    6.3054998779E+03    3.1653501224E-08
    6.3154998779E+03    3.9483277937E-08
    6.3254998779E+03    5.0389380414E-08
    6.3354998779E+03    4.2670379735E-08
    6.3454998779E+03    1.5461347165E-08
    6.3554998779E+03    1.3206266080E-08
    6.3654998779E+03    4.2801709837E-08
    6.3754998779E+03    5.0027475480E-08
    6.3854998779E+03    4.3041725487E-08
    6.3954998779E+03    3.5417030676E-08
    6.4054998779E+03    4.3535506307E-08
    6.4154998779E+03    3.2675565866E-08
    6.4254998779E+03    4.5725180866E-08
    6.4354998779E+03    1.4164934016E-08
    6.4454998779E+03    2.3676171308E-08
    6.4554998779E+03    3.4902919418E-08
    6.4654998779E+03    4.5663174581E-08
    6.4754998779E+03    7.5631139498E-08
    6.4854998779E+03    6.6688092555E-08
    6.4954998779E+03    6.1579892394E-08
    6.5054998779E+03    5.2314971460E-08
    6.5154998779E+03    5.4445193405E-08
    6.5254998779E+03    5.3143815226E-08
    6.5354998779E+03    5.9973162950E-08
    6.5454998779E+03    5.5677917019E-08
    6.5554998779E+03    6.5240617787E-08
    6.5654998779E+03    5.6668947302E-08
    6.5754998779E+03    5.9463244665E-08
    6.5854998779E+03    6.8032586933E-08
    6.5954998779E+03    7.1105522909E-08
    6.6054998779E+03    8.2150457126E-08
    6.6154998779E+03    6.1017362699E-08
    6.6254998779E+03    6.4708257674E-08
    6.6354998779E+03    7.1354163163E-08
    6.6454998779E+03    8.4033402565E-08
    6.6554998779E+03    8.5406200180E-08
    6.6654998779E+03    1.0511297872E-07
    6.6754998779E+03    1.0104493049E-07
    6.6854998779E+03    7.7969466908E-08
    6.6954998779E+03    1.0023886740E-07
    6.7054998779E+03    9.9200409227E-08
    6.7154998779E+03    1.1912045820E-07
    6.7254998779E+03    1.1656120702E-07
    6.7354998779E+03    1.2204102448E-07
    6.7454998779E+03    1.2566218848E-07
    6.7554998779E+03    1.0191748998E-07
    6.7654998779E+03    1.1339715415E-07
    6.7754998779E+03    9.5368004527E-08
    6.7854998779E+03    1.3390491336E-07
    6.7954998779E+03    1.5460607942E-07
    6.8054998779E+03    9.6076655636E-08
    6.8154998779E+03    1.2229256292E-07
    6.8254998779E+03    1.3663598995E-07
    6.8354998779E+03    1.7970700884E-07
    6.8454998779E+03    1.7412220701E-07
    6.8554998779E+03    1.8551915794E-07
    6.8654998779E+03    1.7627508090E-07
    6.8754998779E+03    2.4501331183E-07
    6.8854998779E+03    1.9159549126E-07
    6.8954998779E+03    1.9603797169E-07
    6.9054998779E+03    1.9192384955E-07
    6.9154998779E+03    1.9694702197E-07
    6.9254998779E+03    2.0393789094E-07
    6.9354998779E+03    2.1268212472E-07
    6.9454998779E+03    2.3578015709E-07
    6.9554998779E+03    2.1049113188E-07
    6.9654998779E+03    2.1612191050E-07
    6.9754998779E+03    2.0791521704E-07
    6.9854998779E+03    1.9810693914E-07
    6.9954998779E+03    2.1673656693E-07
    7.0054998779E+03    2.5962368870E-07
    7.0154998779E+03    2.4369458605E-07
    7.0254998779E+03    2.3470264643E-07
    7.0354998779E+03    2.2362685601E-07
    7.0454998779E+03    2.2325692023E-07
    7.0554998779E+03    1.8477733364E-07
    7.0654998779E+03    2.2617242062E-07
    7.0754998779E+03    1.9986706096E-07
    7.0854998779E+03    2.2753672088E-07
    7.0954998779E+03    2.6933731176E-07
    7.1054998779E+03    2.3308985063E-07
    7.1154998779E+03    2.6071551280E-07
    7.1254998779E+03    2.8092226716E-07
    7.1354998779E+03    2.9006022413E-07
    7.1454998779E+03    3.0902276845E-07
    7.1554998779E+03    3.2001109419E-07
    7.1654998779E+03    2.8988187399E-07
    7.1754998779E+03    3.0801851645E-07
    7.1854998779E+03    3.0030311278E-07
    7.1954998779E+03    3.3231684798E-07
    7.2054998779E+03    2.6311150311E-07
    7.2154998779E+03    3.0089310789E-07
    7.2254998779E+03    3.2958685186E-07
    7.2354998779E+03    3.3725453787E-07
    7.2454998779E+03    3.5008146295E-07
    7.2554998779E+03    3.5684559305E-07
    7.2654998779E+03    3.3621902251E-07
    7.2754998779E+03    3.4587889258E-07
    7.2854998779E+03    2.8820817715E-07
    7.2954998779E+03    3.1977837024E-07
    7.3054998779E+03    3.1196392633E-07
    7.3154998779E+03    2.8247086174E-07
    7.3254998779E+03    3.1203603928E-07
    7.3354998779E+03    2.7785727341E-07
    7.3454998779E+03    2.9299143960E-07
    7.3554998779E+03    3.0462832417E-07
    7.3654998779E+03    2.8425254310E-07
    7.3754998779E+03    3.1702561975E-07
    7.3854998779E+03    2.9116768881E-07
    7.3954998779E+03    3.2488917942E-07
    7.4054998779E+03    3.3203283065E-07
    7.4154998779E+03    3.4182852010E-07
    7.4254998779E+03    3.0968543490E-07
    7.4354998779E+03    3.5637460167E-07
    7.4454998779E+03    3.5752655434E-07
    7.4554998779E+03    3.6788237293E-07
    7.4654998779E+03    3.3195082765E-07
    7.4754998779E+03    3.7650447129E-07
    7.4854998779E+03    3.6059395497E-07
    7.4954998779E+03    4.1525118447E-07
    7.5054998779E+03    3.8996397612E-07
    7.5154998779E+03    4.1329577359E-07
    7.5254998779E+03    4.0530378004E-07
    7.5354998779E+03    4.7529064997E-07
    7.5454998779E+03    3.7778461390E-07
    7.5554998779E+03    4.6843203723E-07
    7.5654998779E+03    4.2437974673E-07
    7.5754998779E+03    4.8113280506E-07
    7.5854998779E+03    5.2342887002E-07
    7.5954998779E+03    4.6054027878E-07
    7.6054998779E+03    4.7501592177E-07
    7.6154998779E+03    4.8711474745E-07
    7.6254998779E+03    5.9097366145E-07
    7.6354998779E+03    5.3765595008E-07
    7.6454998779E+03    5.2177712841E-07
    7.6554998779E+03    5.6686652684E-07
    7.6654998779E+03    6.0851165479E-07
    7.6754998779E+03    6.0878147342E-07
    7.6854998779E+03    5.7288120473E-07
    7.6954998779E+03    6.8567936137E-07
    7.7054998779E+03    6.7692853339E-07
    7.7154998779E+03    7.2207448210E-07
    7.7254998779E+03    6.7115335265E-07
    7.7354998779E+03    7.1095513596E-07
    7.7454998779E+03    7.4363225864E-07
    7.7554998779E+03    8.1655214296E-07
    7.7654998779E+03    9.0004808167E-07
    7.7754998779E+03    9.0248006207E-07
    7.7854998779E+03    1.1010214982E-06
    7.7954998779E+03    1.3432089281E-06
    7.8054998779E+03    2.0815334030E-06
    7.8154998779E+03    3.4694181888E-06
    7.8254998779E+03    6.7531461576E-06
    7.8354998779E+03    1.5104680457E-05
    7.8454998779E+03    3.4882984270E-05
    7.8554998779E+03    8.1989414937E-05
    7.8654998779E+03    1.9831926636E-04
    7.8754998779E+03    5.1448520920E-04
    7.8854998779E+03    1.3908686614E-03
    7.8954998779E+03    3.7500781341E-03
    7.9054998779E+03    9.5595858869E-03
    7.9154998779E+03    2.1481314898E-02
    7.9254998779E+03    4.1415671195E-02
    7.9354998779E+03    6.9265392553E-02
    7.9454998779E+03    1.0224360849E-01
    7.9554998779E+03    1.3605628276E-01
    7.9654998779E+03    1.6731694939E-01
    7.9754998779E+03    1.9437371224E-01
    7.9854998779E+03    2.1571288650E-01
    7.9954998779E+03    2.3049330210E-01
    8.0054998779E+03    2.4085070649E-01
    8.0154998779E+03    2.4698177309E-01
    8.0254998779E+03    2.5149524637E-01
    8.0354998779E+03    2.5576695537E-01
    8.0454998779E+03    2.6121498971E-01
    8.0554998779E+03    2.6441373975E-01
    8.0654998779E+03    2.6449912701E-01
    8.0754998779E+03    2.6002508947E-01
    8.0854998779E+03    2.5318932742E-01
    8.0954998779E+03    2.4656525238E-01
    8.1054998779E+03    2.4348762199E-01
    8.1154998779E+03    2.4325556138E-01
    8.1254998779E+03    2.4487811936E-01
    8.1354998779E+03    2.4543240893E-01
    8.1454998779E+03    2.4519122469E-01
    8.1554998779E+03    2.4223109224E-01
    8.1654998779E+03    2.3947534705E-01
    8.1754998779E+03    2.4054268631E-01
    8.1854998779E+03    2.4674156414E-01
    8.1954998779E+03    2.5429966302E-01
    8.2054998779E+03    2.6470688019E-01
    8.2154998779E+03    2.7192340861E-01
    8.2254998779E+03    2.7754512337E-01
    8.2354998779E+03    2.7979502445E-01
    8.2454998779E+03    2.7993014726E-01
    8.2554998779E+03    2.7647079863E-01
    8.2654998779E+03    2.7209107966E-01
    8.2754998779E+03    2.7027692523E-01
    8.2854998779E+03    2.6994877762E-01
    8.2954998779E+03    2.7127081049E-01
    8.3054998779E+03    2.7367094990E-01
    8.3154998779E+03    2.7424135090E-01
    8.3254998779E+03    2.7291445182E-01
    8.3354998779E+03    2.6971750956E-01
    8.3454998779E+03    2.6607460240E-01
    8.3554998779E+03    2.6341059511E-01
    8.3654998779E+03    2.6236851561E-01
    8.3754998779E+03    2.6295790517E-01
    8.3854998779E+03    2.6507126027E-01
    8.3954998779E+03    2.6734394409E-01
    8.4054998779E+03    2.6945308499E-01
    8.4154998779E+03    2.7077909250E-01
    8.4254998779E+03    2.7381938461E-01
    8.4354998779E+03    2.7672729607E-01
    8.4454998779E+03    2.7942843827E-01
    8.4554998779E+03    2.8232761944E-01
    8.4654998779E+03    2.8419471162E-01
    8.4754998779E+03    2.8401324226E-01
    8.4854998779E+03    2.8458887356E-01
    8.4954998779E+03    2.8666999981E-01
    8.5054998779E+03    2.8783934466E-01
    8.5154998779E+03    2.8930693070E-01
    8.5254998779E+03    2.8773541181E-01
    8.5354998779E+03    2.8651983599E-01
    8.5454998779E+03    2.8418459577E-01
    8.5554998779E+03    2.8141405950E-01
    8.5654998779E+03    2.7938492567E-01
    8.5754998779E+03    2.7772915445E-01
    8.5854998779E+03    2.7685645853E-01
    8.5954998779E+03    2.7415322965E-01
    8.6054998779E+03    2.7264220268E-01
    8.6154998779E+03    2.7108409246E-01
    8.6254998779E+03    2.6877028352E-01
    8.6354998779E+03    2.6908211369E-01
    8.6454998779E+03    2.7184982172E-01
    8.6554998779E+03    2.7312182840E-01
    8.6654998779E+03    2.7748616554E-01
    8.6754998779E+03    2.8250619347E-01
    8.6854998779E+03    2.8582584544E-01
    8.6954998779E+03    2.8894611873E-01
    8.7054998779E+03    2.9366220231E-01
    8.7154998779E+03    2.9546433096E-01
    8.7254998779E+03    2.9802956009E-01
    8.7354998779E+03    2.9852808685E-01
    8.7454998779E+03    2.9774846162E-01
    8.7554998779E+03    2.9407330232E-01
    8.7654998779E+03    2.9229600623E-01
    8.7754998779E+03    2.9170078160E-01
    8.7854998779E+03    2.8841289117E-01
    8.7954998779E+03    2.8271411223E-01
    8.8054998779E+03    2.8314911188E-01
    8.8154998779E+03    2.8113047876E-01
    8.8254998779E+03    2.7786802045E-01
    8.8354998779E+03    2.7865694314E-01
    8.8454998779E+03    2.7537680513E-01
    8.8554998779E+03    2.6867553476E-01
    8.8654998779E+03    2.6538480014E-01
    8.8754998779E+03    2.6529307434E-01
    8.8854998779E+03    2.7366477627E-01
    8.8954998779E+03    2.7177626452E-01
    8.9054998779E+03    2.8011317234E-01
    8.9154998779E+03    2.8933066256E-01
    8.9254998779E+03    2.9513878673E-01
    8.9354998779E+03    2.9760544516E-01
    8.9454998779E+03    2.9930836921E-01
    8.9554998779E+03    3.0217327270E-01
    8.9654998779E+03    3.0467500196E-01
    8.9754998779E+03    2.9845885319E-01
    8.9854998779E+03    2.9588806175E-01
    8.9954998779E+03    2.9506906352E-01
    9.0054998779E+03    2.9141789364E-01
    9.0154998779E+03    2.8736310511E-01
    9.0254998779E+03    2.8415654364E-01
    9.0354998779E+03    2.8018545152E-01
    9.0454998779E+03    2.7650709958E-01
    9.0554998779E+03    2.7468055746E-01
    9.0654998779E+03    2.7205797684E-01
    9.0754998779E+03    2.7028229746E-01
    9.0854998779E+03    2.7085969657E-01
    9.0954998779E+03    2.7215161143E-01
    9.1054998779E+03    2.7624835405E-01
    9.1154998779E+03    2.7894788633E-01
    9.1254998779E+03    2.8283917986E-01
    9.1354998779E+03    2.8963404477E-01
    9.1454998779E+03    2.9261789472E-01
    9.1554998779E+03    2.9879665617E-01
    9.1654998779E+03    3.0519798100E-01
    9.1754998779E+03    3.0893608816E-01
    9.1854998779E+03    3.1253577750E-01
    9.1954998779E+03    3.1415659974E-01
    9.2054998779E+03    3.1452891619E-01
    9.2154998779E+03    3.1635451037E-01
    9.2254998779E+03    3.1486148723E-01
    9.2354998779E+03    3.1329959854E-01
    9.2454998779E+03    3.0916945797E-01
    9.2554998779E+03    3.0678229745E-01
    9.2654998779E+03    3.0413612554E-01
    9.2754998779E+03    3.0087812579E-01
    9.2854998779E+03    2.9738258067E-01
    9.2954998779E+03    2.9643060690E-01
    9.3054998779E+03    2.9457266113E-01
    9.3154998779E+03    2.9424540780E-01
    9.3254998779E+03    2.9353627897E-01
    9.3354998779E+03    2.9271456839E-01
    9.3454998779E+03    2.9212982949E-01
    9.3554998779E+03    2.9173060490E-01
    9.3654998779E+03    2.9085993034E-01
    9.3754998779E+03    2.9142394277E-01
    9.3854998779E+03    2.9141698085E-01
    9.3954998779E+03    2.9296311777E-01
    9.4054998779E+03    2.9692764740E-01
    9.4154998779E+03    3.0032237336E-01
    9.4254998779E+03    3.0474277679E-01
    9.4354998779E+03    3.0778273497E-01
    9.4454998779E+03    3.1243706010E-01
    9.4554998779E+03    3.1422032187E-01
    9.4654998779E+03    3.1667085829E-01
    9.4754998779E+03    3.1552470354E-01
    9.4854998779E+03    3.1314790688E-01
    9.4954998779E+03    3.1145269140E-01
    9.5054998779E+03    3.0940270056E-01
    9.5154998779E+03    3.0727307514E-01
    9.5254998779E+03    3.0349166830E-01
    9.5354998779E+03    3.0162103481E-01
    9.5454998779E+03    2.9818271707E-01
    9.5554998779E+03    2.9697840227E-01
    9.5654998779E+03    2.9542858881E-01
    9.5754998779E+03    2.9437400561E-01
    9.5854998779E+03    2.9445579163E-01
    9.5954998779E+03    2.9648647565E-01
    9.6054998779E+03    2.9727989055E-01
    9.6154998779E+03    2.9942107828E-01
    9.6254998779E+03    3.0325771303E-01
    9.6354998779E+03    3.0737752788E-01
    9.6454998779E+03    3.1129691520E-01
    9.6554998779E+03    3.1482067818E-01
    9.6654998779E+03    3.1766971256E-01
    9.6754998779E+03    3.1905799947E-01
    9.6854998779E+03    3.2093481707E-01
    9.6954998779E+03    3.2317232052E-01
    9.7054998779E+03    3.2107207903E-01
    9.7154998779E+03    3.2050584631E-01
    9.7254998779E+03    3.1946790421E-01
    9.7354998779E+03    3.1810573033E-01
    9.7454998779E+03    3.1615766629E-01
    9.7554998779E+03    3.1542871324E-01
    9.7654998779E+03    3.1240008185E-01
    9.7754998779E+03    3.0999886200E-01
    9.7854998779E+03    3.0574502135E-01
    9.7954998779E+03    3.0347994920E-01
    9.8054998779E+03    3.0041802262E-01
    9.8154998779E+03    2.9963141276E-01
    9.8254998779E+03    3.0101494604E-01
    9.8354998779E+03    3.0362335269E-01
    9.8454998779E+03    3.0733913115E-01
    9.8554998779E+03    3.1268296122E-01
    9.8654998779E+03    3.1655669761E-01
    9.8754998779E+03    3.2065216874E-01
    9.8854998779E+03    3.2171495036E-01
    9.8954998779E+03    3.2359271890E-01
    9.9054998779E+03    3.2271394680E-01
    9.9154998779E+03    3.2245427855E-01
    9.9254998779E+03    3.2145244403E-01
    9.9354998779E+03    3.1960306830E-01
    9.9454998779E+03    3.1657995763E-01
    9.9554998779E+03    3.1812089394E-01
    9.9654998779E+03    3.1689136458E-01
    9.9754998779E+03    3.1773674093E-01
    9.9854998779E+03    3.1847346526E-01
    9.9954998779E+03    3.1835281972E-01
    1.0005499878E+04    3.1503782042E-01
    1.0015499878E+04    3.0126452764E-01
    1.0025499878E+04    2.7574864463E-01
    1.0035499878E+04    2.3754948189E-01
    1.0045499878E+04    1.9048612250E-01
    1.0055499878E+04    1.5123639793E-01
    1.0065499878E+04    1.2260269719E-01
    1.0075499878E+04    9.8337248055E-02
    1.0085499878E+04    7.9877569749E-02
    1.0095499878E+04    6.4117084361E-02
    1.0105499878E+04    5.4892567024E-02
    1.0115499878E+04    4.4353343900E-02
    1.0125499878E+04    3.9691726809E-02
    1.0135499878E+04    3.3572129554E-02
    1.0145499878E+04    2.9385735682E-02
    1.0155499878E+04    2.4682885883E-02
    1.0165499878E+04    2.2662084221E-02
    1.0175499878E+04    1.9462447431E-02
    1.0185499878E+04    1.7092152088E-02
    1.0195499878E+04    1.4255634717E-02
    1.0205499878E+04    1.1109268467E-02
    1.0215499878E+04    8.2949869700E-03
    1.0225499878E+04    6.1483268010E-03
    1.0235499878E+04    4.3383262729E-03
    1.0245500488E+04    3.0174372538E-03
    1.0255500488E+04    2.0891916594E-03
    1.0265500488E+04    1.4539750567E-03
    1.0275500488E+04    1.0052410886E-03
    1.0285500488E+04    7.1656023567E-04
    1.0295500488E+04    5.1414354162E-04
    1.0305500488E+04    3.6937394828E-04
    1.0315500488E+04    2.7269829047E-04
    1.0325500488E+04    2.0314304225E-04
    1.0335500488E+04    1.5181955628E-04
    1.0345500488E+04    1.1530917368E-04
    1.0355500488E+04    8.8393943700E-05
    1.0365500488E+04    6.8643071505E-05
    1.0375500488E+04    5.3694571183E-05
    1.0385500488E+04    4.2573727822E-05
    1.0395500488E+04    3.5473962621E-05
    1.0405500488E+04    2.8687453736E-05
    1.0415500488E+04    2.3414922961E-05
    1.0425500488E+04    1.9229141959E-05
    1.0435500488E+04    1.6436073187E-05
    1.0445500488E+04    1.4149465644E-05
    1.0455500488E+04    1.2339833381E-05
    1.0465500488E+04    1.0969322155E-05
    1.0475500488E+04    1.0172366962E-05
    1.0485500488E+04    8.7818752939E-06
    1.0495500488E+04    7.7966111852E-06
    1.0505500488E+04    7.4519828638E-06
    1.0515500488E+04    6.9089732262E-06
    1.0525500488E+04    6.4791750235E-06
    1.0535500488E+04    5.9919585546E-06
    1.0545500488E+04    5.4508265268E-06
    1.0555500488E+04    5.2743396674E-06
    1.0565500488E+04    5.3268826662E-06
    1.0575500488E+04    5.0035618754E-06
    1.0585500488E+04    5.0287143298E-06
    1.0595500488E+04    4.7863905979E-06
    1.0605500488E+04    4.6198383482E-06
    1.0615500488E+04    4.1736200506E-06
    1.0625500488E+04    4.9737097961E-06
    1.0635500488E+04    4.0404930177E-06
    1.0645500488E+04    4.2399849833E-06
    1.0655500488E+04    3.6659651823E-06
    1.0665500488E+04    4.5619236106E-06
    1.0675500488E+04    4.3388469225E-06
    1.0685500488E+04    3.6992546093E-06
    1.0695500488E+04    3.4258041682E-06
    1.0705500488E+04    4.0072416487E-06
    1.0715500488E+04    3.7036631030E-06
    1.0725500488E+04    3.5070554005E-06
    1.0735500488E+04    3.9251588495E-06
    1.0745500488E+04    4.3357776574E-06
    1.0755500488E+04    3.3446527795E-06
    1.0765500488E+04    4.0215024243E-06
    1.0775500488E+04    3.7170667935E-06
    1.0785500488E+04    3.8120455578E-06
    1.0795500488E+04    4.0067366832E-06
    1.0805500488E+04    4.2641295929E-06
    1.0815500488E+04    4.4936816685E-06
    1.0825500488E+04    3.6512569554E-06
    1.0835500488E+04    3.8149986447E-06
    1.0845500488E+04    4.3347504360E-06
    1.0855500488E+04    3.7497199908E-06
    1.0865500488E+04    3.9679220270E-06
    1.0875500488E+04    3.8235822654E-06
    1.0885500488E+04    3.3598382612E-06
    1.0895500488E+04    3.6617580301E-06
    1.0905500488E+04    3.7248038893E-06
    1.0915500488E+04    3.4171656654E-06
    1.0925500488E+04    3.4119174098E-06
    1.0935500488E+04    3.7113686709E-06
    1.0945500488E+04    3.6977384336E-06
    1.0955500488E+04    3.6060533331E-06
    1.0965500488E+04    3.9330339401E-06
    1.0975500488E+04    3.8850065215E-06
    1.0985500488E+04    3.7825285371E-06
    1.0995500488E+04    3.5251393639E-06
    1.1005500488E+04    3.0607410840E-06
    1.1015500488E+04    3.5803350423E-06
    1.1025500488E+04    3.6118586417E-06
    1.1035500488E+04    3.1193625943E-06
    1.1045500488E+04    3.7617090049E-06
    1.1055500488E+04    3.5616059216E-06
    1.1065500488E+04    3.6267629546E-06
    1.1075500488E+04    3.2933429793E-06
    1.1085500488E+04    3.6848107976E-06
    1.1095500488E+04    3.5234886775E-06
    1.1105500488E+04    3.5588107248E-06
    1.1115500488E+04    3.1393540538E-06
    1.1125500488E+04    3.9642628052E-06
    1.1135500488E+04    4.0158854463E-06
    1.1145500488E+04    3.4995797369E-06
    1.1155500488E+04    3.6721981773E-06
    1.1165500488E+04    3.6241664872E-06
    1.1175500488E+04    3.6754162619E-06
    1.1185500488E+04    3.4741452468E-06
    1.1195500488E+04    3.8379830128E-06
    1.1205500488E+04    3.9285995803E-06
    1.1215500488E+04    3.8658618320E-06
    1.1225500488E+04    3.8397099479E-06
    1.1235500488E+04    3.6782621989E-06
    1.1245500488E+04    3.5218588882E-06
    1.1255500488E+04    3.7330400523E-06
    1.1265500488E+04    3.3007080141E-06
    1.1275500488E+04    3.3762004544E-06
    1.1285500488E+04    3.9558628544E-06
    1.1295500488E+04    4.2969554030E-06
    1.1305500488E+04    3.6174093985E-06
    1.1315500488E+04    3.7560126129E-06
    1.1325500488E+04    3.7397287056E-06
    1.1335500488E+04    3.4495504758E-06
    1.1345500488E+04    4.5279994534E-06
    1.1355500488E+04    4.1957257234E-06
    1.1365500488E+04    3.5422286541E-06
    1.1375500488E+04    3.6665313886E-06
    1.1385500488E+04    3.7524724607E-06
    1.1395500488E+04    3.7947508184E-06
    1.1405500488E+04    4.0916714744E-06
    1.1415500488E+04    3.4375908473E-06
    1.1425500488E+04    4.1184281507E-06
    1.1435500488E+04    3.6142176745E-06
    1.1445500488E+04    3.9219837724E-06
    1.1455500488E+04    3.6551162228E-06
    1.1465500488E+04    3.4710383454E-06
    1.1475500488E+04    3.8744207485E-06
    1.1485500488E+04    3.5081467147E-06
    1.1495500488E+04    3.5752010193E-06
    1.1505500488E+04    3.9939396913E-06
    1.1515500488E+04    3.9159916333E-06
    1.1525500488E+04    3.9880239247E-06
    1.1535500488E+04    4.1483925755E-06
    1.1545500488E+04    4.1376424999E-06
    1.1555500488E+04    4.2261974355E-06
    1.1565500488E+04    3.6195502040E-06
    1.1575500488E+04    3.9950750618E-06
    1.1585500488E+04    3.6438157293E-06
    1.1595500488E+04    3.7457332052E-06
    1.1605500488E+04    3.8510110319E-06
    1.1615500488E+04    4.1675557813E-06
    1.1625500488E+04    3.6819035547E-06
    1.1635500488E+04    3.4903186080E-06
    1.1645500488E+04    3.8865606748E-06
    1.1655500488E+04    4.0831091586E-06
    1.1665500488E+04    3.6129977470E-06
    1.1675500488E+04    3.4852931415E-06
    1.1685500488E+04    3.6624740830E-06
    1.1695500488E+04    3.3532374504E-06
    1.1705500488E+04    3.5420635396E-06
    1.1715500488E+04    3.7947074096E-06
    1.1725500488E+04    3.8532510083E-06
    1.1735500488E+04    3.7035328416E-06
    1.1745500488E+04    3.7404526752E-06
    1.1755500488E+04    3.5667196878E-06
    1.1765500488E+04    3.5573645130E-06
    1.1775500488E+04    3.6136727262E-06
    1.1785500488E+04    3.7367273337E-06
    1.1795500488E+04    3.3123905075E-06
    1.1805500488E+04    3.1901308656E-06
    1.1815500488E+04    3.6491712707E-06
    1.1825500488E+04    3.2540687547E-06
    1.1835500488E+04    3.6904055185E-06
    1.1845500488E+04    3.0059041596E-06
    1.1855500488E+04    3.6342269349E-06
    1.1865500488E+04    3.4815768612E-06
    1.1875500488E+04    3.1347059204E-06
    1.1885500488E+04    3.3048775222E-06
    1.1895500488E+04    3.7814123843E-06
    1.1905500488E+04    3.7293440837E-06
    1.1915500488E+04    3.4037339409E-06
    1.1925500488E+04    3.8043528675E-06
    1.1935500488E+04    3.5885508899E-06
    1.1945500488E+04    3.1182752474E-06
    1.1955500488E+04    3.7645965274E-06
    1.1965500488E+04    3.2467465051E-06
    1.1975500488E+04    3.3699457497E-06
    1.1985500488E+04    3.4808874011E-06
    1.1995500488E+04    3.5700077907E-06
    1.2005500488E+04    3.2289588356E-06
    1.2015500488E+04    3.4504298655E-06
    1.2025500488E+04    3.3389401002E-06
    1.2035500488E+04    3.4038444355E-06
    1.2045500488E+04    3.3787707623E-06
    1.2055500488E+04    3.3344884884E-06
    1.2065500488E+04    3.1150123486E-06
    1.2075500488E+04    3.0057253558E-06
    1.2085500488E+04    2.9547628700E-06
    1.2095500488E+04    3.2701668362E-06
    1.2105500488E+04    3.2585884674E-06
    1.2115500488E+04    3.3963494602E-06
    1.2125500488E+04    3.2920908739E-06
    1.2135500488E+04    3.5049493603E-06
    1.2145500488E+04    2.8610653995E-06
    1.2155500488E+04    3.4182928974E-06
    1.2165500488E+04    3.2380934725E-06
    1.2175500488E+04    3.2823526367E-06
    1.2185500488E+04    3.4708119612E-06
    1.2195500488E+04    3.3845674791E-06
    1.2205500488E+04    3.7120284997E-06
    1.2215500488E+04    3.7964825462E-06
    1.2225500488E+04    3.3719617376E-06
    1.2235500488E+04    3.1997497125E-06
    1.2245500488E+04    2.9148651200E-06
    1.2255500488E+04    3.4186273615E-06
    1.2265500488E+04    3.6189325133E-06
    1.2275500488E+04    3.6662551200E-06
    1.2285500488E+04    3.4585022513E-06
    1.2295500488E+04    3.7553610618E-06
    1.2305500488E+04    3.2558823163E-06
    1.2315500488E+04    3.3079298467E-06
    1.2325500488E+04    3.6184300400E-06
    1.2335500488E+04    3.2661449821E-06
    1.2345500488E+04    3.5330837331E-06
    1.2355500488E+04    3.4432626188E-06
    1.2365500488E+04    3.6863114911E-06
    1.2375500488E+04    3.3847502409E-06
    1.2385500488E+04    3.5346607020E-06
    1.2395500488E+04    3.4550196430E-06
    1.2405500488E+04    3.4779590719E-06
    1.2415500488E+04    3.8014744885E-06
    1.2425500488E+04    3.5858941820E-06
    1.2435500488E+04    3.3616605791E-06
    1.2445500488E+04    3.6697492006E-06
    1.2455500488E+04    3.7522814586E-06
    1.2465500488E+04    3.2613914718E-06
    1.2475500488E+04    3.3640863243E-06
    1.2485500488E+04    3.4650927426E-06
    1.2495500488E+04    3.7522080849E-06
    1.2505500488E+04    3.6292435568E-06
    1.2515500488E+04    3.3392711327E-06
    1.2525500488E+04    3.8452938693E-06
    1.2535500488E+04    3.3086102679E-06
    1.2545500488E+04    3.4689567262E-06
    1.2555500488E+04    3.5732273581E-06
    1.2565500488E+04    3.4035331876E-06
    1.2575500488E+04    3.6815209425E-06
    1.2585500488E+04    3.5230444879E-06
    1.2595500488E+04    3.4181164153E-06
    1.2605500488E+04    3.4778542207E-06
    1.2615500488E+04    3.3348469569E-06
    1.2625500488E+04    3.4591854937E-06
    1.2635500488E+04    3.7099218648E-06
    1.2645500488E+04    3.1240182297E-06
    1.2655500488E+04    3.5276070855E-06
    1.2665500488E+04    3.6162352574E-06
    1.2675500488E+04    3.1814328425E-06
    1.2685500488E+04    3.1729428889E-06
    1.2695500488E+04    3.6531862546E-06
    1.2705500488E+04    3.3857488275E-06
    1.2715500488E+04    3.4750491067E-06
    1.2725500488E+04    3.8313266320E-06
    1.2735500488E+04    4.0158165544E-06
    1.2745500488E+04    3.7462013290E-06
    1.2755500488E+04    4.0883714784E-06
    1.2765500488E+04    3.3282414666E-06
    1.2775500488E+04    3.7293261416E-06
    1.2785500488E+04    3.8968517926E-06
    1.2795500488E+04    4.2444291391E-06
    1.2805500488E+04    4.2602709496E-06
    1.2815500488E+04    4.3218050035E-06
    1.2825500488E+04    3.4529468903E-06
    1.2835500488E+04    4.3246945775E-06
    1.2845500488E+04    4.4738375622E-06
    1.2855500488E+04    4.2618497578E-06
    1.2865500488E+04    4.4337709157E-06
    1.2875500488E+04    4.4044415081E-06
    1.2885500488E+04    5.1208196697E-06
    1.2895500488E+04    4.8904809979E-06
    1.2905500488E+04    4.8074387951E-06
    1.2915500488E+04    4.8289045238E-06
    1.2925500488E+04    4.5879689319E-06
    1.2935500488E+04    4.9441202435E-06
    1.2945500488E+04    5.0075308269E-06
    1.2955500488E+04    4.8105300853E-06
    1.2965500488E+04    5.2633554486E-06
    1.2975500488E+04    5.3474461633E-06
    1.2985500488E+04    5.1228304224E-06
    1.2995500488E+04    5.1844502492E-06
    1.3005500488E+04    5.1444456453E-06
    1.3015500488E+04    5.2841600437E-06
    1.3025500488E+04    5.5842502567E-06
    1.3035500488E+04    5.1799635503E-06
    1.3045500488E+04    5.2214078949E-06
    1.3055500488E+04    5.0419231267E-06
    1.3065500488E+04    4.3392987631E-06
    1.3075500488E+04    5.2634844035E-06
    1.3085500488E+04    4.8319179516E-06
    1.3095500488E+04    5.2176612018E-06
    1.3105500488E+04    4.9715823380E-06
    1.3115500488E+04    5.0933764299E-06
    1.3125500488E+04    5.1969589044E-06
    1.3135500488E+04    4.6844258591E-06
    1.3145500488E+04    4.9913137329E-06
    1.3155500488E+04    4.7740156314E-06
    1.3165500488E+04    4.5956706726E-06
    1.3175500488E+04    4.9769686335E-06
    1.3185500488E+04    4.7125032789E-06
    1.3195500488E+04    4.6601879848E-06
    1.3205500488E+04    4.7317056028E-06
    1.3215500488E+04    4.9855710694E-06
    1.3225500488E+04    4.7721426083E-06
    1.3235500488E+04    4.4540490696E-06
    1.3245500488E+04    4.9343652822E-06
    1.3255500488E+04    5.2088794796E-06
    1.3265500488E+04    4.7302870258E-06
    1.3275500488E+04    4.6083055705E-06
    1.3285500488E+04    4.5937862860E-06
    1.3295500488E+04    4.7125994240E-06
    1.3305500488E+04    3.9522011218E-06
    1.3315500488E+04    4.7840612058E-06
    1.3325500488E+04    4.5339666298E-06
    1.3335500488E+04    4.8824082751E-06
    1.3345500488E+04    4.6329000392E-06
    1.3355500488E+04    5.0228454709E-06
    1.3365500488E+04    4.8387728932E-06
    1.3375500488E+04    4.8020164868E-06
    1.3385500488E+04    4.9090629301E-06
    1.3395500488E+04    5.0720897465E-06
    1.3405500488E+04    4.4791254504E-06
    1.3415500488E+04    4.5277082871E-06
    1.3425500488E+04    4.6288775104E-06
    1.3435500488E+04    5.1068271691E-06
    1.3445500488E+04    4.9828612330E-06
    1.3455500488E+04    4.6159323979E-06
    1.3465500488E+04    4.7757709809E-06
    1.3475500488E+04    5.0062598174E-06
    1.3485500488E+04    5.0969685429E-06
    1.3495500488E+04    4.7999852949E-06
    1.3505500488E+04    5.1282117427E-06
    1.3515500488E+04    5.0263221080E-06
    1.3525500488E+04    4.8432414073E-06
    1.3535500488E+04    4.9007106088E-06
    1.3545500488E+04    4.7073550051E-06
    1.3555500488E+04    5.6179326715E-06
    1.3565500488E+04    5.5005613379E-06
    1.3575500488E+04    5.1358106268E-06
    1.3585500488E+04    5.6969146552E-06
    1.3595500488E+04    5.0374954466E-06
    1.3605500488E+04    4.7782245413E-06
    1.3615500488E+04    4.4344075642E-06
    1.3625500488E+04    5.1221068988E-06
    1.3635500488E+04    5.2053174852E-06
    1.3645500488E+04    5.9807142068E-06
    1.3655500488E+04    4.6298649794E-06
    1.3665500488E+04    5.1837045624E-06
    1.3675500488E+04    5.8624268810E-06
    1.3685500488E+04    4.7747949175E-06
    1.3695500488E+04    5.3300806726E-06
    1.3705500488E+04    5.8257791859E-06
    1.3715500488E+04    4.5547200378E-06
    1.3725500488E+04    5.1978612044E-06
    1.3735500488E+04    5.2803378290E-06
    1.3745500488E+04    4.8145642840E-06
    1.3755500488E+04    5.8171191328E-06
    1.3765500488E+04    5.4481220624E-06
    1.3775500488E+04    6.2203189538E-06
    1.3785500488E+04    5.4551727063E-06
    1.3795500488E+04    6.5175324809E-06
    1.3805500488E+04    4.9051233313E-06
    1.3815500488E+04    5.6793144786E-06
    1.3825500488E+04    5.3514247500E-06
    1.3835500488E+04    5.4966605009E-06
    1.3845500488E+04    5.2746434734E-06
    1.3855500488E+04    4.5707837542E-06
    1.3865500488E+04    5.3824796429E-06
    1.3875500488E+04    5.2727203132E-06
    1.3885500488E+04    4.9267333344E-06
    1.3895500488E+04    5.4119767338E-06
    1.3905500488E+04    5.5412635318E-06
    1.3915500488E+04    6.2745130997E-06
    1.3925500488E+04    5.4398700873E-06
    1.3935500488E+04    5.7090041162E-06
    1.3945500488E+04    5.1388623114E-06
    1.3955500488E+04    5.2500440301E-06
    1.3965500488E+04    5.1571901520E-06
    1.3975500488E+04    5.8048086376E-06
    1.3985500488E+04    5.7722108111E-06
    1.3995500488E+04    5.1568276127E-06
    1.4005500488E+04    5.8394634723E-06
    1.4015500488E+04    5.1260843749E-06
    1.4025500488E+04    5.2498275503E-06
    1.4035500488E+04    5.3675488268E-06
    1.4045500488E+04    4.9558904957E-06
    1.4055500488E+04    5.3016169365E-06
    1.4065500488E+04    5.5229266960E-06
    1.4075500488E+04    5.2982278961E-06
    1.4085500488E+04    4.9660379199E-06
    1.4095500488E+04    5.3550283586E-06
    1.4105500488E+04    4.6340105843E-06
    1.4115500488E+04    4.7110998205E-06
    1.4125500488E+04    4.6274806168E-06
    1.4135500488E+04    4.9853288492E-06
    1.4145500488E+04    5.2128264395E-06
    1.4155500488E+04    5.9632380849E-06
    1.4165500488E+04    4.7337410331E-06
    1.4175500488E+04    4.3065164336E-06
    1.4185500488E+04    4.8265612760E-06
    1.4195500488E+04    5.0323454602E-06
    1.4205500488E+04    4.5394568385E-06
    1.4215500488E+04    4.7898297418E-06
    1.4225500488E+04    5.1883235153E-06
    1.4235500488E+04    5.2808655019E-06
    1.4245500488E+04    5.3169845301E-06
    1.4255500488E+04    4.6051097868E-06
    1.4265500488E+04    5.3592576511E-06
    1.4275500488E+04    5.0950547211E-06
    1.4285500488E+04    4.8438264425E-06
    1.4295500488E+04    5.1974978666E-06
    1.4305500488E+04    4.9851831546E-06
    1.4315500488E+04    4.7719488354E-06
    1.4325500488E+04    5.1019541713E-06
    1.4335500488E+04    4.8834866723E-06
    1.4345500488E+04    4.7742649590E-06
    1.4355500488E+04    5.1024769988E-06
    1.4365500488E+04    5.3289211209E-06
    1.4375500488E+04    4.9021159776E-06
    1.4385500488E+04    4.4498707779E-06
    1.4395500488E+04    5.0455192149E-06
    1.4405500488E+04    5.7013945739E-06
    1.4415500488E+04    5.4788925144E-06
    1.4425500488E+04    5.0706230168E-06
    1.4435500488E+04    4.8603558297E-06
    1.4445500488E+04    5.4659308280E-06
    1.4455500488E+04    4.8583056594E-06
    1.4465500488E+04    5.2821054371E-06
    1.4475500488E+04    4.7163214433E-06
    1.4485500488E+04    4.7609082849E-06
    1.4495500488E+04    5.0708502451E-06
    1.4505500488E+04    5.1379916071E-06
    1.4515500488E+04    5.7187502795E-06
    1.4525500488E+04    5.2644249512E-06
    1.4535500488E+04    5.1092833126E-06
    1.4545500488E+04    4.8105814371E-06
    1.4555500488E+04    5.1356709257E-06
    1.4565500488E+04    5.1297655224E-06
    1.4575500488E+04    4.7555885302E-06
    1.4585500488E+04    5.6099773539E-06
    1.4595500488E+04    5.5850936793E-06
    1.4605500488E+04    5.0603632919E-06
    1.4615500488E+04    5.4233561961E-06
    1.4625500488E+04    5.0678640268E-06
    1.4635500488E+04    5.6441496529E-06
    1.4645500488E+04    5.7904345147E-06
    1.4655500488E+04    5.0340634667E-06
    1.4665500488E+04    5.3463684066E-06
    1.4675500488E+04    5.5473834444E-06
    1.4685500488E+04    5.0469651884E-06
    1.4695500488E+04    5.0680858259E-06
    1.4705500488E+04    5.6033171998E-06
    1.4715500488E+04    5.8639810053E-06
    1.4725500488E+04    5.7818454027E-06
    1.4735500488E+04    5.4962030448E-06
    1.4745500488E+04    5.6046445133E-06
    1.4755500488E+04    5.2233065320E-06
    1.4765500488E+04    5.1357760214E-06
    1.4775500488E+04    5.6609045536E-06
    1.4785500488E+04    6.1378966888E-06
    1.4795500488E+04    5.2809216157E-06
    1.4805500488E+04    5.6778188147E-06
    1.4815500488E+04    6.1477217666E-06
    1.4825500488E+04    5.5991374791E-06
    1.4835500488E+04    5.3086374659E-06
    1.4845500488E+04    5.7473699078E-06
    1.4855500488E+04    5.9489032399E-06
    1.4865500488E+04    6.6344931197E-06
    1.4875500488E+04    6.3796603689E-06
    1.4885500488E+04    5.7328889744E-06
    1.4895500488E+04    6.7814521335E-06
    1.4905500488E+04    5.9838939199E-06
    1.4915500488E+04    5.6706237601E-06
    1.4925500488E+04    6.0597851875E-06
    1.4935500488E+04    5.8700507514E-06
    1.4945500488E+04    6.9245240387E-06
    1.4955500488E+04    6.2777651075E-06
    1.4965500488E+04    6.3317073814E-06
    1.4975500488E+04    5.2733389540E-06
    1.4985500488E+04    5.9731551050E-06
    1.4995500488E+04    6.0374560559E-06
    1.5005500488E+04    6.2935681640E-06
    1.5015500488E+04    6.1213850192E-06
    1.5025500488E+04    5.8324707815E-06
    1.5035500488E+04    5.7941787793E-06
    1.5045500488E+04    5.5696202568E-06
    1.5055500488E+04    6.1166580546E-06
    1.5065500488E+04    6.0979958188E-06
    1.5075500488E+04    6.4691890302E-06
    1.5085500488E+04    6.2732077985E-06
    1.5095500488E+04    6.3655656736E-06
    1.5105500488E+04    5.5831661815E-06
    1.5115500488E+04    5.9089269379E-06
    1.5125500488E+04    5.4112038679E-06
    1.5135500488E+04    5.3296768103E-06
    1.5145500488E+04    5.4388366968E-06
    1.5155500488E+04    6.2651664027E-06
    1.5165500488E+04    5.8681004962E-06
    1.5175500488E+04    5.7772981731E-06
    1.5185500488E+04    6.0774861648E-06
    1.5195500488E+04    6.3954075073E-06
    1.5205500488E+04    5.9175115582E-06
    1.5215500488E+04    5.9506681499E-06
    1.5225500488E+04    6.5511817531E-06
    1.5235500488E+04    5.3723620773E-06
    1.5245500488E+04    6.1903897433E-06
    1.5255500488E+04    5.9708227540E-06
    1.5265500488E+04    6.1477464590E-06
    1.5275500488E+04    5.6936082035E-06
    1.5285500488E+04    6.3690448189E-06
    1.5295500488E+04    6.5434125822E-06
    1.5305500488E+04    6.2349811194E-06
    1.5315500488E+04    5.9800538253E-06
    1.5325500488E+04    6.0711569170E-06
    1.5335500488E+04    6.4802160603E-06
    1.5345500488E+04    5.5383468756E-06
    1.5355500488E+04    5.9628745784E-06
    1.5365500488E+04    5.9819879676E-06
    1.5375500488E+04    6.2264104603E-06
    1.5385500488E+04    6.3009740489E-06
    1.5395500488E+04    5.8893227554E-06
    1.5405500488E+04    5.7531771355E-06
    1.5415500488E+04    6.1859154803E-06
    1.5425500488E+04    5.7617476772E-06
    1.5435500488E+04    5.8469690821E-06
    1.5445500488E+04    6.6908439491E-06
    1.5455500488E+04    6.3187548653E-06
    1.5465500488E+04    6.0532931938E-06
    1.5475500488E+04    6.7465609981E-06
    1.5485500488E+04    6.3237248064E-06
    1.5495500488E+04    5.5456291961E-06
    1.5505500488E+04    6.5087704282E-06
    1.5515500488E+04    6.2754411317E-06
    1.5525500488E+04    5.5776353126E-06
    1.5535500488E+04    6.1179869176E-06
    1.5545500488E+04    6.6242695016E-06
    1.5555500488E+04    6.3546646581E-06
    1.5565500488E+04    6.5793004811E-06
    1.5575500488E+04    6.7406893927E-06
    1.5585500488E+04    6.5281086282E-06
    1.5595500488E+04    5.9387688452E-06
    1.5605500488E+04    6.5038274991E-06
    1.5615500488E+04    7.0872992138E-06
    1.5625500488E+04    6.9200608048E-06
    1.5635500488E+04    5.7386544631E-06
    1.5645500488E+04    6.7000892296E-06
    1.5655500488E+04    6.4527640781E-06
    1.5665500488E+04    6.2584115809E-06
    1.5675500488E+04    6.3728198509E-06
    1.5685500488E+04    6.6006078626E-06
    1.5695500488E+04    6.1101621408E-06
    1.5705500488E+04    7.3833291202E-06
    1.5715500488E+04    6.8431826462E-06
    1.5725500488E+04    7.4947535864E-06
    1.5735500488E+04    6.4859799034E-06
    1.5745500488E+04    6.8334929414E-06
    1.5755500488E+04    6.8791108298E-06
    1.5765500488E+04    7.3970487292E-06
    1.5775500488E+04    6.8506920464E-06
    1.5785500488E+04    6.7649011653E-06
    1.5795500488E+04    7.3074174434E-06
    1.5805500488E+04    7.1264729744E-06
    1.5815500488E+04    6.9315394336E-06
    1.5825500488E+04    7.4606869786E-06
    1.5835500488E+04    7.7758125077E-06
    1.5845500488E+04    6.7584297485E-06
    1.5855500488E+04    7.9407412869E-06
    1.5865500488E+04    6.4954471618E-06
    1.5875500488E+04    7.4390474849E-06
    1.5885500488E+04    6.8895013154E-06
    1.5895500488E+04    7.6384179288E-06
    1.5905500488E+04    7.5638348247E-06
    1.5915500488E+04    7.1448165565E-06
    1.5925500488E+04    6.8446714388E-06
    1.5935500488E+04    6.8298540700E-06
    1.5945500488E+04    7.1816689445E-06
    1.5955500488E+04    6.3197919907E-06
    1.5965500488E+04    6.6237314934E-06
    1.5975500488E+04    7.3764659869E-06
    1.5985500488E+04    7.4616786937E-06
    1.5995500488E+04    6.7739648205E-06
    1.6005500488E+04    6.7485379882E-06
    1.6015500488E+04    8.0286055212E-06
    1.6025500488E+04    6.9393212418E-06
    1.6035500488E+04    6.3477070660E-06
    1.6045500488E+04    7.1289987355E-06
    1.6055500488E+04    7.1683937108E-06
    1.6065500488E+04    6.5972138228E-06
    1.6075500488E+04    6.6652090395E-06
    1.6085500488E+04    6.9638743642E-06
    1.6095500488E+04    7.4968884120E-06
    1.6105500488E+04    7.3405058014E-06
    1.6115500488E+04    7.8713813152E-06
    1.6125500488E+04    6.8933884876E-06
    1.6135500488E+04    7.4411740733E-06
    1.6145500488E+04    7.1250823791E-06
    1.6155500488E+04    7.4557903081E-06
    1.6165500488E+04    6.6158323690E-06
    1.6175500488E+04    7.5375800716E-06
    1.6185500488E+04    6.4383496510E-06
    1.6195500488E+04    7.6708690701E-06
    1.6205500488E+04    7.2455379379E-06
    1.6215500488E+04    7.5620596913E-06
    1.6225500488E+04    7.6627616313E-06
    1.6235500488E+04    7.3752274986E-06
    1.6245500488E+04    7.5641813847E-06
    1.6255500488E+04    7.7229175243E-06
    1.6265500488E+04    7.8810097098E-06
    1.6275500488E+04    7.3829274696E-06
    1.6285500488E+04    7.0271586855E-06
    1.6295500488E+04    6.8874081922E-06
    1.6305500488E+04    6.6282621803E-06
    1.6315500488E+04    6.9876769380E-06
    1.6325500488E+04    7.7254157645E-06
    1.6335500488E+04    7.4472203959E-06
    1.6345500488E+04    7.2217674257E-06
    1.6355500488E+04    7.7324261954E-06
    1.6365500488E+04    7.5790209468E-06
    1.6375500488E+04    7.7731344598E-06
    1.6385500488E+04    7.2974562858E-06
    1.6395500488E+04    7.2328524515E-06
    1.6405500488E+04    7.9783551233E-06
    1.6415500488E+04    7.2528050627E-06
    1.6425500488E+04    8.6588280857E-06
    1.6435500488E+04    7.6504557879E-06
    1.6445500488E+04    7.7287344074E-06
    1.6455500488E+04    7.8899630434E-06
    1.6465500488E+04    7.8236713989E-06
    1.6475500488E+04    7.4219343621E-06
    1.6485500488E+04    8.6352725564E-06
    1.6495500488E+04    8.6137252450E-06
    1.6505500488E+04    8.2206162532E-06
    1.6515500488E+04    8.4164252207E-06
    1.6525500488E+04    8.3022966058E-06
    1.6535500488E+04    8.2135720202E-06
    1.6545500488E+04    8.4052857505E-06
    1.6555500488E+04    8.7068502056E-06
    1.6565500488E+04    6.9249264784E-06
    1.6575500488E+04    8.2452162877E-06
    1.6585500488E+04    7.7842669496E-06
    1.6595500488E+04    7.6261376643E-06
    1.6605500488E+04    8.5321456286E-06
    1.6615500488E+04    8.4962529694E-06
    1.6625500488E+04    8.8124760704E-06
    1.6635500488E+04    7.4433901553E-06
    1.6645500488E+04    8.8216018597E-06
    1.6655500488E+04    7.8322901563E-06
    1.6665500488E+04    7.9805371525E-06
    1.6675500488E+04    7.7033600191E-06
    1.6685500488E+04    6.6923410561E-06
    1.6695500488E+04    7.7009544671E-06
    1.6705500488E+04    8.1463185863E-06
    1.6715500488E+04    8.8824064481E-06
    1.6725500488E+04    9.1166638433E-06
    1.6735500488E+04    7.8201586732E-06
    1.6745500488E+04    7.5473362419E-06
    1.6755500488E+04    7.8958519602E-06
    1.6765500488E+04    8.0437889436E-06
    1.6775500488E+04    8.6927662664E-06
    1.6785500488E+04    8.1194123001E-06
    1.6795500488E+04    8.6764711098E-06
    1.6805500488E+04    8.2841658183E-06
    1.6815500488E+04    8.7681276964E-06
    1.6825500488E+04    1.0401826731E-05
    1.6835500488E+04    9.8819195238E-06
    1.6845500488E+04    8.4234455069E-06
    1.6855500488E+04    8.4114873717E-06
    1.6865500488E+04    8.3148880026E-06
    1.6875500488E+04    7.8607023709E-06
    1.6885500488E+04    8.2542684829E-06
    1.6895500488E+04    9.4488496665E-06
    1.6905500488E+04    8.3531994073E-06
    1.6915500488E+04    8.7535131828E-06
    1.6925500488E+04    8.7222834489E-06
    1.6935500488E+04    8.2240278716E-06
    1.6945500488E+04    8.8839473761E-06
    1.6955500488E+04    9.6231283239E-06
    1.6965500488E+04    8.3613723184E-06
    1.6975500488E+04    8.2989494374E-06
    1.6985500488E+04    9.2166150603E-06
    1.6995500488E+04    1.0097200688E-05
    1.7005500488E+04    9.8047123101E-06
    1.7015500488E+04    8.5675698347E-06
    1.7025500488E+04    9.1420146063E-06
    1.7035500488E+04    9.1219844554E-06
    1.7045500488E+04    7.9557912205E-06
    1.7055500488E+04    1.0162981383E-05
    1.7065500488E+04    9.5597400954E-06
    1.7075500488E+04    9.3041409134E-06
    1.7085500488E+04    7.6135869829E-06
    1.7095500488E+04    9.2136065728E-06
    1.7105500488E+04    8.3564819215E-06
    1.7115500488E+04    9.0049551989E-06
    1.7125500488E+04    8.9801093435E-06
    1.7135500488E+04    9.1246463933E-06
    1.7145500488E+04    8.2239865604E-06
    1.7155500488E+04    9.9459114974E-06
    1.7165500488E+04    7.7829881126E-06
    1.7175500488E+04    8.3831359375E-06
    1.7185500488E+04    8.5073565172E-06
    1.7195500488E+04    8.9111148696E-06
    1.7205500488E+04    9.2814920437E-06
    1.7215500488E+04    9.2524810519E-06
    1.7225500488E+04    8.3104685558E-06
    1.7235500488E+04    9.5843634043E-06
    1.7245500488E+04    8.8135306359E-06
    1.7255500488E+04    9.7635973471E-06
    1.7265500488E+04    1.0164380229E-05
    1.7275500488E+04    8.9680345441E-06
    1.7285500488E+04    1.0078810831E-05
    1.7295500488E+04    9.3411269642E-06
    1.7305500488E+04    9.9732503079E-06
    1.7315500488E+04    9.2895235054E-06
    1.7325500488E+04    1.0303204784E-05
    1.7335500488E+04    9.3245544434E-06
    1.7345500488E+04    9.8034698007E-06
    1.7355500488E+04    1.1566142595E-05
    1.7365500488E+04    9.1934987114E-06
    1.7375500488E+04    1.1584637273E-05
    1.7385500488E+04    1.1944423347E-05
    1.7395500488E+04    9.3500972187E-06
    1.7405500488E+04    1.0798920559E-05
    1.7415500488E+04    1.0569535363E-05
    1.7425500488E+04    1.1584273227E-05
    1.7435500488E+04    1.0744536352E-05
    1.7445500488E+04    1.1307852958E-05
    1.7455500488E+04    1.0809590254E-05
    1.7465500488E+04    1.0061310527E-05
    1.7475500488E+04    1.2297476522E-05
    1.7485500488E+04    1.1873399094E-05
    1.7495500488E+04    1.1018592950E-05
    1.7505500488E+04    1.0061494924E-05
    1.7515500488E+04    1.1108532023E-05
    1.7525500488E+04    1.1124304346E-05
    1.7535500488E+04    1.0171996727E-05
    1.7545500488E+04    1.0432239721E-05
    1.7555500488E+04    9.6449511915E-06
    1.7565500488E+04    1.1552430011E-05
    1.7575500488E+04    1.1514609916E-05
    1.7585500488E+04    1.0110304904E-05
    1.7595500488E+04    1.1484665016E-05
    1.7605500488E+04    1.1581022640E-05
    1.7615500488E+04    9.7632745327E-06
    1.7625500488E+04    1.0403327655E-05
    1.7635500488E+04    9.9782342525E-06
    1.7645500488E+04    9.9461546689E-06
    1.7655500488E+04    1.2538347495E-05
    1.7665500488E+04    1.1392822196E-05
    1.7675500488E+04    1.1187988953E-05
    1.7685500488E+04    1.0308327884E-05
    1.7695500488E+04    1.0521835899E-05
    1.7705500488E+04    1.1117330915E-05
    1.7715500488E+04    9.9259617814E-06
    1.7725500488E+04    1.0930569038E-05
    1.7735500488E+04    1.1927081297E-05
    1.7745500488E+04    1.0980225003E-05
    1.7755500488E+04    1.0712470239E-05
    1.7765500488E+04    1.0311351703E-05
    1.7775500488E+04    1.1466081948E-05
    1.7785500488E+04    1.2162740163E-05
    1.7795500488E+04    1.1856859305E-05
    1.7805500488E+04    1.2025147834E-05
    1.7815500488E+04    1.0691493584E-05
    1.7825500488E+04    1.3011017554E-05
    1.7835500488E+04    1.0957935766E-05
    1.7845500488E+04    1.0938901012E-05
    1.7855500488E+04    1.1816303048E-05
    1.7865500488E+04    1.1159638052E-05
    1.7875500488E+04    1.1560411399E-05
    1.7885500488E+04    1.0775070455E-05
    1.7895500488E+04    1.1453727179E-05
    1.7905500488E+04    1.2988091022E-05
    1.7915500488E+04    1.0265292725E-05
    1.7925500488E+04    1.1147645818E-05
    1.7935500488E+04    1.0897043676E-05
    1.7945500488E+04    1.0711881402E-05
    1.7955500488E+04    1.0820877310E-05
    1.7965500488E+04    1.0561115296E-05
    1.7975500488E+04    1.1937223835E-05
    1.7985500488E+04    1.2444962151E-05
    1.7995500488E+04    1.3306196236E-05
    1.8005500488E+04    1.1303576787E-05
    1.8015500488E+04    1.2493850641E-05
    1.8025500488E+04    1.1216157574E-05
    1.8035500488E+04    1.2443164588E-05
    1.8045500488E+04    1.2735904244E-05
    1.8055500488E+04    1.2617255797E-05
    1.8065500488E+04    1.1782033872E-05
    1.8075500488E+04    1.3397853647E-05
    1.8085500488E+04    1.2236209066E-05
    1.8095500488E+04    1.3032907184E-05
    1.8105500488E+04    1.3684937375E-05
    1.8115500488E+04    1.2214602397E-05
    1.8125500488E+04    1.1041480998E-05
    1.8135500488E+04    1.3125121338E-05
    1.8145500488E+04    1.4597218237E-05
    1.8155500488E+04    1.4069417622E-05
    1.8165500488E+04    1.4645737368E-05
    1.8175500488E+04    1.2979529856E-05
    1.8185500488E+04    1.3692651699E-05
    1.8195500488E+04    1.6338376432E-05
    1.8205500488E+04    1.4415310847E-05
    1.8215500488E+04    1.5966507456E-05
    1.8225500488E+04    1.5027164516E-05
    1.8235500488E+04    1.6131944585E-05
    1.8245500488E+04    1.3375512301E-05
    1.8255500488E+04    1.5566447429E-05
    1.8265500488E+04    1.3846022273E-05
    1.8275500488E+04    1.4593376663E-05
    1.8285500488E+04    1.5167060437E-05
    1.8295500488E+04    1.7052731590E-05
    1.8305500488E+04    1.3804190210E-05
    1.8315500488E+04    1.6868333117E-05
    1.8325500488E+04    1.6008833955E-05
    1.8335500488E+04    1.7381546152E-05
    1.8345500488E+04    1.6411140207E-05
    1.8355500488E+04    1.6359992118E-05
    1.8365500488E+04    1.5543047963E-05
    1.8375500488E+04    1.6660150930E-05
    1.8385500488E+04    1.4484136945E-05
    1.8395500488E+04    1.6867875810E-05
    1.8405500488E+04    1.4889969805E-05
    1.8415500488E+04    1.6591880699E-05
    1.8425500488E+04    1.7149954394E-05
    1.8435500488E+04    1.6242199409E-05
    1.8445500488E+04    1.5742286913E-05
    1.8455500488E+04    1.8202155430E-05
    1.8465500488E+04    1.6194553784E-05
    1.8475500488E+04    1.6052432699E-05
    1.8485500488E+04    1.5716652355E-05
    1.8495500488E+04    1.7038856133E-05
    1.8505500488E+04    1.6038881570E-05
    1.8515500488E+04    1.6829123137E-05
    1.8525500488E+04    1.6941834477E-05
    1.8535500488E+04    1.5843326948E-05
    1.8545500488E+04    1.7256091579E-05
    1.8555500488E+04    1.6691295917E-05
    1.8565500488E+04    1.5421147233E-05
    1.8575500488E+04    1.7565605011E-05
    1.8585500488E+04    1.6643610048E-05
    1.8595500488E+04    1.7965745414E-05
    1.8605500488E+04    1.7942996796E-05
    1.8615500488E+04    1.7187090251E-05
    1.8625500488E+04    1.8286066064E-05
    1.8635500488E+04    1.8421490951E-05
    1.8645500488E+04    1.6619010210E-05
    1.8655500488E+04    1.7851622646E-05
    1.8665500488E+04    1.7543110375E-05
    1.8675500488E+04    1.5138319376E-05
    1.8685500488E+04    1.7012652552E-05
    1.8695500488E+04    1.7158491603E-05
    1.8705500488E+04    1.5528365649E-05
    1.8715500488E+04    1.6059726890E-05
    1.8725500488E+04    1.8885242171E-05
    1.8735500488E+04    1.7420566557E-05
    1.8745500488E+04    1.6830971615E-05
    1.8755500488E+04    1.8425520776E-05
    1.8765500488E+04    1.8060502246E-05
    1.8775500488E+04    1.7782486423E-05
    1.8785500488E+04    1.6398585482E-05
    1.8795500488E+04    1.7436857523E-05
    1.8805500488E+04    1.8300133603E-05
    1.8815500488E+04    1.5753465880E-05
    1.8825500488E+04    1.7043630687E-05
    1.8835500488E+04    1.6476926224E-05
    1.8845500488E+04    1.5427202648E-05
    1.8855500488E+04    1.8294369795E-05
    1.8865500488E+04    1.6864592810E-05
    1.8875500488E+04    1.7098321056E-05
    1.8885500488E+04    1.8087609632E-05
    1.8895500488E+04    1.5897030162E-05
    1.8905500488E+04    1.9632753274E-05
    1.8915500488E+04    1.8413324584E-05
    1.8925500488E+04    1.7907305327E-05
    1.8935500488E+04    1.7429667332E-05
    1.8945500488E+04    1.5577106219E-05
    1.8955500488E+04    1.8883270573E-05
    1.8965500488E+04    1.7341324371E-05
    1.8975500488E+04    1.7412024998E-05
    1.8985500488E+04    1.9589292070E-05
    1.8995500488E+04    1.6074464478E-05
    1.9005500488E+04    1.6739232632E-05
    1.9015500488E+04    1.6820865271E-05
    1.9025500488E+04    1.6155624753E-05
    1.9035500488E+04    1.8030965918E-05
    1.9045500488E+04    1.7466672503E-05
    1.9055500488E+04    1.8858722314E-05
    1.9065500488E+04    1.8472267631E-05
    1.9075500488E+04    1.8640634890E-05
    1.9085500488E+04    1.9058900852E-05
    1.9095500488E+04    1.5561549043E-05
    1.9105500488E+04    1.9798760379E-05
    1.9115500488E+04    1.8338157794E-05
    1.9125500488E+04    2.0283120337E-05
    1.9135500488E+04    1.6670255104E-05
    1.9145500488E+04    1.8903495740E-05
    1.9155500488E+04    2.0865310209E-05
    1.9165500488E+04    1.8582466934E-05
    1.9175500488E+04    1.6910642972E-05
    1.9185500488E+04    1.8738446577E-05
    1.9195500488E+04    1.9614434145E-05
    1.9205500488E+04    1.8291649947E-05
    1.9215500488E+04    1.9893937198E-05
    1.9225500488E+04    1.8726670529E-05
    1.9235500488E+04    1.7360121049E-05
    1.9245500488E+04    1.6458732322E-05
    1.9255500488E+04    1.9197442853E-05
    1.9265500488E+04    1.7062087248E-05
    1.9275500488E+04    1.9654327106E-05
    1.9285500488E+04    1.7971023277E-05
    1.9295500488E+04    1.7414135433E-05
    1.9305500488E+04    2.0581202769E-05
    1.9315500488E+04    1.8096362185E-05
    1.9325500488E+04    1.8358502296E-05
    1.9335500488E+04    1.9225202174E-05
    1.9345500488E+04    1.7852220220E-05
    1.9355500488E+04    1.8790879731E-05
    1.9365500488E+04    1.8728428459E-05
    1.9375500488E+04    1.8907325241E-05
    1.9385500488E+04    1.7008049748E-05
    1.9395500488E+04    1.8035709707E-05
    1.9405500488E+04    1.9843951142E-05
    1.9415500488E+04    1.6220754650E-05
    1.9425500488E+04    1.9670636445E-05
    1.9435500488E+04    1.7030528493E-05
    1.9445500488E+04    2.0328595259E-05
    1.9455500488E+04    1.6169427084E-05
    1.9465500488E+04    1.6197346622E-05
    1.9475500488E+04    1.9372831678E-05
    1.9485500488E+04    1.8214480303E-05
    1.9495500488E+04    1.7693927653E-05
    1.9505500488E+04    1.8000205423E-05
    1.9515500488E+04    1.7200873053E-05
    1.9525500488E+04    1.9460749403E-05
    1.9535500488E+04    1.6150048981E-05
    1.9545500488E+04    1.7768145031E-05
    1.9555500488E+04    1.7915427631E-05
    1.9565500488E+04    2.1189287834E-05
    1.9575500488E+04    1.7670067532E-05
    1.9585500488E+04    1.8308362788E-05
    1.9595500488E+04    1.6935957871E-05
    1.9605500488E+04    1.8767093924E-05
    1.9615500488E+04    1.8666313744E-05
    1.9625500488E+04    1.8601523329E-05
    1.9635500488E+04    1.6163470792E-05
    1.9645500488E+04    2.2038353163E-05
    1.9655500488E+04    1.9160048988E-05
    1.9665500488E+04    2.0180480369E-05
    1.9675500488E+04    1.7924944754E-05
    1.9685500488E+04    2.0914318866E-05
    1.9695500488E+04    2.2092028076E-05
    1.9705500488E+04    1.7632669903E-05
    1.9715500488E+04    2.0061933158E-05
    1.9725500488E+04    1.8116148066E-05
    1.9735500488E+04    1.8182369583E-05
    1.9745500488E+04    2.0997294257E-05
    1.9755500488E+04    1.8061109714E-05
    1.9765500488E+04    1.9016134070E-05
    1.9775500488E+04    1.9350521439E-05
    1.9785500488E+04    1.6968466299E-05
    1.9795500488E+04    2.0304950464E-05
    1.9805500488E+04    1.8519218204E-05
    1.9815500488E+04    1.9430254354E-05
    1.9825500488E+04    1.8097314959E-05
    1.9835500488E+04    1.7979064005E-05
    1.9845500488E+04    1.8476486229E-05
    1.9855500488E+04    1.8484871439E-05
    1.9865500488E+04    2.0645046753E-05
    1.9875500488E+04    1.7570194511E-05
    1.9885500488E+04    2.0168232455E-05
    1.9895500488E+04    1.7363861094E-05
    1.9905500488E+04    2.0123500609E-05
    1.9915500488E+04    1.8144545442E-05
    1.9925500488E+04    1.7005989516E-05
    1.9935500488E+04    2.0170749406E-05
    1.9945500488E+04    1.9948696954E-05
    1.9955500488E+04    1.8011152421E-05
    1.9965500488E+04    1.8971916469E-05
    1.9975500488E+04    2.1685026563E-05
    1.9985500488E+04    1.9187835288E-05
    1.9995500488E+04    2.0385511613E-05
    2.0005500488E+04    1.8851465368E-05
    2.0015500488E+04    1.9350282377E-05
    2.0025500488E+04    1.8722000341E-05
    2.0035500488E+04    2.2187237021E-05
    2.0045500488E+04    2.0734646304E-05
    2.0055500488E+04    2.2219676543E-05
    2.0065500488E+04    2.0127053574E-05
    2.0075500488E+04    2.1129923367E-05
    2.0085500488E+04    1.9125028659E-05
    2.0095500488E+04    2.0199737346E-05
    2.0105500488E+04    1.9707401348E-05
    2.0115500488E+04    1.9185906228E-05
    2.0125500488E+04    2.1672476095E-05
    2.0135500488E+04    1.8772967740E-05
    2.0145500488E+04    1.7835038027E-05
    2.0155500488E+04    1.9397161167E-05
    2.0165500488E+04    2.0707888774E-05
    2.0175500488E+04    2.2099020479E-05
    2.0185500488E+04    2.0702467804E-05
    2.0195500488E+04    1.8393296553E-05
    2.0205500488E+04    2.2767611061E-05
    2.0215500488E+04    1.7373298379E-05
    2.0225500488E+04    1.9914530547E-05
    2.0235500488E+04    2.0843016926E-05
    2.0245500488E+04    1.8072049021E-05
    2.0255500488E+04    1.8470272724E-05
    2.0265500488E+04    2.3221063815E-05
    2.0275500488E+04    2.4182656620E-05
    2.0285500488E+04    2.0755389889E-05
    2.0295500488E+04    2.3254891056E-05
    2.0305500488E+04    1.7429976948E-05
    2.0315500488E+04    2.5461322643E-05
    2.0325500488E+04    2.0007837038E-05
    2.0335500488E+04    2.3533129916E-05
    2.0345500488E+04    1.7335688925E-05
    2.0355500488E+04    2.1353180091E-05
    2.0365500488E+04    2.1583196081E-05
    2.0375500488E+04    2.0519872955E-05
    2.0385500488E+04    2.1936594954E-05
    2.0395500488E+04    2.3769765309E-05
    2.0405500488E+04    2.0806446975E-05
    2.0415500488E+04    2.4993927409E-05
    2.0425500488E+04    2.1837800935E-05
    2.0435500488E+04    2.1720245127E-05
    2.0445500488E+04    2.2797664816E-05
    2.0455500488E+04    2.0755380722E-05
    2.0465500488E+04    1.9940847226E-05
    2.0475500488E+04    2.3956534030E-05
    2.0485500488E+04    2.4988245323E-05
    2.0495500488E+04    2.1701037317E-05
    2.0505500488E+04    2.5091800552E-05
    2.0515500488E+04    2.4535323847E-05
    2.0525500488E+04    2.1767006525E-05
    2.0535500488E+04    2.1870710239E-05
    2.0545500488E+04    2.3738780352E-05
    2.0555500488E+04    2.0122535637E-05
    2.0565500488E+04    1.8636354713E-05
    2.0575500488E+04    2.2838134270E-05
    2.0585500488E+04    2.0092685186E-05
    2.0595500488E+04    2.0993945503E-05
    2.0605500488E+04    2.3076809650E-05
    2.0615500488E+04    2.3107201176E-05
    2.0625500488E+04    2.2880592970E-05
    2.0635500488E+04    2.4247911003E-05
    2.0645500488E+04    2.3335184833E-05
    2.0655500488E+04    2.4041039027E-05
    2.0665500488E+04    2.2864730177E-05
    2.0675500488E+04    2.3759036513E-05
    2.0685500488E+04    2.5879563470E-05
    2.0695500488E+04    2.5608198909E-05
    2.0705500488E+04    2.3899475872E-05
    2.0715500488E+04    2.6382650980E-05
    2.0725500488E+04    2.3524296370E-05
    2.0735500488E+04    2.3650677145E-05
    2.0745500488E+04    1.9878101151E-05
    2.0755500488E+04    2.1615250635E-05
    2.0765500488E+04    2.3218060208E-05
    2.0775500488E+04    2.2392454421E-05
    2.0785500488E+04    2.9427201281E-05
    2.0795500488E+04    2.1882102808E-05
    2.0805500488E+04    2.5829822362E-05
    2.0815500488E+04    2.7099539691E-05
    2.0825500488E+04    2.3816213359E-05
    2.0835500488E+04    2.0814430955E-05
    2.0845500488E+04    2.5730753980E-05
    2.0855500488E+04    2.2791540419E-05
    2.0865500488E+04    2.1243280752E-05
    2.0875500488E+04    2.0199119452E-05
    2.0885500488E+04    2.3029004634E-05
    2.0895500488E+04    2.4712811384E-05
    2.0905500488E+04    2.3758162808E-05
    2.0915500488E+04    2.0986953507E-05
    2.0925500488E+04    2.6221590317E-05
    2.0935500488E+04    2.6360373790E-05
    2.0945500488E+04    2.6313978842E-05
    2.0955500488E+04    2.8275805477E-05
    2.0965500488E+04    2.6761922093E-05
    2.0975500488E+04    2.2482491039E-05
    2.0985500488E+04    2.5448583288E-05
    2.0995500488E+04    2.7227959419E-05
    2.1005500488E+04    2.5924556985E-05
    2.1015500488E+04    2.8047489817E-05
    2.1025500488E+04    2.6761404847E-05
    2.1035500488E+04    2.6291867035E-05
    2.1045500488E+04    2.4313020802E-05
    2.1055500488E+04    3.0157232493E-05
    2.1065500488E+04    3.1868386087E-05
    2.1075500488E+04    2.5156563783E-05
    2.1085500488E+04    2.4858583280E-05
    2.1095500488E+04    2.8338173638E-05
    2.1105500488E+04    2.4551269930E-05
    2.1115500488E+04    2.6588357747E-05
    2.1125500488E+04    2.6719742209E-05
    2.1135500488E+04    2.7658644208E-05
    2.1145500488E+04    2.5636133374E-05
    2.1155500488E+04    2.8550691343E-05
    2.1165500488E+04    2.8526806830E-05
    2.1175500488E+04    2.8798942102E-05
    2.1185500488E+04    2.9034569444E-05
    2.1195500488E+04    2.5512327415E-05
    2.1205500488E+04    2.7204959062E-05
    2.1215500488E+04    2.8356644389E-05
    2.1225500488E+04    2.7364560266E-05
    2.1235500488E+04    3.0721282275E-05
    2.1245500488E+04    2.8547914791E-05
    2.1255500488E+04    3.0324209002E-05
    2.1265500488E+04    2.8429391905E-05
    2.1275500488E+04    2.6640132201E-05
    2.1285500488E+04    2.4631776916E-05
    2.1295500488E+04    2.7234863730E-05
    2.1305500488E+04    2.6763295805E-05
    2.1315500488E+04    2.8257165309E-05
    2.1325500488E+04    3.0126324252E-05
    2.1335500488E+04    2.9013196595E-05
    2.1345500488E+04    2.7926967081E-05
    2.1355500488E+04    3.0876420894E-05
    2.1365500488E+04    2.8365987226E-05
    2.1375500488E+04    2.9580809967E-05
    2.1385500488E+04    2.8920461018E-05
    2.1395500488E+04    2.6718044608E-05
    2.1405500488E+04    3.2244841326E-05
    2.1415500488E+04    2.9475145765E-05
    2.1425500488E+04    3.0297242535E-05
    2.1435500488E+04    2.6890886870E-05
    2.1445500488E+04    2.6893687749E-05
    2.1455500488E+04    2.9670041678E-05
    2.1465500488E+04    3.1916971486E-05
    2.1475500488E+04    2.8000716928E-05
    2.1485500488E+04    2.9699270320E-05
    2.1495500488E+04    3.0530861567E-05
    2.1505500488E+04    3.0468695668E-05
    2.1515500488E+04    2.6698524818E-05
    2.1525500488E+04    3.0368777436E-05
    2.1535500488E+04    2.6883654164E-05
    2.1545500488E+04    3.0962420859E-05
    2.1555500488E+04    2.9170488507E-05
    2.1565500488E+04    2.7340128881E-05
    2.1575500488E+04    3.0233118888E-05
    2.1585500488E+04    3.3282920282E-05
    2.1595500488E+04    2.7533805838E-05
    2.1605500488E+04    3.3654757279E-05
    2.1615500488E+04    2.7963289729E-05
    2.1625500488E+04    3.2175596679E-05
    2.1635500488E+04    3.2495587401E-05
    2.1645500488E+04    3.0174800949E-05
    2.1655500488E+04    3.4133325668E-05
    2.1665500488E+04    3.1581414775E-05
    2.1675500488E+04    3.0712618611E-05
    2.1685500488E+04    3.1314752493E-05
    2.1695500488E+04    3.4370713311E-05
    2.1705500488E+04    3.2505602379E-05
    2.1715500488E+04    3.1341321110E-05
    2.1725500488E+04    2.7441500401E-05
    2.1735500488E+04    3.0492869694E-05
    2.1745500488E+04    2.7591418670E-05
    2.1755500488E+04    3.1418804656E-05
    2.1765500488E+04    2.7091424585E-05
    2.1775500488E+04    2.9818761340E-05
    2.1785500488E+04    3.0228292137E-05
    2.1795500488E+04    3.2215329493E-05
    2.1805500488E+04    2.4949235779E-05
    2.1815500488E+04    2.6513461265E-05
    2.1825500488E+04    2.8966458661E-05
    2.1835500488E+04    2.6567787856E-05
    2.1845500488E+04    3.1494122811E-05
    2.1855500488E+04    2.7989495949E-05
    2.1865500488E+04    2.4288430907E-05
    2.1875500488E+04    2.7502822971E-05
    2.1885500488E+04    3.0465393777E-05
    2.1895500488E+04    3.0040157283E-05
    2.1905500488E+04    2.4608496441E-05
    2.1915500488E+04    3.1193838245E-05
    2.1925500488E+04    3.3605725081E-05
    2.1935500488E+04    3.1362068936E-05
    2.1945500488E+04    2.7287723386E-05
    2.1955500488E+04    3.2810430299E-05
    2.1965500488E+04    3.0991318684E-05
    2.1975500488E+04    3.3902873281E-05
    2.1985500488E+04    2.9026461409E-05
    2.1995500488E+04    3.1518835234E-05
    2.2005500488E+04    4.0769011597E-05
    2.2015500488E+04    4.0159486164E-05
    2.2025500488E+04    3.8790878593E-05
    2.2035500488E+04    3.4740853590E-05
    2.2045500488E+04    4.0671462097E-05
    2.2055500488E+04    4.0049919206E-05
    2.2065500488E+04    4.1616289037E-05
    2.2075500488E+04    4.0397460669E-05
    2.2085500488E+04    3.9782364698E-05
    2.2095500488E+04    3.7306146578E-05
    2.2105500488E+04    3.8180749093E-05
    2.2115500488E+04    4.2847613590E-05
    2.2125500488E+04    4.2873855671E-05
    2.2135500488E+04    4.0039292898E-05
    2.2145500488E+04    4.6062718778E-05
    2.2155500488E+04    3.9767680888E-05
    2.2165500488E+04    4.6851720376E-05
    2.2175500488E+04    3.8612929075E-05
    2.2185500488E+04    4.3446052026E-05
    2.2195500488E+04    4.5404634820E-05
    2.2205500488E+04    4.1779522088E-05
    2.2215500488E+04    4.3467601024E-05
    2.2225500488E+04    3.7041572581E-05
    2.2235500488E+04    4.1220965885E-05
    2.2245500488E+04    4.7865070554E-05
    2.2255500488E+04    4.4296138498E-05
    2.2265500488E+04    4.4555868575E-05
    2.2275500488E+04    4.8294898438E-05
    2.2285500488E+04    4.3889473902E-05
    2.2295500488E+04    4.2949136441E-05
    2.2305500488E+04    4.6344629360E-05
    2.2315500488E+04    4.2559096549E-05
    2.2325500488E+04    4.2888167621E-05
    2.2335500488E+04    4.1288984795E-05
    2.2345500488E+04    4.1715942305E-05
    2.2355500488E+04    4.3527453393E-05
    2.2365500488E+04    4.6682728182E-05
    2.2375500488E+04    4.7839550698E-05
    2.2385500488E+04    4.6800042090E-05
    2.2395500488E+04    5.3788404171E-05
    2.2405500488E+04    4.8036196701E-05
    2.2415500488E+04    4.7958909820E-05
    2.2425500488E+04    4.9217343492E-05
    2.2435500488E+04    4.7934963908E-05
    2.2445500488E+04    5.0058960507E-05
    2.2455500488E+04    4.9365563243E-05
    2.2465500488E+04    5.1744177993E-05
    2.2475500488E+04    4.7491611299E-05
    2.2485500488E+04    5.2576036252E-05
    2.2495500488E+04    5.7057338675E-05
    2.2505500488E+04    5.8130687289E-05
    2.2515500488E+04    4.7659197275E-05
    2.2525500488E+04    5.3659217239E-05
    2.2535500488E+04    5.5696363216E-05
    2.2545500488E+04    4.8771196914E-05
    2.2555500488E+04    4.8223808336E-05
    2.2565500488E+04    5.4684838855E-05
    2.2575500488E+04    5.9569153633E-05
    2.2585500488E+04    5.7603386595E-05
    2.2595500488E+04    5.4857545404E-05
    2.2605500488E+04    6.2060837290E-05
    2.2615500488E+04    5.9635860964E-05
    2.2625500488E+04    5.5117275080E-05
    2.2635500488E+04    5.7863564364E-05
    2.2645500488E+04    5.8765958238E-05
    2.2655500488E+04    5.5441690590E-05
    2.2665500488E+04    6.0693166204E-05
    2.2675500488E+04    5.1167264848E-05
    2.2685500488E+04    5.8580622664E-05
    2.2695500488E+04    5.0305817466E-05
    2.2705500488E+04    4.9253094761E-05
    2.2715500488E+04    5.1030735315E-05
    2.2725500488E+04    5.7101696906E-05
    2.2735500488E+04    5.6119463279E-05
    2.2745500488E+04    4.4626134610E-05
    2.2755500488E+04    4.8079008522E-05
    2.2765500488E+04    4.8318225600E-05
    2.2775500488E+04    5.3566928266E-05
    2.2785500488E+04    4.2562859116E-05
    2.2795500488E+04    4.3839439863E-05
    2.2805500488E+04    4.4508347995E-05
    2.2815500488E+04    4.5902227409E-05
    2.2825500488E+04    3.8274366667E-05
    2.2835500488E+04    3.7212478305E-05
    2.2845500488E+04    3.8122066718E-05
    2.2855500488E+04    3.6372916642E-05
    2.2865500488E+04    3.4084341310E-05
    2.2875500488E+04    3.9916598606E-05
    2.2885500488E+04    3.7045158646E-05
    2.2895500488E+04    3.4305179029E-05
    2.2905500488E+04    2.9356848803E-05
    2.2915500488E+04    3.5930882763E-05
    2.2925500488E+04    3.0135213029E-05
    2.2935500488E+04    3.1478670157E-05
    2.2945500488E+04    3.1940413659E-05
    2.2955500488E+04    3.0604302515E-05
    2.2965500488E+04    3.0594684385E-05
    2.2975500488E+04    2.3859828168E-05
    2.2985500488E+04    2.8315677483E-05
    2.2995500488E+04    2.6496278027E-05
    2.3005500488E+04    2.9782389467E-05
    2.3015500488E+04    2.4962877882E-05
    2.3025500488E+04    2.3357354037E-05
    2.3035500488E+04    2.3224116857E-05
    2.3045500488E+04    2.4552291172E-05
    2.3055500488E+04    2.4659336452E-05
    2.3065500488E+04    2.1664830439E-05
    2.3075500488E+04    2.3139357623E-05
    2.3085500488E+04    2.2026881474E-05
    2.3095500488E+04    2.1610164283E-05
    2.3105500488E+04    2.1096330079E-05
    2.3115500488E+04    2.0747299752E-05
    2.3125500488E+04    1.8681176543E-05
    2.3135500488E+04    2.0888164206E-05
    2.3145500488E+04    1.9727294960E-05
    2.3155500488E+04    1.7464869979E-05
    2.3165500488E+04    1.8251553058E-05
    2.3175500488E+04    1.7440083612E-05
    2.3185500488E+04    1.6910457104E-05
    2.3195500488E+04    1.5777953927E-05
    2.3205500488E+04    1.6690412165E-05
    2.3215500488E+04    1.6497619647E-05
    2.3225500488E+04    1.6387058244E-05
    2.3235500488E+04    1.5059158002E-05
    2.3245500488E+04    1.5202395051E-05
    2.3255500488E+04    1.4375499416E-05
    2.3265500488E+04    1.3537115785E-05
    2.3275500488E+04    1.3131148012E-05
    2.3285500488E+04    1.2745395171E-05
    2.3295500488E+04    1.0989562895E-05
    2.3305500488E+04    1.2375876048E-05
    2.3315500488E+04    1.2543367030E-05
    2.3325500488E+04    9.7265974529E-06
    2.3335500488E+04    1.1288255412E-05
    2.3345500488E+04    9.5434948028E-06
    2.3355500488E+04    9.1760176701E-06
    2.3365500488E+04    9.4315018908E-06
    2.3375500488E+04    8.7725877546E-06
    2.3385500488E+04    7.8441799989E-06
    2.3395500488E+04    8.6617560742E-06
    2.3405500488E+04    7.8832208205E-06
    2.3415500488E+04    8.0272509970E-06
    2.3425500488E+04    7.6208464046E-06
    2.3435500488E+04    7.4678509535E-06
    2.3445500488E+04    7.4961245674E-06
    2.3455500488E+04    7.0925068343E-06
    2.3465500488E+04    7.8623218156E-06
    2.3475500488E+04    7.1272624265E-06
    2.3485500488E+04    7.8341477540E-06
    2.3495500488E+04    7.4935896472E-06
    2.3505500488E+04    7.8609295191E-06
    2.3515500488E+04    7.6110628946E-06
    2.3525500488E+04    7.5046014291E-06
    2.3535500488E+04    8.1730662840E-06
    2.3545500488E+04    7.2042379479E-06
    2.3555500488E+04    7.7965677641E-06
    2.3565500488E+04    7.5019768506E-06
    2.3575500488E+04    7.4222194485E-06
    2.3585500488E+04    7.8440586263E-06
    2.3595500488E+04    6.9484915665E-06
    2.3605500488E+04    7.1068844254E-06
    2.3615500488E+04    6.8809618320E-06
    2.3625500488E+04    6.5138079573E-06
    2.3635500488E+04    6.0809862440E-06
    2.3645500488E+04    5.6283863060E-06
    2.3655500488E+04    5.4384863960E-06
    2.3665500488E+04    5.0289154890E-06
    2.3675500488E+04    4.3808811960E-06
    2.3685500488E+04    4.2307263472E-06
    2.3695500488E+04    3.8381757472E-06
    2.3705500488E+04    3.4622087918E-06
    2.3715500488E+04    2.8735539249E-06
    2.3725500488E+04    2.6628795468E-06
    2.3735500488E+04    2.2993313081E-06
    2.3745500488E+04    2.2820864150E-06
    2.3755500488E+04    2.2797072880E-06
    2.3765500488E+04    2.4089377439E-06
    2.3775500488E+04    2.3560293585E-06
    2.3785500488E+04    2.4309404538E-06
    2.3795500488E+04    2.5556818755E-06
    2.3805500488E+04    2.4478691455E-06
    2.3815500488E+04    2.3163612677E-06
    2.3825500488E+04    2.2353464556E-06
    2.3835500488E+04    1.9881217081E-06
    2.3845500488E+04    1.9439507664E-06
    2.3855500488E+04    1.8174373878E-06
    2.3865500488E+04    1.7826301438E-06
    2.3875500488E+04    1.6574171351E-06
    2.3885500488E+04    1.5736807405E-06
    2.3895500488E+04    1.5441827427E-06
    2.3905500488E+04    1.4357050213E-06
    2.3915500488E+04    1.3596866773E-06
    2.3925500488E+04    1.2953149336E-06
    2.3935500488E+04    1.2393879078E-06
    2.3945500488E+04    1.1600263688E-06
    2.3955500488E+04    1.0687355891E-06
    2.3965500488E+04    1.0224219567E-06
    2.3975500488E+04    9.6257812447E-07
    2.3985500488E+04    9.0488714632E-07
    2.3995500488E+04    8.4121900091E-07
    2.4005500488E+04    7.7705375823E-07
    2.4015500488E+04    7.2956824811E-07
    2.4025500488E+04    6.5949727809E-07
    2.4035500488E+04    6.0582961206E-07
    2.4045500488E+04    5.5902386199E-07
    2.4055500488E+04    5.1292241869E-07
    2.4065500488E+04    4.7073616323E-07
    2.4075500488E+04    4.2273446632E-07
    2.4085500488E+04    3.8425159412E-07
    2.4095500488E+04    3.4976553300E-07
    2.4105500488E+04    3.1149177752E-07
    2.4115500488E+04    2.7848418312E-07
    2.4125500488E+04    2.5086558984E-07
    2.4135500488E+04    2.2426659218E-07
    2.4145500488E+04    2.0049390358E-07
    2.4155500488E+04    1.7683575442E-07
    2.4165500488E+04    1.5561957537E-07
    2.4175500488E+04    1.4018576157E-07
    2.4185500488E+04    1.2145744442E-07
    2.4195500488E+04    1.1013241743E-07
    2.4205500488E+04    9.5837120136E-08
    2.4215500488E+04    8.5880278085E-08
    2.4225500488E+04    7.4173022905E-08
    2.4235500488E+04    6.5451636070E-08
    2.4245500488E+04    5.7997207372E-08
    2.4255500488E+04    4.9717029251E-08
    2.4265500488E+04    4.4934299859E-08
    2.4275500488E+04    3.9390264146E-08
    2.4285500488E+04    3.4662128494E-08
    2.4295500488E+04    2.9761639949E-08
    2.4305500488E+04    2.6904287768E-08
    2.4315500488E+04    2.3347507181E-08
    2.4325500488E+04    2.0466504579E-08
    2.4335500488E+04    1.8036772193E-08
    2.4345500488E+04    1.5906714606E-08
    2.4355500488E+04    1.3793788208E-08
    2.4365500488E+04    1.2249877559E-08
    2.4375500488E+04    1.0718053718E-08
    2.4385500488E+04    9.3866768533E-09
    2.4395500488E+04    8.2888649178E-09
    2.4405500488E+04    7.1482647327E-09
    2.4415500488E+04    6.2276536372E-09
    2.4425500488E+04    5.4952665311E-09
    2.4435500488E+04    4.7365887653E-09
    2.4445500488E+04    4.1006239832E-09
    2.4455500488E+04    3.5223717936E-09
    2.4465500488E+04    3.0314692863E-09
    2.4475500488E+04    2.5760529309E-09
    2.4485500488E+04    2.1804891253E-09
    2.4495500488E+04    2.0347733473E-09
    2.4505500488E+04    2.0487200471E-09
    2.4515500488E+04    2.0709191330E-09
    2.4525500488E+04    2.0267375109E-09
    2.4535500488E+04    1.9974345922E-09
    2.4545500488E+04    2.0031421252E-09
    2.4555500488E+04    1.9739829211E-09
    2.4565500488E+04    1.9371143080E-09
    2.4575500488E+04    1.9036406525E-09
    2.4585500488E+04    1.8684048797E-09
    2.4595500488E+04    1.8368333901E-09
    2.4605500488E+04    1.7892782361E-09
    2.4615500488E+04    1.7549053707E-09
    2.4625500488E+04    1.7239293192E-09
    2.4635500488E+04    1.6740741423E-09
    2.4645500488E+04    1.6348225650E-09
    2.4655500488E+04    1.5970058903E-09
    2.4665500488E+04    1.5605848756E-09
    2.4675500488E+04    1.5292202349E-09
    2.4685500488E+04    1.4534175068E-09
    2.4695500488E+04    1.3927818347E-09
    2.4705500488E+04    1.3384457852E-09
    2.4715500488E+04    1.2903750367E-09
    2.4725500488E+04    1.2384389765E-09
    2.4735500488E+04    1.1991925725E-09
    2.4745500488E+04    1.1531636764E-09
    2.4755500488E+04    1.0995648527E-09
    2.4765500488E+04    1.0703372804E-09
    2.4775500488E+04    1.0390730510E-09
    2.4785500488E+04    1.0047177523E-09
    2.4795500488E+04    9.5173434337E-10
    2.4805500488E+04    9.2584230930E-10
    2.4815500488E+04    8.9443751868E-10
    2.4825500488E+04    8.4872028485E-10
    2.4835500488E+04    8.1141043952E-10
    2.4845500488E+04    7.9100704281E-10
    2.4855500488E+04    7.7029247296E-10
    2.4865500488E+04    7.3475952167E-10
    2.4875500488E+04    6.9818232624E-10
    2.4885500488E+04    6.8356149856E-10
    2.4895500488E+04    6.6850601380E-10
    2.4905500488E+04    6.3708736069E-10
    2.4915500488E+04    6.0875554948E-10
    2.4925500488E+04    5.8517211097E-10
    2.4935500488E+04    5.6139752335E-10
    2.4945500488E+04    5.3468760773E-10
    2.4955500488E+04    5.1183455964E-10
    2.4965500488E+04    4.8726147014E-10
    2.4975500488E+04    4.6554080387E-10
    2.4985500488E+04    4.4159782258E-10
    2.4995500488E+04    4.2161736329E-10
    2.5005500488E+04    4.0214104405E-10
    2.5015500488E+04    3.8193620810E-10
    2.5025500488E+04    3.6305882779E-10
    2.5035500488E+04    3.4451215481E-10
    2.5045500488E+04    3.2661043843E-10
    2.5055500488E+04    3.0855730687E-10
    2.5065500488E+04    2.9065632178E-10
    2.5075500488E+04    2.7417682232E-10
    2.5085500488E+04    2.5919169423E-10
    2.5095500488E+04    2.4322354829E-10
    2.5105500488E+04    2.2830754274E-10
    2.5115500488E+04    2.1402825268E-10
    2.5125500488E+04    2.0020580311E-10
    2.5135500488E+04    1.8725050610E-10
    2.5145500488E+04    1.7483109003E-10
    2.5155500488E+04    1.6279717796E-10
    2.5165500488E+04    1.5120580010E-10
    2.5175500488E+04    1.4110912536E-10
    2.5185500488E+04    1.3077962193E-10
    2.5195500488E+04    1.2089851093E-10
    2.5205500488E+04    1.1318020448E-10
    2.5215500488E+04    1.0434747141E-10
    2.5225500488E+04    9.6801406483E-11
    2.5235500488E+04    8.9018524844E-11
    2.5245500488E+04    8.2061998842E-11
    2.5255500488E+04    7.5862485322E-11
    2.5265500488E+04    6.9754800279E-11
    2.5275500488E+04    6.4325233862E-11
    2.5285500488E+04    5.9428359971E-11
    2.5295500488E+04    5.4758116327E-11
    2.5305500488E+04    5.0493622718E-11
    2.5315500488E+04    4.6906223139E-11
    2.5325500488E+04    4.3223409875E-11
    2.5335500488E+04    3.9933394691E-11
    2.5345500488E+04    3.7048601379E-11
    2.5355500488E+04    3.4315960651E-11
    2.5365500488E+04    3.1979573738E-11
    2.5375500488E+04    2.9893392852E-11
    2.5385500488E+04    2.7895859000E-11
    2.5395500488E+04    2.6048802176E-11
    2.5405500488E+04    2.4321392800E-11
    2.5415500488E+04    2.2667515386E-11
    2.5425500488E+04    2.1164650609E-11
    2.5435500488E+04    1.9841581203E-11
    2.5445500488E+04    1.8499747196E-11
    2.5455500488E+04    1.7388844492E-11
    2.5465500488E+04    1.6479518698E-11
    2.5475500488E+04    1.5597416341E-11
    2.5485500488E+04    1.4773310779E-11
    2.5495500488E+04    1.4116470692E-11
    2.5505500488E+04    1.3404535389E-11
    2.5515500488E+04    1.2730091804E-11
    2.5525500488E+04    1.2091190517E-11
    2.5535500488E+04    1.1582175260E-11
    2.5545500488E+04    1.1005866324E-11
    2.5555500488E+04    1.0561865390E-11
    2.5565500488E+04    1.0132253536E-11
    2.5575500488E+04    9.7650068905E-12
    2.5585500488E+04    9.5549914390E-12
    2.5595500488E+04    9.3220075461E-12
    2.5605500488E+04    9.0825541591E-12
    2.5615500488E+04    8.8302448765E-12
    2.5625500488E+04    8.6042664849E-12
    2.5635500488E+04    8.2623339005E-12
    2.5645500488E+04    7.9864404578E-12
    2.5655500488E+04    7.6889443517E-12
    2.5665500488E+04    7.3557072066E-12
    2.5675500488E+04    6.9995664613E-12
    2.5685500488E+04    6.6525533948E-12
    2.5695500488E+04    6.3054412349E-12
    2.5705500488E+04    5.9153992936E-12
    2.5715500488E+04    5.5552317735E-12
    2.5725500488E+04    5.1853837703E-12
    2.5735500488E+04    4.8086635565E-12
    2.5745500488E+04    4.4460808826E-12
    2.5755500488E+04    4.0704113157E-12
    2.5765500488E+04    3.7022450924E-12
    2.5775500488E+04    3.3758252009E-12
    2.5785500488E+04    3.0509674093E-12
    2.5795500488E+04    2.7258360101E-12
    2.5805500488E+04    2.4502573555E-12
    2.5815500488E+04    2.1785489893E-12
    2.5825500488E+04    1.9043059837E-12
    2.5835500488E+04    1.6495319386E-12
    2.5845500488E+04    1.4239359982E-12
    2.5855500488E+04    1.2144881293E-12
    2.5865500488E+04    1.0363021784E-12
    2.5875500488E+04    8.7367830308E-13
    2.5885500488E+04    7.3663379190E-13
    2.5895500488E+04    6.1583026242E-13
    2.5905500488E+04    5.1130883167E-13
    2.5915500488E+04    4.2063501768E-13
    2.5925500488E+04    3.4650940586E-13
    2.5935500488E+04    2.8258536781E-13
    2.5945500488E+04    2.2895279194E-13
    2.5955500488E+04    1.8430833918E-13
    2.5965500488E+04    1.4859407480E-13
    2.5975500488E+04    1.1855079474E-13
    2.5985500488E+04    9.4198775121E-14
