###   Wavelength (A)        Transmission
    5.5054998779E+03    5.4375286223E-10
    5.5154998779E+03    5.6340854333E-11
    5.5254998779E+03    1.7308599852E-09
    5.5354998779E+03    3.6882685171E-09
    5.5454998779E+03    1.0215654871E-10
    5.5554998779E+03    1.5253331279E-09
    5.5654998779E+03    1.8553378161E-09
    5.5754998779E+03    3.5271817041E-09
    5.5854998779E+03    2.3614643865E-09
    5.5954998779E+03    2.3134562260E-09
    5.6054998779E+03    1.4149116898E-12
    5.6154998779E+03    5.1680008268E-09
    5.6254998779E+03    7.4827708021E-09
    5.6354998779E+03    4.5303073969E-09
    5.6454998779E+03    6.3522936438E-09
    5.6554998779E+03    1.3977218756E-09
    5.6654998779E+03    1.0102411110E-09
    5.6754998779E+03    4.5993281541E-09
    5.6854998779E+03    4.2155943800E-09
    5.6954998779E+03    4.9275926114E-09
    5.7054998779E+03    9.0584963421E-10
    5.7154998779E+03    7.2373480045E-10
    5.7254998779E+03    1.1354578955E-09
    5.7354998779E+03    4.1281652655E-09
    5.7454998779E+03    2.5560869416E-09
    5.7554998779E+03    3.1483558631E-09
    5.7654998779E+03    2.3930355340E-09
    5.7754998779E+03    3.2983754879E-12
    5.7854998779E+03    4.7260893802E-09
    5.7954998779E+03    3.3544742680E-09
    5.8054998779E+03    1.2942578727E-08
    5.8154998779E+03    4.9961684596E-09
    5.8254998779E+03    1.0871799172E-08
    5.8354998779E+03    9.4329240260E-09
    5.8454998779E+03    1.0318437232E-08
    5.8554998779E+03    4.7816395804E-09
    5.8654998779E+03    1.6896813856E-08
    5.8754998779E+03    1.3670725846E-08
    5.8854998779E+03    1.5969485177E-09
    5.8954998779E+03    8.1925892782E-12
    5.9054998779E+03    6.8845904013E-10
    5.9154998779E+03    2.7169273706E-09
    5.9254998779E+03    1.2560427036E-08
    5.9354998779E+03    1.3291783546E-09
    5.9454998779E+03    1.7802543971E-08
    5.9554998779E+03    2.4776940146E-08
    5.9654998779E+03    1.1614170024E-08
    5.9754998779E+03    9.4413357407E-12
    5.9854998779E+03    9.5516833899E-12
    5.9954998779E+03    1.7916581865E-09
    6.0054998779E+03    2.7782570681E-08
    6.0154998779E+03    1.2792879198E-08
    6.0254998779E+03    1.6145304068E-08
    6.0354998779E+03    1.3052417416E-08
    6.0454998779E+03    1.4158801111E-08
    6.0554998779E+03    1.5468987692E-08
    6.0654998779E+03    1.9691587640E-09
    6.0754998779E+03    8.4940124997E-09
    6.0854998779E+03    3.8147888273E-08
    6.0954998779E+03    3.7272615621E-08
    6.1054998779E+03    1.7672633112E-08
    6.1154998779E+03    2.1663801627E-08
    6.1254998779E+03    1.4919711114E-08
    6.1354998779E+03    5.3102027974E-08
    6.1454998779E+03    2.2349058629E-08
    6.1554998779E+03    2.8033333579E-08
    6.1654998779E+03    2.5276038252E-08
    6.1754998779E+03    2.6395862750E-08
    6.1854998779E+03    2.1752415369E-09
    6.1954998779E+03    3.7128635967E-08
    6.2054998779E+03    3.8619806508E-08
    6.2154998779E+03    4.7695974418E-08
    6.2254998779E+03    3.7047997850E-08
    6.2354998779E+03    2.6731921072E-08
    6.2454998779E+03    3.9252432267E-08
    6.2554998779E+03    6.5103436967E-08
    6.2654998779E+03    2.3338365846E-08
    6.2754998779E+03    1.6739982725E-08
    6.2854998779E+03    3.5617688265E-08
    6.2954998779E+03    8.0065154176E-08
    6.3054998779E+03    7.7860975558E-08
    6.3154998779E+03    4.1412477617E-08
    6.3254998779E+03    8.4924762337E-08
    6.3354998779E+03    8.6409701295E-08
    6.3454998779E+03    5.0792598176E-08
    6.3554998779E+03    1.1632957886E-07
    6.3654998779E+03    7.3979406229E-08
    6.3754998779E+03    1.1682407071E-07
    6.3854998779E+03    1.4828067598E-08
    6.3954998779E+03    6.1732264998E-08
    6.4054998779E+03    1.0956414122E-07
    6.4154998779E+03    6.3848891445E-08
    6.4254998779E+03    6.4497755034E-08
    6.4354998779E+03    7.3862701249E-08
    6.4454998779E+03    5.8989174812E-08
    6.4554998779E+03    9.1996644707E-08
    6.4654998779E+03    8.6654911995E-08
    6.4754998779E+03    7.0203155325E-08
    6.4854998779E+03    7.0646323444E-08
    6.4954998779E+03    1.2696062686E-07
    6.5054998779E+03    7.8111994147E-08
    6.5154998779E+03    1.0945852953E-07
    6.5254998779E+03    1.0063812044E-07
    6.5354998779E+03    6.4382298819E-08
    6.5454998779E+03    1.2759525791E-07
    6.5554998779E+03    1.0776382846E-07
    6.5654998779E+03    1.5222402662E-07
    6.5754998779E+03    1.2821651249E-07
    6.5854998779E+03    1.0979244488E-07
    6.5954998779E+03    1.0025788981E-07
    6.6054998779E+03    1.1033637776E-07
    6.6154998779E+03    1.1789879330E-07
    6.6254998779E+03    1.4563670797E-07
    6.6354998779E+03    1.6229004317E-07
    6.6454998779E+03    1.6056470403E-07
    6.6554998779E+03    1.7933919047E-07
    6.6654998779E+03    1.3360630616E-07
    6.6754998779E+03    1.7804727762E-07
    6.6854998779E+03    1.8210300985E-07
    6.6954998779E+03    1.5883680347E-07
    6.7054998779E+03    2.2463497124E-07
    6.7154998779E+03    2.0748333772E-07
    6.7254998779E+03    1.4377513090E-07
    6.7354998779E+03    2.3099111283E-07
    6.7454998779E+03    2.3706063725E-07
    6.7554998779E+03    2.2327410230E-07
    6.7654998779E+03    1.8775505156E-07
    6.7754998779E+03    1.7182608522E-07
    6.7854998779E+03    2.3435822444E-07
    6.7954998779E+03    1.7824746411E-07
    6.8054998779E+03    1.9134783438E-07
    6.8154998779E+03    2.1605012640E-07
    6.8254998779E+03    2.2985172602E-07
    6.8354998779E+03    2.1668659486E-07
    6.8454998779E+03    2.0647500109E-07
    6.8554998779E+03    2.2939863099E-07
    6.8654998779E+03    2.3419009897E-07
    6.8754998779E+03    2.0238024375E-07
    6.8854998779E+03    2.3652816217E-07
    6.8954998779E+03    2.2294727898E-07
    6.9054998779E+03    2.4504676288E-07
    6.9154998779E+03    2.3966205961E-07
    6.9254998779E+03    2.4476636235E-07
    6.9354998779E+03    2.2956677081E-07
    6.9454998779E+03    2.6512894780E-07
    6.9554998779E+03    2.7046408156E-07
    6.9654998779E+03    2.7000646752E-07
    6.9754998779E+03    3.2582966920E-07
    6.9854998779E+03    3.3151576802E-07
    6.9954998779E+03    2.7589336643E-07
    7.0054998779E+03    2.2918891671E-07
    7.0154998779E+03    2.3352268184E-07
    7.0254998779E+03    3.0184378834E-07
    7.0354998779E+03    2.8018040317E-07
    7.0454998779E+03    3.0648358873E-07
    7.0554998779E+03    2.7954138262E-07
    7.0654998779E+03    3.3160375209E-07
    7.0754998779E+03    3.3188601648E-07
    7.0854998779E+03    3.4918811402E-07
    7.0954998779E+03    3.5627773140E-07
    7.1054998779E+03    3.9862040287E-07
    7.1154998779E+03    3.4647236272E-07
    7.1254998779E+03    3.1383984918E-07
    7.1354998779E+03    3.6252628294E-07
    7.1454998779E+03    3.9038386040E-07
    7.1554998779E+03    3.5452509653E-07
    7.1654998779E+03    3.9345881320E-07
    7.1754998779E+03    4.8876762085E-07
    7.1854998779E+03    4.0620278789E-07
    7.1954998779E+03    4.2781489658E-07
    7.2054998779E+03    4.5324669233E-07
    7.2154998779E+03    4.3331420661E-07
    7.2254998779E+03    4.6472169172E-07
    7.2354998779E+03    4.0481283675E-07
    7.2454998779E+03    4.0634801736E-07
    7.2554998779E+03    4.8172616058E-07
    7.2654998779E+03    3.8789636281E-07
    7.2754998779E+03    3.8682940119E-07
    7.2854998779E+03    4.2883794223E-07
    7.2954998779E+03    3.5428903065E-07
    7.3054998779E+03    3.0436899411E-07
    7.3154998779E+03    3.4118788107E-07
    7.3254998779E+03    4.3479351236E-07
    7.3354998779E+03    3.4940905226E-07
    7.3454998779E+03    2.6250437569E-07
    7.3554998779E+03    3.0545501445E-07
    7.3654998779E+03    3.1232229549E-07
    7.3754998779E+03    3.1407863306E-07
    7.3854998779E+03    3.0966246091E-07
    7.3954998779E+03    4.0842508223E-07
    7.4054998779E+03    3.8964701983E-07
    7.4154998779E+03    3.5349995513E-07
    7.4254998779E+03    3.5135719261E-07
    7.4354998779E+03    4.2721115171E-07
    7.4454998779E+03    3.8048050563E-07
    7.4554998779E+03    3.5262096423E-07
    7.4654998779E+03    4.1407625120E-07
    7.4754998779E+03    3.6507247179E-07
    7.4854998779E+03    4.7914238754E-07
    7.4954998779E+03    3.6742272954E-07
    7.5054998779E+03    4.4126668593E-07
    7.5154998779E+03    4.7405774155E-07
    7.5254998779E+03    4.3625768716E-07
    7.5354998779E+03    4.2730798126E-07
    7.5454998779E+03    5.0379855624E-07
    7.5554998779E+03    3.9942767612E-07
    7.5654998779E+03    3.8133691836E-07
    7.5754998779E+03    3.9901925265E-07
    7.5854998779E+03    4.5183763169E-07
    7.5954998779E+03    5.2951100591E-07
    7.6054998779E+03    5.4925076253E-07
    7.6154998779E+03    5.1569712956E-07
    7.6254998779E+03    5.2513830807E-07
    7.6354998779E+03    5.8128821788E-07
    7.6454998779E+03    6.3104055357E-07
    7.6554998779E+03    6.3505568452E-07
    7.6654998779E+03    6.0675946670E-07
    7.6754998779E+03    7.1597158615E-07
    7.6854998779E+03    8.5123790524E-07
    7.6954998779E+03    1.1958711160E-06
    7.7054998779E+03    1.5062339954E-06
    7.7154998779E+03    2.2684707369E-06
    7.7254998779E+03    3.3310497650E-06
    7.7354998779E+03    5.2489788014E-06
    7.7454998779E+03    8.3146609689E-06
    7.7554998779E+03    1.2599067022E-05
    7.7654998779E+03    1.8618746271E-05
    7.7754998779E+03    2.6792674580E-05
    7.7854998779E+03    3.7867910068E-05
    7.7954998779E+03    5.1546946462E-05
    7.8054998779E+03    7.2088862834E-05
    7.8154998779E+03    1.0212038403E-04
    7.8254998779E+03    1.5194688125E-04
    7.8354998779E+03    2.4741375724E-04
    7.8454998779E+03    4.1849248567E-04
    7.8554998779E+03    7.9761564804E-04
    7.8654998779E+03    1.7067107214E-03
    7.8754998779E+03    3.7938239843E-03
    7.8854998779E+03    8.7195968958E-03
    7.8954998779E+03    1.9899882476E-02
    7.9054998779E+03    3.9976395718E-02
    7.9154998779E+03    7.0743228689E-02
    7.9254998779E+03    1.0920298492E-01
    7.9354998779E+03    1.5240082685E-01
    7.9454998779E+03    1.8988921548E-01
    7.9554998779E+03    2.1936727956E-01
    7.9654998779E+03    2.4113472511E-01
    7.9754998779E+03    2.5321916988E-01
    7.9854998779E+03    2.5970099952E-01
    7.9954998779E+03    2.6260072663E-01
    8.0054998779E+03    2.6460161412E-01
    8.0154998779E+03    2.6453333194E-01
    8.0254998779E+03    2.6252460346E-01
    8.0354998779E+03    2.6047702308E-01
    8.0454998779E+03    2.5770212823E-01
    8.0554998779E+03    2.5543173509E-01
    8.0654998779E+03    2.5196720660E-01
    8.0754998779E+03    2.4832172179E-01
    8.0854998779E+03    2.4555921337E-01
    8.0954998779E+03    2.4571871242E-01
    8.1054998779E+03    2.4764836955E-01
    8.1154998779E+03    2.5132802581E-01
    8.1254998779E+03    2.5577946372E-01
    8.1354998779E+03    2.5931306376E-01
    8.1454998779E+03    2.6406018079E-01
    8.1554998779E+03    2.6579544319E-01
    8.1654998779E+03    2.6817512882E-01
    8.1754998779E+03    2.7043239843E-01
    8.1854998779E+03    2.7270014591E-01
    8.1954998779E+03    2.7380958358E-01
    8.2054998779E+03    2.7490306496E-01
    8.2154998779E+03    2.7615649619E-01
    8.2254998779E+03    2.7453228187E-01
    8.2354998779E+03    2.7357531987E-01
    8.2454998779E+03    2.7188942033E-01
    8.2554998779E+03    2.6914843925E-01
    8.2654998779E+03    2.6753877141E-01
    8.2754998779E+03    2.6630478452E-01
    8.2854998779E+03    2.6622366231E-01
    8.2954998779E+03    2.6653257259E-01
    8.3054998779E+03    2.6570022084E-01
    8.3154998779E+03    2.6663210261E-01
    8.3254998779E+03    2.6693579673E-01
    8.3354998779E+03    2.6681503305E-01
    8.3454998779E+03    2.6667360720E-01
    8.3554998779E+03    2.6981554557E-01
    8.3654998779E+03    2.7266651617E-01
    8.3754998779E+03    2.7592871039E-01
    8.3854998779E+03    2.7866955893E-01
    8.3954998779E+03    2.8016505020E-01
    8.4054998779E+03    2.8158253857E-01
    8.4154998779E+03    2.8369012740E-01
    8.4254998779E+03    2.8388119397E-01
    8.4354998779E+03    2.8307386566E-01
    8.4454998779E+03    2.8233354941E-01
    8.4554998779E+03    2.7987540581E-01
    8.4654998779E+03    2.7866414436E-01
    8.4754998779E+03    2.7616226901E-01
    8.4854998779E+03    2.7473743870E-01
    8.4954998779E+03    2.7522162364E-01
    8.5054998779E+03    2.7631752805E-01
    8.5154998779E+03    2.7815851095E-01
    8.5254998779E+03    2.7873260581E-01
    8.5354998779E+03    2.7900542406E-01
    8.5454998779E+03    2.8041910229E-01
    8.5554998779E+03    2.7965622876E-01
    8.5654998779E+03    2.8162180068E-01
    8.5754998779E+03    2.8356260915E-01
    8.5854998779E+03    2.8588946602E-01
    8.5954998779E+03    2.8749687240E-01
    8.6054998779E+03    2.9157148847E-01
    8.6154998779E+03    2.9345824278E-01
    8.6254998779E+03    2.9318459144E-01
    8.6354998779E+03    2.9188658733E-01
    8.6454998779E+03    2.9209517207E-01
    8.6554998779E+03    2.9291483745E-01
    8.6654998779E+03    2.9622701954E-01
    8.6754998779E+03    2.9291118338E-01
    8.6854998779E+03    2.9039160550E-01
    8.6954998779E+03    2.9058695989E-01
    8.7054998779E+03    2.9064642655E-01
    8.7154998779E+03    2.8682329575E-01
    8.7254998779E+03    2.8916832678E-01
    8.7354998779E+03    2.8904088851E-01
    8.7454998779E+03    2.9022680052E-01
    8.7554998779E+03    2.8777256190E-01
    8.7654998779E+03    2.8851315771E-01
    8.7754998779E+03    2.9353771789E-01
    8.7854998779E+03    2.9419133120E-01
    8.7954998779E+03    2.9330112149E-01
    8.8054998779E+03    2.9820681927E-01
    8.8154998779E+03    2.9600104625E-01
    8.8254998779E+03    2.9979292186E-01
    8.8354998779E+03    2.9724279467E-01
    8.8454998779E+03    3.0203395105E-01
    8.8554998779E+03    2.9729832532E-01
    8.8654998779E+03    2.9372751124E-01
    8.8754998779E+03    3.0286186285E-01
    8.8854998779E+03    3.0609475697E-01
    8.8954998779E+03    3.0352202739E-01
    8.9054998779E+03    2.9698260688E-01
    8.9154998779E+03    3.0080598678E-01
    8.9254998779E+03    2.9959040078E-01
    8.9354998779E+03    2.9909584448E-01
    8.9454998779E+03    2.9955785292E-01
    8.9554998779E+03    2.9737577660E-01
    8.9654998779E+03    2.9212661424E-01
    8.9754998779E+03    2.9680775693E-01
    8.9854998779E+03    2.9735943240E-01
    8.9954998779E+03    2.9585124425E-01
    9.0054998779E+03    2.9699301627E-01
    9.0154998779E+03    2.9701911275E-01
    9.0254998779E+03    2.9833649220E-01
    9.0354998779E+03    2.9759680686E-01
    9.0454998779E+03    2.9800617095E-01
    9.0554998779E+03    3.0112351632E-01
    9.0654998779E+03    3.0103129712E-01
    9.0754998779E+03    3.0038371340E-01
    9.0854998779E+03    3.0304753429E-01
    9.0954998779E+03    3.0379907127E-01
    9.1054998779E+03    3.0429509174E-01
    9.1154998779E+03    3.0525931621E-01
    9.1254998779E+03    3.0620633800E-01
    9.1354998779E+03    3.0654282270E-01
    9.1454998779E+03    3.0793974207E-01
    9.1554998779E+03    3.0739780300E-01
    9.1654998779E+03    3.0951789034E-01
    9.1754998779E+03    3.0811341155E-01
    9.1854998779E+03    3.0989664054E-01
    9.1954998779E+03    3.0963116662E-01
    9.2054998779E+03    3.0874148150E-01
    9.2154998779E+03    3.0826829540E-01
    9.2254998779E+03    3.0790310353E-01
    9.2354998779E+03    3.0741283446E-01
    9.2454998779E+03    3.0568895859E-01
    9.2554998779E+03    3.0605892637E-01
    9.2654998779E+03    3.0535458217E-01
    9.2754998779E+03    3.0520509762E-01
    9.2854998779E+03    3.0660052694E-01
    9.2954998779E+03    3.0785116694E-01
    9.3054998779E+03    3.0893157087E-01
    9.3154998779E+03    3.1000133583E-01
    9.3254998779E+03    3.1064315661E-01
    9.3354998779E+03    3.1042941063E-01
    9.3454998779E+03    3.1118390244E-01
    9.3554998779E+03    3.1095249581E-01
    9.3654998779E+03    3.1121606423E-01
    9.3754998779E+03    3.1069322912E-01
    9.3854998779E+03    3.0972997937E-01
    9.3954998779E+03    3.0996589953E-01
    9.4054998779E+03    3.0968849456E-01
    9.4154998779E+03    3.0856985433E-01
    9.4254998779E+03    3.0803075572E-01
    9.4354998779E+03    3.0729084597E-01
    9.4454998779E+03    3.0649814135E-01
    9.4554998779E+03    3.0612863948E-01
    9.4654998779E+03    3.0518747464E-01
    9.4754998779E+03    3.0461625060E-01
    9.4854998779E+03    3.0582233891E-01
    9.4954998779E+03    3.0733571643E-01
    9.5054998779E+03    3.0782854888E-01
    9.5154998779E+03    3.1126562015E-01
    9.5254998779E+03    3.1003031564E-01
    9.5354998779E+03    3.1068817492E-01
    9.5454998779E+03    3.1107184942E-01
    9.5554998779E+03    3.1143733382E-01
    9.5654998779E+03    3.1143983685E-01
    9.5754998779E+03    3.1099528661E-01
    9.5854998779E+03    3.1304140632E-01
    9.5954998779E+03    3.1105019986E-01
    9.6054998779E+03    3.1067709661E-01
    9.6154998779E+03    3.1065294104E-01
    9.6254998779E+03    3.1052154037E-01
    9.6354998779E+03    3.1026323366E-01
    9.6454998779E+03    3.1073338910E-01
    9.6554998779E+03    3.0959148420E-01
    9.6654998779E+03    3.0838807040E-01
    9.6754998779E+03    3.0909362926E-01
    9.6854998779E+03    3.0901380521E-01
    9.6954998779E+03    3.0922590679E-01
    9.7054998779E+03    3.0974937756E-01
    9.7154998779E+03    3.1027021750E-01
    9.7254998779E+03    3.1076664085E-01
    9.7354998779E+03    3.1131669936E-01
    9.7454998779E+03    3.0926107288E-01
    9.7554998779E+03    3.1172031420E-01
    9.7654998779E+03    3.0997555674E-01
    9.7754998779E+03    3.0981617748E-01
    9.7854998779E+03    3.1083782047E-01
    9.7954998779E+03    3.0994019731E-01
    9.8054998779E+03    3.0900510216E-01
    9.8154998779E+03    3.1176196423E-01
    9.8254998779E+03    3.1135230511E-01
    9.8354998779E+03    3.1156890125E-01
    9.8454998779E+03    3.1179898741E-01
    9.8554998779E+03    3.1276445905E-01
    9.8654998779E+03    3.1176576882E-01
    9.8754998779E+03    3.1225887110E-01
    9.8854998779E+03    3.1361746581E-01
    9.8954998779E+03    3.1351968257E-01
    9.9054998779E+03    3.1456729787E-01
    9.9154998779E+03    3.1320794118E-01
    9.9254998779E+03    3.1381945592E-01
    9.9354998779E+03    3.1257297486E-01
    9.9454998779E+03    3.1265487304E-01
    9.9554998779E+03    3.1192858853E-01
    9.9654998779E+03    3.1108344758E-01
    9.9754998779E+03    3.0838589956E-01
    9.9854998779E+03    3.0199200329E-01
    9.9954998779E+03    2.9233351764E-01
    1.0005499878E+04    2.7372604924E-01
    1.0015499878E+04    2.5117930381E-01
    1.0025499878E+04    2.2094555844E-01
    1.0035499878E+04    1.8704821750E-01
    1.0045499878E+04    1.6216597609E-01
    1.0055499878E+04    1.3451916986E-01
    1.0065499878E+04    1.1264786463E-01
    1.0075499878E+04    9.1227420877E-02
    1.0085499878E+04    7.7360852316E-02
    1.0095499878E+04    6.3851961241E-02
    1.0105499878E+04    5.4142428562E-02
    1.0115499878E+04    4.7048822317E-02
    1.0125499878E+04    3.9962544312E-02
    1.0135499878E+04    3.4014363113E-02
    1.0145499878E+04    3.0223639032E-02
    1.0155499878E+04    2.6193594013E-02
    1.0165499878E+04    2.2231407096E-02
    1.0175499878E+04    1.8576836043E-02
    1.0185499878E+04    1.4877740040E-02
    1.0195499878E+04    1.1453797881E-02
    1.0205499878E+04    8.7788297730E-03
    1.0215499878E+04    6.5668871814E-03
    1.0225499878E+04    4.5691548987E-03
    1.0235499878E+04    3.6171879920E-03
    1.0245500488E+04    2.5741125989E-03
    1.0255500488E+04    1.8852173564E-03
    1.0265500488E+04    1.3322715116E-03
    1.0275500488E+04    9.9779922244E-04
    1.0285500488E+04    7.3992753501E-04
    1.0295500488E+04    5.2641561084E-04
    1.0305500488E+04    4.3112956334E-04
    1.0315500488E+04    3.1932146685E-04
    1.0325500488E+04    2.4580910093E-04
    1.0335500488E+04    1.8826984975E-04
    1.0345500488E+04    1.4845215729E-04
    1.0355500488E+04    1.1373134556E-04
    1.0365500488E+04    9.1872964411E-05
    1.0375500488E+04    7.5182144874E-05
    1.0385500488E+04    5.8224000942E-05
    1.0395500488E+04    4.7642863714E-05
    1.0405500488E+04    3.8614149791E-05
    1.0415500488E+04    3.1554762523E-05
    1.0425500488E+04    2.5855101419E-05
    1.0435500488E+04    2.1062112795E-05
    1.0445500488E+04    1.8051666324E-05
    1.0455500488E+04    1.4347704339E-05
    1.0465500488E+04    1.2191753547E-05
    1.0475500488E+04    1.0509387593E-05
    1.0485500488E+04    8.3079742101E-06
    1.0495500488E+04    8.3990313333E-06
    1.0505500488E+04    6.7962726850E-06
    1.0515500488E+04    5.8227223675E-06
    1.0525500488E+04    4.9285188259E-06
    1.0535500488E+04    4.4182207587E-06
    1.0545500488E+04    2.6064821833E-06
    1.0555500488E+04    4.0950850176E-06
    1.0565500488E+04    4.2202142409E-06
    1.0575500488E+04    3.0048710743E-06
    1.0585500488E+04    3.1082668096E-06
    1.0595500488E+04    2.4750229263E-06
    1.0605500488E+04    2.2147076576E-06
    1.0615500488E+04    2.6417795509E-06
    1.0625500488E+04    1.7211437369E-06
    1.0635500488E+04    1.3017674169E-06
    1.0645500488E+04    1.7859502017E-06
    1.0655500488E+04    1.5647290448E-06
    1.0665500488E+04    2.6300799214E-06
    1.0675500488E+04    1.0978678219E-06
    1.0685500488E+04    2.8565460765E-06
    1.0695500488E+04    2.1746980840E-06
    1.0705500488E+04    1.9256901044E-06
    1.0715500488E+04    1.2352391085E-06
    1.0725500488E+04    2.1766538034E-06
    1.0735500488E+04    1.8631788449E-06
    1.0745500488E+04    1.6129882103E-06
    1.0755500488E+04    5.2390514158E-07
    1.0765500488E+04    2.9370781166E-06
    1.0775500488E+04    7.6716536756E-07
    1.0785500488E+04    1.3818723982E-06
    1.0795500488E+04    1.5006526752E-06
    1.0805500488E+04    2.2467807897E-06
    1.0815500488E+04    6.0462447083E-07
    1.0825500488E+04    8.2593343375E-07
    1.0835500488E+04    4.7577084243E-07
    1.0845500488E+04    8.7225515833E-07
    1.0855500488E+04    5.6401681550E-07
    1.0865500488E+04    8.3179376071E-07
    1.0875500488E+04    1.5607257723E-06
    1.0885500488E+04    6.8669964112E-07
    1.0895500488E+04    2.6069435100E-06
    1.0905500488E+04    1.0645349710E-06
    1.0915500488E+04    6.4550503852E-07
    1.0925500488E+04    5.7464958570E-07
    1.0935500488E+04    1.8239940231E-06
    1.0945500488E+04    1.4329599457E-06
    1.0955500488E+04    4.6864776175E-07
    1.0965500488E+04    3.5932299038E-07
    1.0975500488E+04    2.1481704994E-06
    1.0985500488E+04    6.7441528762E-07
    1.0995500488E+04    3.5507524474E-07
    1.1005500488E+04    1.2651375208E-06
    1.1015500488E+04    1.7583415886E-06
    1.1025500488E+04    1.4681224985E-06
    1.1035500488E+04    1.4501584875E-07
    1.1045500488E+04    8.0911488735E-07
    1.1055500488E+04    6.5726208592E-07
    1.1065500488E+04    1.4334484467E-07
    1.1075500488E+04    7.9869959763E-07
    1.1085500488E+04    9.1137530789E-07
    1.1095500488E+04    6.4239004551E-07
    1.1105500488E+04    2.2625677428E-06
    1.1115500488E+04    4.4894042428E-07
    1.1125500488E+04    1.8738648269E-06
    1.1135500488E+04    5.0529039033E-07
    1.1145500488E+04    1.1345697127E-06
    1.1155500488E+04    9.3072434973E-07
    1.1165500488E+04    1.5988271267E-06
    1.1175500488E+04    2.0366189233E-06
    1.1185500488E+04    1.3371087758E-06
    1.1195500488E+04    1.2440722197E-06
    1.1205500488E+04    1.0600703297E-06
    1.1215500488E+04    2.0313926488E-06
    1.1225500488E+04    1.6752502221E-06
    1.1235500488E+04    2.2068913995E-08
    1.1245500488E+04    9.7407233518E-07
    1.1255500488E+04    6.6025248900E-07
    1.1265500488E+04    1.2029619447E-06
    1.1275500488E+04    1.4018975921E-06
    1.1285500488E+04    4.5543899492E-07
    1.1295500488E+04    2.6692553112E-06
    1.1305500488E+04    1.4861559433E-06
    1.1315500488E+04    6.8727464986E-07
    1.1325500488E+04    6.8044808842E-07
    1.1335500488E+04    9.5980764844E-07
    1.1345500488E+04    3.8763761866E-07
    1.1355500488E+04    1.6975535959E-06
    1.1365500488E+04    6.9295950916E-07
    1.1375500488E+04    1.3062616996E-06
    1.1385500488E+04    1.9055917736E-06
    1.1395500488E+04    6.4979493612E-07
    1.1405500488E+04    1.6063635271E-06
    1.1415500488E+04    7.2378815744E-07
    1.1425500488E+04    1.7481629640E-06
    1.1435500488E+04    1.5535127319E-06
    1.1445500488E+04    9.8008208126E-07
    1.1455500488E+04    7.7961660794E-07
    1.1465500488E+04    1.2070796546E-06
    1.1475500488E+04    4.5178649241E-07
    1.1485500488E+04    1.8154100541E-06
    1.1495500488E+04    1.2270193542E-06
    1.1505500488E+04    9.9529380946E-07
    1.1515500488E+04    7.1746033048E-07
    1.1525500488E+04    1.5748704194E-06
    1.1535500488E+04    1.0033763520E-06
    1.1545500488E+04    6.6215305558E-07
    1.1555500488E+04    1.4417826080E-06
    1.1565500488E+04    2.4520981194E-07
    1.1575500488E+04    1.8008296242E-06
    1.1585500488E+04    1.2412354126E-06
    1.1595500488E+04    1.5905571891E-06
    1.1605500488E+04    8.9253483762E-07
    1.1615500488E+04    5.7762873993E-07
    1.1625500488E+04    9.0561147658E-07
    1.1635500488E+04    1.6191425860E-06
    1.1645500488E+04    1.0536968315E-06
    1.1655500488E+04    9.1344001678E-07
    1.1665500488E+04    1.7908537459E-06
    1.1675500488E+04    1.3129582294E-06
    1.1685500488E+04    1.1911820814E-06
    1.1695500488E+04    8.6038821459E-07
    1.1705500488E+04    1.8274320735E-06
    1.1715500488E+04    3.6897976123E-11
    1.1725500488E+04    2.2503454716E-06
    1.1735500488E+04    2.5674560826E-06
    1.1745500488E+04    5.4499075414E-07
    1.1755500488E+04    1.0973067168E-06
    1.1765500488E+04    1.5065124435E-06
    1.1775500488E+04    1.4767425857E-06
    1.1785500488E+04    6.0307233727E-07
    1.1795500488E+04    1.4412248040E-06
    1.1805500488E+04    1.0265178874E-06
    1.1815500488E+04    5.8988727750E-07
    1.1825500488E+04    1.5335246284E-06
    1.1835500488E+04    1.5198346561E-06
    1.1845500488E+04    1.0391221744E-06
    1.1855500488E+04    8.5452591240E-07
    1.1865500488E+04    8.8393003422E-07
    1.1875500488E+04    1.7893325276E-06
    1.1885500488E+04    1.9561801113E-06
    1.1895500488E+04    9.1876640083E-07
    1.1905500488E+04    1.7883204344E-06
    1.1915500488E+04    1.3272269338E-06
    1.1925500488E+04    2.1048505898E-06
    1.1935500488E+04    7.7794860084E-07
    1.1945500488E+04    1.1033998954E-06
    1.1955500488E+04    1.2791328635E-06
    1.1965500488E+04    9.6031873847E-07
    1.1975500488E+04    1.8761464096E-06
    1.1985500488E+04    6.1246317692E-07
    1.1995500488E+04    1.5298505973E-06
    1.2005500488E+04    1.3609832633E-06
    1.2015500488E+04    1.3999301919E-06
    1.2025500488E+04    1.7619370269E-06
    1.2035500488E+04    1.2771393532E-06
    1.2045500488E+04    9.7230966606E-07
    1.2055500488E+04    5.8664465587E-07
    1.2065500488E+04    9.6355901516E-07
    1.2075500488E+04    2.3033289659E-06
    1.2085500488E+04    1.2588073832E-06
    1.2095500488E+04    1.8023724119E-06
    1.2105500488E+04    1.1881988669E-06
    1.2115500488E+04    1.5588318726E-06
    1.2125500488E+04    1.1868104197E-06
    1.2135500488E+04    1.5044993008E-06
    1.2145500488E+04    1.4389725198E-06
    1.2155500488E+04    9.7170645308E-07
    1.2165500488E+04    2.4308427563E-06
    1.2175500488E+04    1.0869063645E-06
    1.2185500488E+04    5.1525445514E-07
    1.2195500488E+04    1.0471302540E-06
    1.2205500488E+04    2.6015410473E-06
    1.2215500488E+04    9.3382940144E-07
    1.2225500488E+04    1.7779812669E-06
    1.2235500488E+04    1.7282402842E-06
    1.2245500488E+04    1.5770600840E-06
    1.2255500488E+04    1.1638323785E-06
    1.2265500488E+04    8.7443378831E-07
    1.2275500488E+04    6.8308879004E-07
    1.2285500488E+04    1.3632873832E-06
    1.2295500488E+04    6.0959461724E-07
    1.2305500488E+04    1.9974556779E-06
    1.2315500488E+04    2.5116428768E-07
    1.2325500488E+04    1.6078560285E-06
    1.2335500488E+04    9.0165666661E-07
    1.2345500488E+04    1.6366826629E-06
    1.2355500488E+04    1.6974387841E-06
    1.2365500488E+04    7.3854226463E-07
    1.2375500488E+04    4.2107158390E-07
    1.2385500488E+04    7.0234126396E-07
    1.2395500488E+04    2.3168766168E-06
    1.2405500488E+04    2.1155224760E-06
    1.2415500488E+04    1.9330384338E-06
    1.2425500488E+04    2.6057693462E-06
    1.2435500488E+04    6.5871811423E-07
    1.2445500488E+04    1.2166053465E-06
    1.2455500488E+04    2.2542347421E-06
    1.2465500488E+04    1.6989013466E-06
    1.2475500488E+04    7.3467153845E-07
    1.2485500488E+04    2.7839964437E-06
    1.2495500488E+04    1.8061447534E-06
    1.2505500488E+04    2.1645958791E-06
    1.2515500488E+04    1.2511215215E-06
    1.2525500488E+04    1.5545662065E-06
    1.2535500488E+04    5.2661595172E-07
    1.2545500488E+04    1.0258937527E-06
    1.2555500488E+04    1.1817990396E-06
    1.2565500488E+04    1.4066061431E-06
    1.2575500488E+04    1.9492412266E-06
    1.2585500488E+04    1.4706577021E-06
    1.2595500488E+04    1.2316653757E-06
    1.2605500488E+04    1.5829721612E-06
    1.2615500488E+04    2.2986061925E-06
    1.2625500488E+04    1.4505059088E-06
    1.2635500488E+04    4.3119221632E-07
    1.2645500488E+04    4.0656204961E-07
    1.2655500488E+04    2.4402379589E-06
    1.2665500488E+04    1.9610747633E-06
    1.2675500488E+04    2.1417015680E-06
    1.2685500488E+04    1.3029735287E-06
    1.2695500488E+04    1.6466245913E-06
    1.2705500488E+04    1.5496337116E-06
    1.2715500488E+04    2.3948463748E-06
    1.2725500488E+04    1.8986121782E-06
    1.2735500488E+04    6.7695324539E-07
    1.2745500488E+04    1.2985028022E-06
    1.2755500488E+04    1.2176755632E-06
    1.2765500488E+04    1.4288250407E-06
    1.2775500488E+04    2.1178073856E-06
    1.2785500488E+04    1.3106051398E-06
    1.2795500488E+04    9.0867596146E-07
    1.2805500488E+04    1.9661369757E-06
    1.2815500488E+04    2.7619182767E-06
    1.2825500488E+04    1.8288511594E-06
    1.2835500488E+04    7.6514875827E-07
    1.2845500488E+04    1.0014613481E-06
    1.2855500488E+04    2.3628497474E-06
    1.2865500488E+04    1.2068587027E-06
    1.2875500488E+04    1.5962736794E-06
    1.2885500488E+04    1.7809612418E-06
    1.2895500488E+04    2.3350154998E-06
    1.2905500488E+04    1.9596264643E-06
    1.2915500488E+04    2.0371345464E-06
    1.2925500488E+04    1.9095071932E-06
    1.2935500488E+04    1.6016454947E-06
    1.2945500488E+04    5.5921000713E-07
    1.2955500488E+04    1.5650968361E-06
    1.2965500488E+04    1.9301015419E-06
    1.2975500488E+04    1.2801355119E-06
    1.2985500488E+04    1.3026667390E-06
    1.2995500488E+04    2.8113027185E-06
    1.3005500488E+04    2.6440197272E-06
    1.3015500488E+04    1.0327020194E-06
    1.3025500488E+04    1.5878889161E-06
    1.3035500488E+04    1.8565362638E-06
    1.3045500488E+04    1.6975622217E-06
    1.3055500488E+04    1.4453986151E-06
    1.3065500488E+04    1.9897200901E-06
    1.3075500488E+04    1.9036984633E-06
    1.3085500488E+04    2.6912982641E-06
    1.3095500488E+04    1.4959269219E-06
    1.3105500488E+04    1.8583544245E-06
    1.3115500488E+04    1.3272716613E-06
    1.3125500488E+04    1.7817283299E-06
    1.3135500488E+04    1.9556046602E-06
    1.3145500488E+04    2.2732789672E-06
    1.3155500488E+04    1.1600060162E-06
    1.3165500488E+04    1.8134431062E-06
    1.3175500488E+04    1.7277822730E-06
    1.3185500488E+04    1.9609326574E-06
    1.3195500488E+04    2.5630318248E-06
    1.3205500488E+04    2.6507478534E-06
    1.3215500488E+04    2.2775589469E-06
    1.3225500488E+04    2.6928983477E-06
    1.3235500488E+04    1.1016170202E-06
    1.3245500488E+04    1.6164318114E-06
    1.3255500488E+04    2.4492306448E-06
    1.3265500488E+04    1.6405390005E-06
    1.3275500488E+04    1.7844456362E-06
    1.3285500488E+04    1.6051957561E-06
    1.3295500488E+04    2.6183876224E-06
    1.3305500488E+04    1.8607187737E-06
    1.3315500488E+04    1.2645514412E-06
    1.3325500488E+04    1.2025155302E-06
    1.3335500488E+04    2.6364348251E-06
    1.3345500488E+04    2.0668322965E-06
    1.3355500488E+04    8.0560757595E-07
    1.3365500488E+04    1.8046512297E-06
    1.3375500488E+04    2.6840378368E-06
    1.3385500488E+04    2.6489699929E-06
    1.3395500488E+04    2.1073048828E-06
    1.3405500488E+04    1.4005029651E-06
    1.3415500488E+04    2.2609870272E-06
    1.3425500488E+04    1.8018077550E-06
    1.3435500488E+04    2.2169552941E-06
    1.3445500488E+04    2.5364557647E-06
    1.3455500488E+04    8.9848696633E-07
    1.3465500488E+04    2.5272957447E-06
    1.3475500488E+04    2.4722266667E-06
    1.3485500488E+04    1.3843097746E-06
    1.3495500488E+04    9.9801001570E-07
    1.3505500488E+04    2.5217572105E-06
    1.3515500488E+04    2.1724743328E-06
    1.3525500488E+04    2.5752815649E-06
    1.3535500488E+04    3.2630762901E-06
    1.3545500488E+04    3.1698868354E-07
    1.3555500488E+04    2.1130329730E-06
    1.3565500488E+04    1.5642100270E-06
    1.3575500488E+04    2.9432687057E-06
    1.3585500488E+04    1.1665466536E-06
    1.3595500488E+04    2.0593713150E-06
    1.3605500488E+04    8.2119269618E-07
    1.3615500488E+04    2.8879268027E-06
    1.3625500488E+04    2.1929193999E-06
    1.3635500488E+04    1.1180472743E-06
    1.3645500488E+04    1.7757982304E-06
    1.3655500488E+04    1.3069319254E-06
    1.3665500488E+04    2.0318484096E-06
    1.3675500488E+04    1.0451768382E-06
    1.3685500488E+04    1.8914532904E-06
    1.3695500488E+04    1.3062756442E-06
    1.3705500488E+04    1.5676162667E-06
    1.3715500488E+04    2.1066205084E-06
    1.3725500488E+04    1.6171153823E-06
    1.3735500488E+04    1.7178040464E-06
    1.3745500488E+04    1.3966099650E-06
    1.3755500488E+04    1.6734629818E-06
    1.3765500488E+04    2.5690712063E-06
    1.3775500488E+04    2.0875398261E-06
    1.3785500488E+04    1.8350982921E-06
    1.3795500488E+04    4.0401784767E-11
    1.3805500488E+04    2.5719354994E-06
    1.3815500488E+04    2.6104291037E-06
    1.3825500488E+04    1.4515882149E-06
    1.3835500488E+04    2.1110439748E-06
    1.3845500488E+04    2.5960504429E-06
    1.3855500488E+04    1.9543367708E-06
    1.3865500488E+04    2.8040542103E-06
    1.3875500488E+04    2.0198496348E-06
    1.3885500488E+04    9.1201714920E-07
    1.3895500488E+04    2.0136672096E-06
    1.3905500488E+04    1.8132003917E-06
    1.3915500488E+04    1.2137618200E-06
    1.3925500488E+04    2.0556115239E-06
    1.3935500488E+04    2.0308667966E-06
    1.3945500488E+04    2.4790473371E-06
    1.3955500488E+04    3.0144222147E-06
    1.3965500488E+04    2.2348986349E-06
    1.3975500488E+04    1.0085665588E-06
    1.3985500488E+04    2.2610097428E-06
    1.3995500488E+04    2.6166185973E-06
    1.4005500488E+04    1.8468798343E-06
    1.4015500488E+04    2.7011220743E-06
    1.4025500488E+04    1.1070559350E-06
    1.4035500488E+04    6.5823818606E-07
    1.4045500488E+04    1.2368853789E-06
    1.4055500488E+04    2.0682638978E-06
    1.4065500488E+04    3.2420465238E-06
    1.4075500488E+04    7.8878999874E-07
    1.4085500488E+04    1.5523230081E-06
    1.4095500488E+04    1.1551538303E-06
    1.4105500488E+04    2.0735415349E-06
    1.4115500488E+04    3.5552317648E-06
    1.4125500488E+04    4.4755610699E-07
    1.4135500488E+04    2.1105343610E-06
    1.4145500488E+04    3.1413023867E-06
    1.4155500488E+04    1.7952415320E-06
    1.4165500488E+04    1.3613553107E-06
    1.4175500488E+04    3.0330313589E-06
    1.4185500488E+04    2.5339324994E-06
    1.4195500488E+04    2.8186647123E-06
    1.4205500488E+04    2.2840263140E-06
    1.4215500488E+04    1.3863167639E-06
    1.4225500488E+04    2.4769212200E-06
    1.4235500488E+04    2.0061466900E-06
    1.4245500488E+04    2.9595625349E-06
    1.4255500488E+04    9.0756450979E-07
    1.4265500488E+04    3.3717111504E-06
    1.4275500488E+04    9.2498815199E-07
    1.4285500488E+04    2.6700063628E-06
    1.4295500488E+04    1.9549772387E-06
    1.4305500488E+04    2.6269744476E-06
    1.4315500488E+04    1.4996487792E-06
    1.4325500488E+04    2.4260855588E-06
    1.4335500488E+04    2.2430363485E-06
    1.4345500488E+04    8.8248502089E-07
    1.4355500488E+04    3.3470278357E-06
    1.4365500488E+04    1.2068146914E-06
    1.4375500488E+04    2.9481433130E-06
    1.4385500488E+04    1.1848585060E-06
    1.4395500488E+04    1.9610154942E-06
    1.4405500488E+04    1.4019223167E-06
    1.4415500488E+04    2.8569358291E-06
    1.4425500488E+04    1.4342039778E-06
    1.4435500488E+04    2.0849250061E-06
    1.4445500488E+04    2.5451752630E-06
    1.4455500488E+04    7.3800008713E-07
    1.4465500488E+04    2.8296187331E-06
    1.4475500488E+04    1.8624403474E-06
    1.4485500488E+04    2.4783901745E-06
    1.4495500488E+04    1.2697327919E-06
    1.4505500488E+04    2.9278663675E-07
    1.4515500488E+04    1.4395318443E-06
    1.4525500488E+04    2.0857443516E-06
    1.4535500488E+04    2.5194700595E-06
    1.4545500488E+04    1.0215822539E-06
    1.4555500488E+04    2.9038973305E-06
    1.4565500488E+04    3.5578776913E-06
    1.4575500488E+04    2.5528081954E-06
    1.4585500488E+04    1.5907879524E-06
    1.4595500488E+04    1.8781511978E-06
    1.4605500488E+04    2.5232290932E-06
    1.4615500488E+04    2.8223711294E-06
    1.4625500488E+04    2.0526082157E-06
    1.4635500488E+04    9.1755653791E-07
    1.4645500488E+04    3.7861724178E-06
    1.4655500488E+04    2.6226977544E-06
    1.4665500488E+04    1.1712890591E-06
    1.4675500488E+04    2.9818947719E-06
    1.4685500488E+04    2.9153345557E-06
    1.4695500488E+04    1.8884621299E-06
    1.4705500488E+04    1.7278711824E-06
    1.4715500488E+04    2.4966480969E-06
    1.4725500488E+04    2.6083066556E-06
    1.4735500488E+04    2.1193910519E-06
    1.4745500488E+04    2.4733678843E-06
    1.4755500488E+04    3.5285113587E-06
    1.4765500488E+04    1.7202984243E-06
    1.4775500488E+04    2.9063637200E-06
    1.4785500488E+04    3.0547397871E-06
    1.4795500488E+04    1.7875263074E-06
    1.4805500488E+04    4.7080601412E-06
    1.4815500488E+04    3.3060351760E-06
    1.4825500488E+04    2.3332712917E-06
    1.4835500488E+04    4.1548938180E-06
    1.4845500488E+04    3.9446937997E-06
    1.4855500488E+04    1.0052902578E-06
    1.4865500488E+04    2.1984050664E-06
    1.4875500488E+04    4.4943133207E-06
    1.4885500488E+04    3.7730032385E-06
    1.4895500488E+04    4.0194626939E-06
    1.4905500488E+04    4.3566193780E-06
    1.4915500488E+04    4.2104866291E-06
    1.4925500488E+04    3.9858025460E-06
    1.4935500488E+04    2.8233408079E-06
    1.4945500488E+04    4.5517296738E-06
    1.4955500488E+04    2.2679003191E-06
    1.4965500488E+04    3.5732141250E-06
    1.4975500488E+04    2.3265393148E-06
    1.4985500488E+04    3.0396012052E-06
    1.4995500488E+04    2.0900196278E-06
    1.5005500488E+04    2.9092086139E-06
    1.5015500488E+04    1.5517139959E-06
    1.5025500488E+04    2.8195501392E-06
    1.5035500488E+04    3.1739337437E-06
    1.5045500488E+04    3.3034229967E-06
    1.5055500488E+04    2.3777232988E-06
    1.5065500488E+04    1.7542866554E-06
    1.5075500488E+04    2.6650410372E-06
    1.5085500488E+04    3.3091053322E-06
    1.5095500488E+04    3.0472535842E-06
    1.5105500488E+04    1.9991949051E-06
    1.5115500488E+04    3.1620484761E-06
    1.5125500488E+04    2.3597712363E-06
    1.5135500488E+04    3.2012931933E-06
    1.5145500488E+04    2.4323271180E-06
    1.5155500488E+04    3.4024858927E-06
    1.5165500488E+04    2.7098674366E-06
    1.5175500488E+04    2.8039491756E-06
    1.5185500488E+04    2.9695851864E-06
    1.5195500488E+04    2.5428283436E-06
    1.5205500488E+04    1.9877376592E-06
    1.5215500488E+04    2.6941538333E-06
    1.5225500488E+04    3.0200336971E-06
    1.5235500488E+04    2.7977663850E-06
    1.5245500488E+04    2.0296271275E-06
    1.5255500488E+04    3.1700156424E-06
    1.5265500488E+04    2.6615786538E-06
    1.5275500488E+04    2.1630763637E-06
    1.5285500488E+04    4.5952747309E-06
    1.5295500488E+04    2.3085357434E-06
    1.5305500488E+04    2.6792307955E-06
    1.5315500488E+04    2.1179594911E-06
    1.5325500488E+04    3.8087925926E-06
    1.5335500488E+04    2.3297927517E-06
    1.5345500488E+04    2.8244370268E-06
    1.5355500488E+04    2.4210815178E-06
    1.5365500488E+04    3.9992546803E-06
    1.5375500488E+04    3.5026481036E-06
    1.5385500488E+04    2.0617016858E-06
    1.5395500488E+04    2.6447799977E-06
    1.5405500488E+04    2.7293819533E-06
    1.5415500488E+04    4.5708703791E-06
    1.5425500488E+04    1.7394975462E-06
    1.5435500488E+04    2.9119087380E-06
    1.5445500488E+04    2.6621086679E-06
    1.5455500488E+04    2.0766210551E-06
    1.5465500488E+04    3.8910394838E-06
    1.5475500488E+04    2.7570633248E-06
    1.5485500488E+04    5.4956196383E-06
    1.5495500488E+04    2.9533638422E-06
    1.5505500488E+04    4.3731647737E-07
    1.5515500488E+04    3.6695086960E-06
    1.5525500488E+04    2.5823088740E-06
    1.5535500488E+04    1.9147292813E-06
    1.5545500488E+04    1.6356770139E-06
    1.5555500488E+04    3.3675186516E-06
    1.5565500488E+04    1.9502535492E-06
    1.5575500488E+04    4.6411474576E-06
    1.5585500488E+04    3.1583213289E-06
    1.5595500488E+04    2.8963143720E-06
    1.5605500488E+04    4.3305625601E-06
    1.5615500488E+04    2.6103976656E-06
    1.5625500488E+04    3.9744110627E-06
    1.5635500488E+04    5.2258315339E-06
    1.5645500488E+04    3.7083814695E-06
    1.5655500488E+04    4.5039477798E-06
    1.5665500488E+04    2.7331389457E-06
    1.5675500488E+04    3.8493052563E-06
    1.5685500488E+04    2.7074484501E-06
    1.5695500488E+04    3.4743143293E-06
    1.5705500488E+04    2.3987676871E-06
    1.5715500488E+04    1.3985998846E-06
    1.5725500488E+04    4.3780487136E-06
    1.5735500488E+04    2.4904152930E-06
    1.5745500488E+04    3.7395956345E-06
    1.5755500488E+04    2.8188015057E-06
    1.5765500488E+04    4.7647103233E-06
    1.5775500488E+04    2.3126523328E-06
    1.5785500488E+04    3.9245726171E-06
    1.5795500488E+04    4.8074722166E-06
    1.5805500488E+04    3.1112731928E-06
    1.5815500488E+04    2.8546631071E-06
    1.5825500488E+04    4.1358394347E-06
    1.5835500488E+04    3.0383152667E-06
    1.5845500488E+04    3.5312952624E-06
    1.5855500488E+04    3.8905761015E-06
    1.5865500488E+04    4.4613019628E-06
    1.5875500488E+04    3.6631788916E-06
    1.5885500488E+04    1.9998768027E-06
    1.5895500488E+04    4.0036330941E-06
    1.5905500488E+04    4.3728058878E-06
    1.5915500488E+04    1.6476131050E-06
    1.5925500488E+04    2.8975134110E-06
    1.5935500488E+04    7.9985518796E-07
    1.5945500488E+04    2.5141441336E-06
    1.5955500488E+04    4.2042419063E-06
    1.5965500488E+04    3.7256548501E-06
    1.5975500488E+04    3.1255487026E-06
    1.5985500488E+04    3.5319043755E-06
    1.5995500488E+04    4.1896619831E-06
    1.6005500488E+04    4.2417083011E-06
    1.6015500488E+04    6.8771999708E-07
    1.6025500488E+04    4.0793023764E-06
    1.6035500488E+04    1.6990708647E-06
    1.6045500488E+04    4.9232013188E-06
    1.6055500488E+04    1.7009527431E-06
    1.6065500488E+04    5.5688303964E-06
    1.6075500488E+04    3.1703056624E-06
    1.6085500488E+04    3.1950649545E-06
    1.6095500488E+04    1.2654345464E-06
    1.6105500488E+04    5.5386497841E-06
    1.6115500488E+04    5.9244056358E-06
    1.6125500488E+04    2.3998621107E-06
    1.6135500488E+04    1.8161948070E-06
    1.6145500488E+04    4.8861052600E-06
    1.6155500488E+04    5.4366404420E-06
    1.6165500488E+04    3.2068663418E-06
    1.6175500488E+04    1.1741415959E-06
    1.6185500488E+04    5.4630793812E-06
    1.6195500488E+04    5.3908480955E-06
    1.6205500488E+04    3.1591279088E-06
    1.6215500488E+04    2.3022536997E-06
    1.6225500488E+04    3.6522231232E-06
    1.6235500488E+04    3.0473409986E-06
    1.6245500488E+04    3.1476040810E-06
    1.6255500488E+04    3.8080538125E-06
    1.6265500488E+04    3.6162064671E-06
    1.6275500488E+04    4.4847754536E-06
    1.6285500488E+04    2.3281604355E-06
    1.6295500488E+04    4.2354084966E-06
    1.6305500488E+04    4.2053020772E-06
    1.6315500488E+04    4.5800056772E-06
    1.6325500488E+04    4.4260286343E-06
    1.6335500488E+04    3.0742831858E-06
    1.6345500488E+04    5.5748422850E-06
    1.6355500488E+04    2.9446943519E-06
    1.6365500488E+04    5.9244184719E-06
    1.6375500488E+04    3.3153918437E-06
    1.6385500488E+04    3.3585329370E-06
    1.6395500488E+04    1.9433247839E-06
    1.6405500488E+04    2.9618028200E-06
    1.6415500488E+04    3.6540276260E-06
    1.6425500488E+04    2.1920441777E-06
    1.6435500488E+04    6.1656630697E-06
    1.6445500488E+04    2.8128240134E-06
    1.6455500488E+04    5.0709136992E-06
    1.6465500488E+04    5.1081997334E-06
    1.6475500488E+04    4.9128943047E-06
    1.6485500488E+04    4.2877919650E-06
    1.6495500488E+04    2.6725822193E-06
    1.6505500488E+04    6.5099714584E-06
    1.6515500488E+04    5.0658752683E-06
    1.6525500488E+04    5.3182573210E-06
    1.6535500488E+04    2.7150241124E-06
    1.6545500488E+04    7.9465009180E-06
    1.6555500488E+04    4.6833861098E-06
    1.6565500488E+04    3.4133434984E-06
    1.6575500488E+04    2.4920609678E-06
    1.6585500488E+04    3.9927000895E-06
    1.6595500488E+04    4.3111639339E-06
    1.6605500488E+04    4.8880672797E-06
    1.6615500488E+04    3.3921445140E-06
    1.6625500488E+04    2.6178185641E-06
    1.6635500488E+04    2.9185769768E-06
    1.6645500488E+04    5.2746897794E-06
    1.6655500488E+04    1.8752474188E-06
    1.6665500488E+04    3.2108328258E-06
    1.6675500488E+04    2.8051599817E-06
    1.6685500488E+04    4.0050549877E-06
    1.6695500488E+04    1.7528162689E-06
    1.6705500488E+04    2.0510495381E-06
    1.6715500488E+04    3.1644974815E-06
    1.6725500488E+04    5.2920160514E-06
    1.6735500488E+04    3.2465993782E-06
    1.6745500488E+04    3.9547223181E-06
    1.6755500488E+04    1.9767791463E-06
    1.6765500488E+04    5.2986064615E-06
    1.6775500488E+04    3.7347336557E-06
    1.6785500488E+04    5.3548871757E-06
    1.6795500488E+04    6.8185177205E-06
    1.6805500488E+04    4.4633345766E-11
    1.6815500488E+04    2.3187504276E-06
    1.6825500488E+04    2.6927738829E-06
    1.6835500488E+04    2.8485186990E-06
    1.6845500488E+04    4.4105652991E-06
    1.6855500488E+04    1.7720172974E-06
    1.6865500488E+04    5.3201950241E-06
    1.6875500488E+04    2.2960914922E-06
    1.6885500488E+04    1.6814364453E-06
    1.6895500488E+04    4.8671547627E-06
    1.6905500488E+04    4.7015763090E-06
    1.6915500488E+04    4.5864870302E-07
    1.6925500488E+04    5.4126900006E-06
    1.6935500488E+04    1.6070268054E-06
    1.6945500488E+04    5.2641141753E-06
    1.6955500488E+04    3.2079377424E-06
    1.6965500488E+04    5.6053973643E-06
    1.6975500488E+04    3.5024538317E-06
    1.6985500488E+04    6.4449556946E-07
    1.6995500488E+04    4.2242917687E-06
    1.7005500488E+04    1.7592672167E-06
    1.7015500488E+04    3.0968680341E-06
    1.7025500488E+04    1.5423107548E-06
    1.7035500488E+04    3.4475864250E-06
    1.7045500488E+04    2.5999972485E-06
    1.7055500488E+04    2.5801991498E-06
    1.7065500488E+04    3.1390979398E-06
    1.7075500488E+04    2.5259857922E-06
    1.7085500488E+04    2.6451008155E-06
    1.7095500488E+04    6.2101544730E-06
    1.7105500488E+04    4.3277339124E-06
    1.7115500488E+04    1.5734264213E-06
    1.7125500488E+04    3.7087715513E-06
    1.7135500488E+04    2.7166565126E-06
    1.7145500488E+04    4.9812132069E-06
    1.7155500488E+04    3.9749843745E-06
    1.7165500488E+04    2.0153132807E-06
    1.7175500488E+04    3.5298439965E-06
    1.7185500488E+04    8.3008379073E-07
    1.7195500488E+04    1.8639967419E-06
    1.7205500488E+04    4.5406007668E-06
    1.7215500488E+04    3.4998881842E-06
    1.7225500488E+04    4.6839776379E-06
    1.7235500488E+04    4.1469064875E-06
    1.7245500488E+04    3.0774365062E-06
    1.7255500488E+04    4.5968413550E-06
    1.7265500488E+04    4.6985773003E-06
    1.7275500488E+04    2.5407089789E-06
    1.7285500488E+04    7.3829436744E-06
    1.7295500488E+04    5.9246847084E-06
    1.7305500488E+04    2.2805375860E-06
    1.7315500488E+04    4.6951344498E-06
    1.7325500488E+04    4.5386822230E-06
    1.7335500488E+04    3.5123465223E-06
    1.7345500488E+04    5.5234503355E-06
    1.7355500488E+04    4.7501123605E-06
    1.7365500488E+04    5.7315892158E-06
    1.7375500488E+04    5.4448443504E-06
    1.7385500488E+04    4.3349806795E-06
    1.7395500488E+04    4.2845829851E-06
    1.7405500488E+04    8.3567309189E-06
    1.7415500488E+04    4.6398199629E-06
    1.7425500488E+04    3.8070698616E-06
    1.7435500488E+04    2.5112047585E-06
    1.7445500488E+04    4.2375155212E-06
    1.7455500488E+04    5.3572944168E-06
    1.7465500488E+04    5.0619884719E-06
    1.7475500488E+04    3.3551387867E-06
    1.7485500488E+04    7.5028836049E-06
    1.7495500488E+04    4.4527013059E-06
    1.7505500488E+04    4.4063559718E-06
    1.7515500488E+04    2.8872519079E-06
    1.7525500488E+04    1.7618277301E-06
    1.7535500488E+04    7.2784202124E-06
    1.7545500488E+04    2.9553263650E-06
    1.7555500488E+04    8.4559425010E-06
    1.7565500488E+04    1.7741718197E-06
    1.7575500488E+04    6.1355131026E-06
    1.7585500488E+04    3.8729476083E-06
    1.7595500488E+04    6.8655104627E-06
    1.7605500488E+04    1.2392160738E-06
    1.7615500488E+04    3.8112187710E-06
    1.7625500488E+04    1.6139764641E-06
    1.7635500488E+04    5.9578643419E-06
    1.7645500488E+04    4.3519501231E-06
    1.7655500488E+04    2.7584235663E-06
    1.7665500488E+04    4.1990155281E-06
    1.7675500488E+04    3.8809002016E-06
    1.7685500488E+04    3.3328863446E-06
    1.7695500488E+04    2.1926647923E-06
    1.7705500488E+04    6.0204126381E-06
    1.7715500488E+04    4.2296816677E-06
    1.7725500488E+04    4.4803777663E-06
    1.7735500488E+04    3.5924549608E-06
    1.7745500488E+04    1.9945683079E-06
    1.7755500488E+04    7.1851087771E-06
    1.7765500488E+04    5.0879568990E-06
    1.7775500488E+04    4.1898621582E-06
    1.7785500488E+04    6.9657623941E-06
    1.7795500488E+04    4.2064596610E-06
    1.7805500488E+04    3.6972798711E-06
    1.7815500488E+04    4.0468107578E-06
    1.7825500488E+04    5.6543419943E-06
    1.7835500488E+04    5.7127162226E-06
    1.7845500488E+04    3.2869662615E-06
    1.7855500488E+04    4.9718662960E-06
    1.7865500488E+04    6.4131053270E-06
    1.7875500488E+04    5.0111303735E-06
    1.7885500488E+04    3.5098125721E-06
    1.7895500488E+04    2.2462371121E-06
    1.7905500488E+04    1.4522406208E-06
    1.7915500488E+04    7.1787486797E-06
    1.7925500488E+04    3.0172609941E-06
    1.7935500488E+04    5.4079553699E-06
    1.7945500488E+04    2.4360890171E-06
    1.7955500488E+04    5.2709894154E-06
    1.7965500488E+04    6.9111002394E-06
    1.7975500488E+04    2.3333516938E-06
    1.7985500488E+04    4.7291602733E-06
    1.7995500488E+04    6.0917050266E-06
    1.8005500488E+04    1.6209853517E-06
    1.8015500488E+04    3.9824421176E-06
    1.8025500488E+04    5.1279264259E-06
    1.8035500488E+04    5.8889719529E-06
    1.8045500488E+04    2.1224824828E-06
    1.8055500488E+04    5.3227493008E-06
    1.8065500488E+04    4.6133960481E-06
    1.8075500488E+04    4.7788140067E-06
    1.8085500488E+04    6.6356652028E-06
    1.8095500488E+04    4.9816183238E-06
    1.8105500488E+04    8.4183045581E-06
    1.8115500488E+04    5.3451638010E-06
    1.8125500488E+04    9.2932859161E-06
    1.8135500488E+04    5.5777661575E-06
    1.8145500488E+04    7.7489046745E-06
    1.8155500488E+04    7.8201582100E-06
    1.8165500488E+04    3.1910798840E-06
    1.8175500488E+04    5.2978229787E-06
    1.8185500488E+04    5.9756305438E-06
    1.8195500488E+04    6.0153539412E-06
    1.8205500488E+04    2.4765153334E-06
    1.8215500488E+04    3.2488809378E-06
    1.8225500488E+04    4.3951923178E-06
    1.8235500488E+04    1.0593729802E-05
    1.8245500488E+04    3.7951235409E-06
    1.8255500488E+04    6.2599690107E-06
    1.8265500488E+04    2.0466618997E-06
    1.8275500488E+04    7.3962086648E-06
    1.8285500488E+04    6.2781973169E-06
    1.8295500488E+04    2.2891083260E-07
    1.8305500488E+04    9.8274851700E-06
    1.8315500488E+04    6.5841280471E-06
    1.8325500488E+04    1.1442189800E-05
    1.8335500488E+04    2.4512416315E-06
    1.8345500488E+04    2.2887873008E-06
    1.8355500488E+04    9.4679016745E-06
    1.8365500488E+04    7.6330830699E-06
    1.8375500488E+04    4.3040661246E-06
    1.8385500488E+04    5.0587510970E-06
    1.8395500488E+04    7.9705307962E-06
    1.8405500488E+04    1.1150801885E-05
    1.8415500488E+04    1.3815985662E-06
    1.8425500488E+04    1.3391505826E-06
    1.8435500488E+04    6.8039198829E-06
    1.8445500488E+04    7.7651154139E-06
    1.8455500488E+04    7.1890304487E-06
    1.8465500488E+04    1.0280092488E-05
    1.8475500488E+04    8.4255531472E-06
    1.8485500488E+04    4.4280204403E-06
    1.8495500488E+04    1.1469922465E-05
    1.8505500488E+04    1.8819746609E-06
    1.8515500488E+04    7.3993357376E-06
    1.8525500488E+04    7.6645872527E-06
    1.8535500488E+04    8.6719016108E-06
    1.8545500488E+04    3.8188902651E-06
    1.8555500488E+04    4.8755456857E-06
    1.8565500488E+04    1.0528929848E-05
    1.8575500488E+04    2.8077638316E-06
    1.8585500488E+04    6.5705493699E-06
    1.8595500488E+04    8.4631679403E-06
    1.8605500488E+04    4.1436525856E-06
    1.8615500488E+04    1.0914867661E-06
    1.8625500488E+04    9.0175246834E-06
    1.8635500488E+04    7.4346363731E-06
    1.8645500488E+04    5.1157816716E-06
    1.8655500488E+04    9.8303556449E-07
    1.8665500488E+04    5.8022294314E-06
    1.8675500488E+04    8.4736528146E-06
    1.8685500488E+04    6.5513655643E-06
    1.8695500488E+04    5.3976989517E-06
    1.8705500488E+04    4.5980247220E-06
    1.8715500488E+04    8.5090606002E-06
    1.8725500488E+04    6.6257471307E-06
    1.8735500488E+04    4.2237369027E-06
    1.8745500488E+04    7.1226172942E-06
    1.8755500488E+04    9.9439163705E-06
    1.8765500488E+04    1.0394332723E-05
    1.8775500488E+04    2.9563931037E-06
    1.8785500488E+04    1.1228320328E-05
    1.8795500488E+04    5.8183850118E-06
    1.8805500488E+04    4.5186864882E-06
    1.8815500488E+04    5.0827281336E-06
    1.8825500488E+04    3.6995658071E-06
    1.8835500488E+04    4.6391144259E-06
    1.8845500488E+04    6.9094615015E-06
    1.8855500488E+04    6.1310829714E-06
    1.8865500488E+04    6.8972798722E-06
    1.8875500488E+04    6.3508419044E-06
    1.8885500488E+04    4.9138076009E-06
    1.8895500488E+04    8.5439260776E-06
    1.8905500488E+04    7.6189159702E-06
    1.8915500488E+04    5.1347964301E-06
    1.8925500488E+04    6.0405284211E-06
    1.8935500488E+04    8.3166788601E-06
    1.8945500488E+04    7.6788155224E-06
    1.8955500488E+04    4.7573505910E-06
    1.8965500488E+04    5.0719347438E-06
    1.8975500488E+04    5.1636752869E-06
    1.8985500488E+04    5.4643979152E-06
    1.8995500488E+04    1.2629948864E-05
    1.9005500488E+04    6.2080403324E-06
    1.9015500488E+04    3.2738297626E-06
    1.9025500488E+04    6.4466172586E-06
    1.9035500488E+04    5.8621125692E-06
    1.9045500488E+04    5.7686735400E-06
    1.9055500488E+04    3.4531907039E-06
    1.9065500488E+04    7.6365127269E-06
    1.9075500488E+04    5.3808803631E-06
    1.9085500488E+04    5.4646958182E-06
    1.9095500488E+04    1.0022456857E-05
    1.9105500488E+04    1.0452788695E-05
    1.9115500488E+04    5.5364194311E-06
    1.9125500488E+04    8.1044217167E-06
    1.9135500488E+04    9.1884758603E-06
    1.9145500488E+04    8.4081762046E-06
    1.9155500488E+04    6.3234250556E-06
    1.9165500488E+04    5.6911119149E-06
    1.9175500488E+04    1.0702217756E-05
    1.9185500488E+04    5.9928024623E-06
    1.9195500488E+04    4.3850547385E-06
    1.9205500488E+04    1.4257496662E-05
    1.9215500488E+04    5.6346786907E-06
    1.9225500488E+04    1.1014546100E-05
    1.9235500488E+04    7.5904004058E-06
    1.9245500488E+04    8.1841697097E-06
    1.9255500488E+04    7.0036999637E-06
    1.9265500488E+04    1.2843578200E-05
    1.9275500488E+04    7.0804800965E-06
    1.9285500488E+04    6.4767912740E-06
    1.9295500488E+04    1.4408357148E-05
    1.9305500488E+04    1.2040868483E-05
    1.9315500488E+04    1.2015121595E-05
    1.9325500488E+04    2.0431454538E-06
    1.9335500488E+04    8.6990479561E-06
    1.9345500488E+04    1.0575331316E-05
    1.9355500488E+04    5.9402603612E-06
    1.9365500488E+04    5.3746171363E-06
    1.9375500488E+04    6.1260060286E-06
    1.9385500488E+04    4.6290421178E-06
    1.9395500488E+04    1.2853214856E-05
    1.9405500488E+04    6.0578595271E-06
    1.9415500488E+04    1.0374903290E-05
    1.9425500488E+04    2.8450576962E-06
    1.9435500488E+04    8.8363657655E-06
    1.9445500488E+04    8.4960729872E-06
    1.9455500488E+04    5.7813707101E-06
    1.9465500488E+04    5.2990318541E-06
    1.9475500488E+04    8.5749576610E-06
    1.9485500488E+04    6.0242543254E-06
    1.9495500488E+04    9.3916160769E-06
    1.9505500488E+04    8.0074935190E-06
    1.9515500488E+04    6.6179616650E-06
    1.9525500488E+04    6.5793555628E-06
    1.9535500488E+04    6.9895083049E-06
    1.9545500488E+04    1.0946678507E-05
    1.9555500488E+04    9.8029677536E-06
    1.9565500488E+04    1.1541145096E-05
    1.9575500488E+04    8.1839151245E-06
    1.9585500488E+04    9.1387706650E-06
    1.9595500488E+04    8.5179192420E-06
    1.9605500488E+04    8.7456176534E-06
    1.9615500488E+04    5.6368942133E-06
    1.9625500488E+04    5.7499514740E-06
    1.9635500488E+04    6.8484022262E-06
    1.9645500488E+04    4.7338666502E-06
    1.9655500488E+04    2.9063663685E-06
    1.9665500488E+04    7.6812931851E-06
    1.9675500488E+04    8.0691136236E-06
    1.9685500488E+04    1.4921337045E-06
    1.9695500488E+04    1.0733502996E-05
    1.9705500488E+04    6.1876554248E-06
    1.9715500488E+04    8.4326137207E-06
    1.9725500488E+04    8.1158731212E-06
    1.9735500488E+04    1.0151133258E-05
    1.9745500488E+04    6.7449931143E-08
    1.9755500488E+04    7.9338643198E-06
    1.9765500488E+04    5.6525154609E-06
    1.9775500488E+04    8.8012452019E-06
    1.9785500488E+04    3.5134116978E-06
    1.9795500488E+04    8.6887482206E-06
    1.9805500488E+04    1.3753765667E-05
    1.9815500488E+04    5.8108047309E-07
    1.9825500488E+04    7.6905097376E-06
    1.9835500488E+04    5.1159702603E-06
    1.9845500488E+04    1.0907180438E-05
    1.9855500488E+04    7.9960379248E-07
    1.9865500488E+04    4.5318784827E-06
    1.9875500488E+04    8.1502816014E-06
    1.9885500488E+04    8.7419678810E-06
    1.9895500488E+04    2.3347496688E-07
    1.9905500488E+04    3.9175486803E-06
    1.9915500488E+04    6.6986087553E-06
    1.9925500488E+04    1.5802622639E-05
    1.9935500488E+04    3.8481923256E-06
    1.9945500488E+04    3.8219787271E-06
    1.9955500488E+04    9.5911176913E-06
    1.9965500488E+04    3.0725786911E-06
    1.9975500488E+04    6.9443359602E-06
    1.9985500488E+04    5.4221589290E-06
    1.9995500488E+04    7.5662745788E-06
    2.0005500488E+04    8.8421176238E-06
    2.0015500488E+04    4.9030975645E-06
    2.0025500488E+04    5.6810880532E-06
    2.0035500488E+04    5.0904958513E-06
    2.0045500488E+04    1.1148005936E-05
    2.0055500488E+04    6.2869175166E-06
    2.0065500488E+04    4.3910088087E-06
    2.0075500488E+04    2.1463951568E-06
    2.0085500488E+04    7.6997689278E-06
    2.0095500488E+04    9.9962535244E-06
    2.0105500488E+04    1.0660557653E-05
    2.0115500488E+04    6.3295192798E-06
    2.0125500488E+04    3.2932837272E-06
    2.0135500488E+04    1.0644339784E-05
    2.0145500488E+04    4.9827747219E-06
    2.0155500488E+04    8.8928917433E-06
    2.0165500488E+04    8.5565503567E-06
    2.0175500488E+04    1.9894421757E-06
    2.0185500488E+04    1.2702119631E-05
    2.0195500488E+04    5.1063006161E-06
    2.0205500488E+04    1.6299940859E-05
    2.0215500488E+04    4.7114655307E-11
    2.0225500488E+04    1.2273287529E-05
    2.0235500488E+04    9.0794426575E-08
    2.0245500488E+04    9.4476545918E-06
    2.0255500488E+04    7.7722680608E-06
    2.0265500488E+04    6.5126349926E-06
    2.0275500488E+04    8.3883541457E-06
    2.0285500488E+04    7.9972454633E-06
    2.0295500488E+04    6.9465181860E-06
    2.0305500488E+04    6.1452183141E-06
    2.0315500488E+04    3.9247121710E-06
    2.0325500488E+04    6.6002812393E-06
    2.0335500488E+04    7.0474763345E-06
    2.0345500488E+04    4.9645241918E-06
    2.0355500488E+04    6.9277625776E-06
    2.0365500488E+04    1.7012880923E-06
    2.0375500488E+04    5.7935365757E-06
    2.0385500488E+04    1.1030335523E-05
    2.0395500488E+04    8.9331198889E-06
    2.0405500488E+04    6.6284565449E-06
    2.0415500488E+04    3.0499032688E-06
    2.0425500488E+04    5.2905794054E-06
    2.0435500488E+04    8.4988243091E-06
    2.0445500488E+04    2.8454426612E-06
    2.0455500488E+04    6.4020318831E-06
    2.0465500488E+04    1.1406649170E-05
    2.0475500488E+04    7.4346225037E-06
    2.0485500488E+04    9.6255746481E-06
    2.0495500488E+04    6.4817620913E-06
    2.0505500488E+04    7.1536629759E-06
    2.0515500488E+04    5.1514926602E-06
    2.0525500488E+04    6.5825457490E-06
    2.0535500488E+04    1.2290044253E-05
    2.0545500488E+04    1.5834136673E-05
    2.0555500488E+04    7.4909028070E-06
    2.0565500488E+04    5.1240443141E-06
    2.0575500488E+04    5.3982836094E-06
    2.0585500488E+04    8.2386545303E-06
    2.0595500488E+04    3.8939079014E-06
    2.0605500488E+04    3.1209450144E-06
    2.0615500488E+04    6.1186604349E-06
    2.0625500488E+04    6.5128107457E-06
    2.0635500488E+04    1.3523671381E-05
    2.0645500488E+04    7.1486471582E-06
    2.0655500488E+04    1.1658399201E-06
    2.0665500488E+04    1.1450661776E-05
    2.0675500488E+04    1.2536469696E-05
    2.0685500488E+04    2.3628171601E-06
    2.0695500488E+04    8.4362173075E-06
    2.0705500488E+04    7.2575551500E-06
    2.0715500488E+04    5.9311884597E-06
    2.0725500488E+04    3.1288599379E-06
    2.0735500488E+04    3.8495411365E-06
    2.0745500488E+04    1.1543791423E-05
    2.0755500488E+04    1.4590165245E-06
    2.0765500488E+04    8.2102400004E-06
    2.0775500488E+04    4.4245621703E-06
    2.0785500488E+04    1.2437377555E-05
    2.0795500488E+04    2.5195750323E-06
    2.0805500488E+04    1.1494903040E-05
    2.0815500488E+04    1.3636719207E-05
    2.0825500488E+04    3.7259961469E-06
    2.0835500488E+04    5.7417260664E-06
    2.0845500488E+04    5.2731295253E-06
    2.0855500488E+04    1.0380635200E-05
    2.0865500488E+04    5.7554516666E-06
    2.0875500488E+04    3.9429190192E-06
    2.0885500488E+04    1.4085038548E-05
    2.0895500488E+04    4.7824268149E-11
    2.0905500488E+04    4.4481941506E-06
    2.0915500488E+04    1.2715637693E-05
    2.0925500488E+04    9.7848961825E-06
    2.0935500488E+04    6.5016729463E-06
    2.0945500488E+04    1.2044591477E-05
    2.0955500488E+04    2.7012719046E-06
    2.0965500488E+04    1.8187525068E-05
    2.0975500488E+04    6.3392861143E-06
    2.0985500488E+04    4.1978745219E-06
    2.0995500488E+04    1.3340761225E-05
    2.1005500488E+04    6.0878480358E-06
    2.1015500488E+04    6.5876481585E-06
    2.1025500488E+04    8.9321696422E-06
    2.1035500488E+04    1.3910745599E-05
    2.1045500488E+04    4.5404846827E-06
    2.1055500488E+04    6.0701349685E-06
    2.1065500488E+04    1.3801872060E-05
    2.1075500488E+04    7.5713741748E-06
    2.1085500488E+04    1.0227713908E-05
    2.1095500488E+04    8.3454417594E-06
    2.1105500488E+04    1.6216696933E-05
    2.1115500488E+04    3.5015001187E-06
    2.1125500488E+04    1.1100598392E-05
    2.1135500488E+04    2.5334320407E-06
    2.1145500488E+04    9.7813653035E-06
    2.1155500488E+04    1.1521931083E-05
    2.1165500488E+04    1.3628124821E-05
    2.1175500488E+04    3.4029513099E-06
    2.1185500488E+04    5.1591018347E-06
    2.1195500488E+04    9.0506597112E-06
    2.1205500488E+04    5.7801841205E-06
    2.1215500488E+04    5.2404098649E-06
    2.1225500488E+04    1.9230178525E-05
    2.1235500488E+04    1.2680774392E-05
    2.1245500488E+04    1.3741411404E-05
    2.1255500488E+04    9.0398083054E-06
    2.1265500488E+04    8.0255235885E-06
    2.1275500488E+04    7.9413027608E-06
    2.1285500488E+04    5.7552398322E-06
    2.1295500488E+04    1.3860216292E-05
    2.1305500488E+04    3.0658239724E-06
    2.1315500488E+04    3.4538081838E-06
    2.1325500488E+04    7.5713852841E-06
    2.1335500488E+04    6.7775039782E-06
    2.1345500488E+04    9.4081662555E-06
    2.1355500488E+04    1.4252183845E-05
    2.1365500488E+04    1.5727579478E-05
    2.1375500488E+04    1.6127544533E-05
    2.1385500488E+04    1.4805472627E-05
    2.1395500488E+04    1.9625938147E-06
    2.1405500488E+04    1.1609655023E-05
    2.1415500488E+04    6.2089576906E-06
    2.1425500488E+04    1.5173543197E-05
    2.1435500488E+04    9.2889783179E-06
    2.1445500488E+04    7.3094222396E-06
    2.1455500488E+04    8.2800613277E-06
    2.1465500488E+04    1.5628235690E-05
    2.1475500488E+04    3.3712955332E-06
    2.1485500488E+04    7.2630939439E-06
    2.1495500488E+04    1.2574808360E-05
    2.1505500488E+04    3.9594896296E-06
    2.1515500488E+04    1.2192477770E-05
    2.1525500488E+04    1.7707721937E-05
    2.1535500488E+04    8.4951309276E-06
    2.1545500488E+04    1.8398847202E-05
    2.1555500488E+04    1.4199712016E-05
    2.1565500488E+04    1.1822103840E-05
    2.1575500488E+04    9.4980099650E-06
    2.1585500488E+04    8.4222672004E-06
    2.1595500488E+04    1.0660572061E-05
    2.1605500488E+04    3.3786407486E-06
    2.1615500488E+04    1.6839422404E-05
    2.1625500488E+04    3.9895401042E-06
    2.1635500488E+04    9.2188483770E-06
    2.1645500488E+04    2.1941195627E-06
    2.1655500488E+04    1.5280626391E-05
    2.1665500488E+04    1.2038922359E-05
    2.1675500488E+04    8.4377018453E-06
    2.1685500488E+04    1.1234711009E-05
    2.1695500488E+04    2.8462368015E-06
    2.1705500488E+04    7.9927990241E-06
    2.1715500488E+04    2.4846340131E-05
    2.1725500488E+04    1.3152194158E-06
    2.1735500488E+04    1.5833919746E-05
    2.1745500488E+04    1.6144544631E-05
    2.1755500488E+04    5.1235194807E-06
    2.1765500488E+04    3.9711188052E-06
    2.1775500488E+04    1.2205156294E-05
    2.1785500488E+04    1.0469747783E-05
    2.1795500488E+04    1.1665920386E-05
    2.1805500488E+04    1.3248316962E-05
    2.1815500488E+04    1.3695284737E-05
    2.1825500488E+04    6.5210184399E-06
    2.1835500488E+04    1.2570696730E-05
    2.1845500488E+04    1.4200634680E-05
    2.1855500488E+04    1.9581632656E-05
    2.1865500488E+04    3.7260448538E-06
    2.1875500488E+04    6.0270115443E-06
    2.1885500488E+04    1.2689904684E-05
    2.1895500488E+04    1.5028825112E-05
    2.1905500488E+04    1.0054323382E-05
    2.1915500488E+04    8.3332321583E-06
    2.1925500488E+04    1.0759365366E-05
    2.1935500488E+04    1.4873529190E-05
    2.1945500488E+04    1.0869529151E-05
    2.1955500488E+04    8.3617312431E-07
    2.1965500488E+04    7.9293677657E-06
    2.1975500488E+04    3.0937408888E-06
    2.1985500488E+04    1.3470329028E-05
    2.1995500488E+04    6.5240484197E-06
    2.2005500488E+04    1.8813031641E-05
    2.2015500488E+04    4.8495204284E-06
    2.2025500488E+04    2.6151386342E-05
    2.2035500488E+04    4.8290929113E-11
    2.2045500488E+04    9.0608836149E-06
    2.2055500488E+04    1.6046870091E-05
    2.2065500488E+04    7.7210322196E-06
    2.2075500488E+04    1.0764991883E-05
    2.2085500488E+04    1.6319801823E-05
    2.2095500488E+04    7.9788697838E-07
    2.2105500488E+04    1.2874596050E-05
    2.2115500488E+04    2.1979253382E-05
    2.2125500488E+04    1.4509147159E-05
    2.2135500488E+04    1.4169152491E-05
    2.2145500488E+04    1.0798700206E-05
    2.2155500488E+04    1.1630821277E-05
    2.2165500488E+04    7.8066217488E-06
    2.2175500488E+04    3.5500432213E-06
    2.2185500488E+04    1.9015477351E-05
    2.2195500488E+04    1.0783369147E-05
    2.2205500488E+04    2.6580095016E-06
    2.2215500488E+04    9.7942781623E-06
    2.2225500488E+04    1.6500675484E-05
    2.2235500488E+04    2.5351178735E-05
    2.2245500488E+04    8.4749436392E-07
    2.2255500488E+04    1.5965083109E-05
    2.2265500488E+04    6.3356029046E-06
    2.2275500488E+04    6.9298277664E-06
    2.2285500488E+04    5.4717712541E-06
    2.2295500488E+04    5.0339636814E-06
    2.2305500488E+04    2.4366489823E-05
    2.2315500488E+04    1.6082752739E-05
    2.2325500488E+04    9.9177789435E-06
    2.2335500488E+04    2.2764744426E-05
    2.2345500488E+04    3.9509055103E-06
    2.2355500488E+04    2.1092276925E-05
    2.2365500488E+04    2.8033732280E-05
    2.2375500488E+04    8.0583333415E-06
    2.2385500488E+04    1.1187666733E-05
    2.2395500488E+04    2.5363653902E-05
    2.2405500488E+04    1.1711252493E-05
    2.2415500488E+04    1.6595385490E-05
    2.2425500488E+04    2.7417735235E-05
    2.2435500488E+04    1.7938313238E-05
    2.2445500488E+04    2.5831678197E-05
    2.2455500488E+04    3.2240088007E-05
    2.2465500488E+04    1.6398611045E-05
    2.2475500488E+04    1.4112078613E-05
    2.2485500488E+04    2.2982394994E-05
    2.2495500488E+04    3.8015499273E-06
    2.2505500488E+04    2.0253246882E-05
    2.2515500488E+04    1.4463676611E-05
    2.2525500488E+04    1.3388154721E-05
    2.2535500488E+04    2.4620687773E-05
    2.2545500488E+04    1.2381609826E-05
    2.2555500488E+04    3.0846024483E-05
    2.2565500488E+04    3.5748413585E-05
    2.2575500488E+04    3.3142077104E-05
    2.2585500488E+04    4.7426183257E-11
    2.2595500488E+04    1.2725665588E-05
    2.2605500488E+04    1.8775081266E-05
    2.2615500488E+04    2.3181671775E-05
    2.2625500488E+04    2.5341351115E-06
    2.2635500488E+04    1.5953331301E-05
    2.2645500488E+04    2.1327638061E-05
    2.2655500488E+04    1.4009323659E-05
    2.2665500488E+04    1.1387825683E-05
    2.2675500488E+04    2.7550990677E-05
    2.2685500488E+04    1.0766638147E-05
    2.2695500488E+04    1.1089720443E-05
    2.2705500488E+04    6.2530129466E-06
    2.2715500488E+04    2.6776214615E-05
    2.2725500488E+04    2.3830376527E-05
    2.2735500488E+04    2.4468549794E-06
    2.2745500488E+04    2.2127924600E-05
    2.2755500488E+04    1.1099275195E-05
    2.2765500488E+04    4.6905797813E-06
    2.2775500488E+04    2.4209815100E-05
    2.2785500488E+04    5.5255101977E-06
    2.2795500488E+04    1.4357828855E-05
    2.2805500488E+04    1.0066149993E-05
    2.2815500488E+04    8.9875374632E-06
    2.2825500488E+04    1.0340828866E-05
    2.2835500488E+04    1.5380510477E-05
    2.2845500488E+04    3.7488583816E-06
    2.2855500488E+04    9.9343463714E-06
    2.2865500488E+04    3.5685835611E-06
    2.2875500488E+04    1.2045171745E-05
    2.2885500488E+04    1.2409776195E-05
    2.2895500488E+04    7.5114664263E-06
    2.2905500488E+04    1.1997199366E-05
    2.2915500488E+04    1.4819239163E-06
    2.2925500488E+04    1.2053685390E-05
    2.2935500488E+04    1.1878315590E-05
    2.2945500488E+04    6.5150517490E-06
    2.2955500488E+04    6.7812953897E-06
    2.2965500488E+04    9.3578568319E-06
    2.2975500488E+04    1.0114664046E-05
    2.2985500488E+04    7.6283055398E-06
    2.2995500488E+04    5.8612845786E-06
    2.3005500488E+04    7.8374061380E-06
    2.3015500488E+04    5.2374231726E-06
    2.3025500488E+04    9.4108292237E-06
    2.3035500488E+04    8.8040083273E-06
    2.3045500488E+04    6.8218117580E-06
    2.3055500488E+04    2.2961578602E-07
    2.3065500488E+04    1.0660522554E-05
    2.3075500488E+04    6.5619146626E-06
    2.3085500488E+04    7.7808169400E-06
    2.3095500488E+04    5.6780660880E-06
    2.3105500488E+04    9.0612905317E-06
    2.3115500488E+04    6.2749093175E-06
    2.3125500488E+04    4.6379621180E-07
    2.3135500488E+04    5.1672838491E-06
    2.3145500488E+04    7.4647050656E-06
    2.3155500488E+04    3.3269687217E-06
    2.3165500488E+04    3.4850523309E-06
    2.3175500488E+04    8.0618484833E-06
    2.3185500488E+04    4.1267779370E-06
    2.3195500488E+04    5.4288156701E-06
    2.3205500488E+04    4.6317056372E-06
    2.3215500488E+04    9.6887683121E-06
    2.3225500488E+04    1.0135961494E-06
    2.3235500488E+04    4.7384092439E-06
    2.3245500488E+04    4.6654154040E-06
    2.3255500488E+04    5.0038341745E-06
    2.3265500488E+04    4.1510829252E-06
    2.3275500488E+04    2.6503938031E-06
    2.3285500488E+04    3.5748934223E-06
    2.3295500488E+04    4.7924936322E-06
    2.3305500488E+04    5.3538856102E-06
    2.3315500488E+04    1.7439574282E-06
    2.3325500488E+04    4.9235127068E-06
    2.3335500488E+04    2.1401086865E-06
    2.3345500488E+04    3.2345459595E-06
    2.3355500488E+04    2.1185685354E-06
    2.3365500488E+04    3.9756585149E-06
    2.3375500488E+04    3.7376611830E-06
    2.3385500488E+04    3.7516901308E-06
    2.3395500488E+04    5.9491325299E-07
    2.3405500488E+04    2.0495826616E-06
    2.3415500488E+04    3.1926972691E-06
    2.3425500488E+04    2.4933518375E-06
    2.3435500488E+04    1.1513713760E-06
    2.3445500488E+04    3.4170580614E-06
    2.3455500488E+04    3.6617709422E-06
    2.3465500488E+04    2.6099131118E-06
    2.3475500488E+04    3.1430351969E-06
    2.3485500488E+04    4.3211731770E-06
    2.3495500488E+04    2.1967762322E-06
    2.3505500488E+04    4.4009689887E-07
    2.3515500488E+04    4.3798951326E-06
    2.3525500488E+04    3.5727864881E-06
    2.3535500488E+04    4.1611771254E-06
    2.3545500488E+04    1.3046967626E-06
    2.3555500488E+04    2.7171270506E-06
    2.3565500488E+04    2.2809601339E-06
    2.3575500488E+04    2.0677110188E-06
    2.3585500488E+04    3.0380806821E-06
    2.3595500488E+04    3.2398426431E-06
    2.3605500488E+04    2.1289494445E-06
    2.3615500488E+04    2.4638378568E-06
    2.3625500488E+04    1.9975586290E-06
    2.3635500488E+04    2.3576511692E-06
    2.3645500488E+04    2.4484917188E-06
    2.3655500488E+04    1.4413436673E-06
    2.3665500488E+04    1.5194608522E-06
    2.3675500488E+04    1.8598196463E-06
    2.3685500488E+04    1.7198830189E-06
    2.3695500488E+04    1.5001894916E-06
    2.3705500488E+04    1.1917155753E-06
    2.3715500488E+04    1.1830458143E-06
    2.3725500488E+04    1.0354578330E-06
    2.3735500488E+04    8.2240729336E-07
    2.3745500488E+04    3.3151914518E-07
    2.3755500488E+04    9.8125186042E-07
    2.3765500488E+04    6.7601749298E-07
    2.3775500488E+04    6.1819150965E-07
    2.3785500488E+04    5.4971671344E-07
    2.3795500488E+04    4.9089617395E-07
    2.3805500488E+04    6.4081442774E-07
    2.3815500488E+04    4.6368826727E-07
    2.3825500488E+04    4.7441730794E-07
    2.3835500488E+04    5.1439914131E-07
    2.3845500488E+04    5.0440576116E-07
    2.3855500488E+04    5.4699480046E-07
    2.3865500488E+04    4.7020239142E-07
    2.3875500488E+04    5.9483734732E-07
    2.3885500488E+04    5.7826438669E-07
    2.3895500488E+04    4.8247190868E-07
    2.3905500488E+04    5.3531416729E-07
    2.3915500488E+04    5.1866071861E-07
    2.3925500488E+04    5.7037350243E-07
    2.3935500488E+04    5.1948663793E-07
    2.3945500488E+04    5.5307506318E-07
    2.3955500488E+04    4.5588820213E-07
    2.3965500488E+04    4.5043509310E-07
    2.3975500488E+04    5.2794087454E-07
    2.3985500488E+04    4.8990109534E-07
    2.3995500488E+04    4.1427462380E-07
    2.4005500488E+04    4.7187455630E-07
    2.4015500488E+04    3.9470957893E-07
    2.4025500488E+04    4.3890344160E-07
    2.4035500488E+04    3.7714430317E-07
    2.4045500488E+04    3.4870837039E-07
    2.4055500488E+04    3.4924195351E-07
    2.4065500488E+04    3.4804742362E-07
    2.4075500488E+04    2.7671608730E-07
    2.4085500488E+04    2.8918472950E-07
    2.4095500488E+04    2.6622532116E-07
    2.4105500488E+04    2.3465866198E-07
    2.4115500488E+04    2.2799329283E-07
    2.4125500488E+04    2.0649654937E-07
    2.4135500488E+04    1.7511227095E-07
    2.4145500488E+04    1.6313930149E-07
    2.4155500488E+04    1.5025397630E-07
    2.4165500488E+04    1.3717355682E-07
    2.4175500488E+04    1.2268672393E-07
    2.4185500488E+04    1.1854954844E-07
    2.4195500488E+04    1.0410312802E-07
    2.4205500488E+04    9.4792846584E-08
    2.4215500488E+04    8.6843035799E-08
    2.4225500488E+04    8.0361994838E-08
    2.4235500488E+04    7.3252958956E-08
    2.4245500488E+04    6.6610420287E-08
    2.4255500488E+04    6.3246345278E-08
    2.4265500488E+04    5.8646724620E-08
    2.4275500488E+04    5.5461913287E-08
    2.4285500488E+04    5.1820670077E-08
    2.4295500488E+04    4.6470025244E-08
    2.4305500488E+04    4.6604141155E-08
    2.4315500488E+04    4.1969997204E-08
    2.4325500488E+04    3.9349854243E-08
    2.4335500488E+04    3.7845398534E-08
    2.4345500488E+04    3.4901161740E-08
    2.4355500488E+04    3.3155210549E-08
    2.4365500488E+04    3.0048782201E-08
    2.4375500488E+04    2.9014071437E-08
    2.4385500488E+04    2.6812237495E-08
    2.4395500488E+04    2.4472383668E-08
    2.4405500488E+04    2.3322610829E-08
    2.4415500488E+04    2.1146754978E-08
    2.4425500488E+04    1.9938924004E-08
    2.4435500488E+04    1.7660065038E-08
    2.4445500488E+04    1.6827436166E-08
    2.4455500488E+04    1.4995823612E-08
    2.4465500488E+04    1.3945813202E-08
    2.4475500488E+04    1.2845379450E-08
    2.4485500488E+04    1.1355302618E-08
    2.4495500488E+04    1.0286974643E-08
    2.4505500488E+04    9.4848770933E-09
    2.4515500488E+04    8.7950659043E-09
    2.4525500488E+04    7.9054876590E-09
    2.4535500488E+04    6.9609551904E-09
    2.4545500488E+04    6.1965510823E-09
    2.4555500488E+04    5.7646783771E-09
    2.4565500488E+04    4.9375060715E-09
    2.4575500488E+04    4.5529409281E-09
    2.4585500488E+04    4.1488146556E-09
    2.4595500488E+04    3.5937919036E-09
    2.4605500488E+04    3.3055265584E-09
    2.4615500488E+04    2.9030572305E-09
    2.4625500488E+04    2.5949861768E-09
    2.4635500488E+04    2.2980681086E-09
    2.4645500488E+04    2.0567074579E-09
    2.4655500488E+04    1.8931834142E-09
    2.4665500488E+04    1.6580911153E-09
    2.4675500488E+04    1.4898963887E-09
    2.4685500488E+04    1.3709728120E-09
    2.4695500488E+04    1.1985814429E-09
    2.4705500488E+04    1.0745228515E-09
    2.4715500488E+04    1.0080786678E-09
    2.4725500488E+04    8.8872481179E-10
    2.4735500488E+04    8.0124066120E-10
    2.4745500488E+04    7.3731134159E-10
    2.4755500488E+04    6.6132966099E-10
    2.4765500488E+04    6.1478302103E-10
    2.4775500488E+04    5.5077326654E-10
    2.4785500488E+04    5.0574352098E-10
    2.4795500488E+04    4.8334137848E-10
    2.4805500488E+04    4.3957898980E-10
    2.4815500488E+04    4.2025118790E-10
    2.4825500488E+04    3.9866510377E-10
    2.4835500488E+04    3.6853569378E-10
    2.4845500488E+04    3.4645493413E-10
    2.4855500488E+04    3.3786514264E-10
    2.4865500488E+04    3.2149772528E-10
    2.4875500488E+04    3.1642197430E-10
    2.4885500488E+04    3.0548595983E-10
    2.4895500488E+04    2.9644771494E-10
    2.4905500488E+04    2.9131806003E-10
    2.4915500488E+04    2.8658439291E-10
    2.4925500488E+04    2.8693458518E-10
    2.4935500488E+04    2.8378473073E-10
    2.4945500488E+04    2.7669827809E-10
    2.4955500488E+04    2.8143454065E-10
    2.4965500488E+04    2.8028361650E-10
    2.4975500488E+04    2.8030134933E-10
    2.4985500488E+04    2.8360374898E-10
    2.4995500488E+04    2.8478808973E-10
    2.5005500488E+04    2.8924089922E-10
    2.5015500488E+04    2.8538558498E-10
    2.5025500488E+04    2.9059486172E-10
    2.5035500488E+04    2.9233335490E-10
    2.5045500488E+04    2.9504413521E-10
    2.5055500488E+04    2.9732647309E-10
    2.5065500488E+04    2.9665724123E-10
    2.5075500488E+04    3.0051263087E-10
    2.5085500488E+04    3.0000502816E-10
    2.5095500488E+04    3.0011953446E-10
    2.5105500488E+04    2.9919494784E-10
    2.5115500488E+04    2.9835552350E-10
    2.5125500488E+04    2.9858581481E-10
    2.5135500488E+04    2.9325943886E-10
    2.5145500488E+04    2.8966981269E-10
    2.5155500488E+04    2.8555073017E-10
    2.5165500488E+04    2.8101782989E-10
    2.5175500488E+04    2.7594074631E-10
    2.5185500488E+04    2.7016542314E-10
    2.5195500488E+04    2.6336217220E-10
    2.5205500488E+04    2.5493895628E-10
    2.5215500488E+04    2.4910324310E-10
    2.5225500488E+04    2.4161243678E-10
    2.5235500488E+04    2.3244925579E-10
    2.5245500488E+04    2.2439097594E-10
    2.5255500488E+04    2.1608249251E-10
    2.5265500488E+04    2.0788241493E-10
    2.5275500488E+04    1.9905275751E-10
    2.5285500488E+04    1.8996289968E-10
    2.5295500488E+04    1.8155067422E-10
    2.5305500488E+04    1.7274106701E-10
    2.5315500488E+04    1.6579082599E-10
    2.5325500488E+04    1.5782815884E-10
    2.5335500488E+04    1.5026400442E-10
    2.5345500488E+04    1.4342646086E-10
    2.5355500488E+04    1.3700299723E-10
    2.5365500488E+04    1.3104696397E-10
    2.5375500488E+04    1.2534842256E-10
    2.5385500488E+04    1.2038600605E-10
    2.5395500488E+04    1.1626001247E-10
    2.5405500488E+04    1.1094478349E-10
    2.5415500488E+04    1.0682006364E-10
    2.5425500488E+04    1.0095662761E-10
    2.5435500488E+04    9.6934383921E-11
    2.5445500488E+04    9.2871353600E-11
    2.5455500488E+04    8.9293288027E-11
    2.5465500488E+04    8.5676266787E-11
    2.5475500488E+04    8.3122705178E-11
    2.5485500488E+04    8.0747478863E-11
    2.5495500488E+04    7.6938565774E-11
    2.5505500488E+04    7.4688885272E-11
    2.5515500488E+04    7.2855908581E-11
    2.5525500488E+04    7.0688383957E-11
    2.5535500488E+04    6.8723951371E-11
    2.5545500488E+04    6.7124983733E-11
    2.5555500488E+04    6.4679739723E-11
    2.5565500488E+04    6.2891721718E-11
    2.5575500488E+04    6.0927489254E-11
    2.5585500488E+04    5.9170478136E-11
    2.5595500488E+04    5.7430413612E-11
    2.5605500488E+04    5.6022036700E-11
    2.5615500488E+04    5.3122417394E-11
    2.5625500488E+04    5.1193544271E-11
    2.5635500488E+04    4.8585609058E-11
    2.5645500488E+04    4.6717610141E-11
    2.5655500488E+04    4.4081836633E-11
    2.5665500488E+04    4.1958987439E-11
    2.5675500488E+04    3.9507524428E-11
    2.5685500488E+04    3.6712229506E-11
    2.5695500488E+04    3.4441937785E-11
    2.5705500488E+04    3.1586677196E-11
    2.5715500488E+04    2.9377789236E-11
    2.5725500488E+04    2.7024515862E-11
    2.5735500488E+04    2.4608694863E-11
    2.5745500488E+04    2.2421474351E-11
    2.5755500488E+04    2.0262367215E-11
    2.5765500488E+04    1.8303346472E-11
    2.5775500488E+04    1.6347562652E-11
    2.5785500488E+04    1.4561628175E-11
    2.5795500488E+04    1.2889397701E-11
    2.5805500488E+04    1.1545835173E-11
    2.5815500488E+04    1.0107184849E-11
    2.5825500488E+04    8.9011469774E-12
    2.5835500488E+04    7.7942126295E-12
    2.5845500488E+04    6.8508567629E-12
    2.5855500488E+04    5.9522924886E-12
    2.5865500488E+04    5.1490408127E-12
    2.5875500488E+04    4.5204619986E-12
    2.5885500488E+04    3.9048848775E-12
    2.5895500488E+04    3.4166034280E-12
    2.5905500488E+04    2.9540526154E-12
    2.5915500488E+04    2.5427028235E-12
    2.5925500488E+04    2.2180008893E-12
    2.5935500488E+04    1.9212421078E-12
    2.5945500488E+04    1.6525836480E-12
    2.5955500488E+04    1.4457894378E-12
    2.5965500488E+04    1.2504305714E-12
    2.5975500488E+04    1.0930342013E-12
    2.5985500488E+04    9.6432612412E-13
