###   Wavelength (A)        Transmission
    5.5034997559E+03    1.2993194960E-09
    5.5134997559E+03    2.2876566884E-09
    5.5234997559E+03    2.6015001359E-09
    5.5334997559E+03    2.3040951219E-09
    5.5434997559E+03    2.3708849787E-09
    5.5534997559E+03    3.6776838531E-09
    5.5634997559E+03    5.0951174132E-09
    5.5734997559E+03    2.7665436211E-09
    5.5834997559E+03    2.1218684434E-09
    5.5934997559E+03    2.2295562665E-09
    5.6034997559E+03    1.5471680087E-09
    5.6134997559E+03    1.7098915692E-09
    5.6234997559E+03    3.1513519436E-09
    5.6334997559E+03    4.5466140669E-09
    5.6434997559E+03    5.6964196454E-09
    5.6534997559E+03    7.8845691530E-09
    5.6634997559E+03    9.1875353187E-09
    5.6734997559E+03    1.2648939160E-08
    5.6834997559E+03    1.8701768274E-08
    5.6934997559E+03    4.0322791236E-09
    5.7034997559E+03    9.0007864003E-10
    5.7134997559E+03    7.3145783479E-09
    5.7234997559E+03    2.0612132188E-09
    5.7334997559E+03    4.8828355688E-10
    5.7434997559E+03    2.9673339470E-12
    5.7534997559E+03    1.2220040557E-09
    5.7634997559E+03    2.7419866846E-12
    5.7734997559E+03    7.2040180269E-10
    5.7834997559E+03    2.4238818281E-12
    5.7934997559E+03    2.3974484805E-10
    5.8034997559E+03    1.8363582779E-09
    5.8134997559E+03    3.9026248340E-09
    5.8234997559E+03    7.5646880746E-09
    5.8334997559E+03    6.3874531515E-09
    5.8434997559E+03    3.2028119135E-09
    5.8534997559E+03    7.6826648044E-09
    5.8634997559E+03    2.3667748214E-09
    5.8734997559E+03    6.2265685787E-12
    5.8834997559E+03    6.7319480140E-12
    5.8934997559E+03    7.1645460469E-12
    5.9034997559E+03    2.5564912653E-09
    5.9134997559E+03    1.0134766730E-08
    5.9234997559E+03    1.6681116627E-08
    5.9334997559E+03    2.1539701402E-08
    5.9434997559E+03    5.2943803991E-09
    5.9534997559E+03    1.1567112999E-08
    5.9634997559E+03    5.0667862872E-09
    5.9734997559E+03    7.0648518309E-09
    5.9834997559E+03    2.3704332817E-08
    5.9934997559E+03    2.3330437596E-08
    6.0034997559E+03    7.1889036780E-09
    6.0134997559E+03    1.3105759052E-08
    6.0234997559E+03    1.5874137812E-08
    6.0334997559E+03    1.0723655328E-11
    6.0434997559E+03    1.4489477505E-08
    6.0534997559E+03    1.4279338153E-08
    6.0634997559E+03    8.7743981965E-09
    6.0734997559E+03    2.4391990418E-08
    6.0834997559E+03    1.0140014879E-08
    6.0934997559E+03    1.0139343072E-08
    6.1034997559E+03    1.3879202724E-08
    6.1134997559E+03    4.0138593366E-09
    6.1234997559E+03    1.8069230027E-08
    6.1334997559E+03    2.2302675593E-08
    6.1434997559E+03    7.2334594565E-11
    6.1534997559E+03    3.1684219830E-08
    6.1634997559E+03    9.7652738077E-09
    6.1734997559E+03    1.5459326253E-08
    6.1834997559E+03    5.8752597506E-09
    6.1934997559E+03    5.4222154465E-09
    6.2034997559E+03    8.9425827887E-09
    6.2134997559E+03    1.4250386278E-08
    6.2234997559E+03    1.3890352283E-11
    6.2334997559E+03    5.6739689124E-09
    6.2434997559E+03    1.6268013051E-09
    6.2534997559E+03    6.8798621445E-09
    6.2634997559E+03    3.9702547558E-09
    6.2734997559E+03    1.1494003017E-08
    6.2834997559E+03    4.0640116109E-09
    6.2934997559E+03    5.7371501763E-09
    6.3034997559E+03    9.6749845930E-09
    6.3134997559E+03    7.9415142561E-09
    6.3234997559E+03    1.3859908947E-08
    6.3334997559E+03    3.2864460503E-08
    6.3434997559E+03    6.0540067122E-09
    6.3534997559E+03    4.2397331350E-09
    6.3634997559E+03    1.7285407337E-08
    6.3734997559E+03    1.6423374091E-08
    6.3834997559E+03    2.3861087115E-08
    6.3934997559E+03    1.0581806456E-08
    6.4034997559E+03    3.5532828338E-08
    6.4134997559E+03    8.3583185887E-09
    6.4234997559E+03    1.8940551846E-08
    6.4334997559E+03    2.8944188817E-08
    6.4434997559E+03    1.7444366755E-08
    6.4534997559E+03    1.5677947836E-08
    6.4634997559E+03    7.9873454388E-09
    6.4734997559E+03    1.6586371791E-08
    6.4834997559E+03    1.9244879557E-09
    6.4934997559E+03    2.1358946014E-08
    6.5034997559E+03    9.5617544013E-09
    6.5134997559E+03    1.4861393147E-08
    6.5234997559E+03    1.0763559219E-08
    6.5334997559E+03    1.6994156174E-08
    6.5434997559E+03    6.7630238968E-08
    6.5534997559E+03    3.9188422619E-08
    6.5634997559E+03    2.7819800712E-08
    6.5734997559E+03    2.5673195356E-08
    6.5834997559E+03    4.2816258745E-08
    6.5934997559E+03    1.4426823360E-08
    6.6034997559E+03    2.0575022228E-08
    6.6134997559E+03    6.0132571220E-08
    6.6234997559E+03    3.6923932955E-08
    6.6334997559E+03    4.7578579093E-08
    6.6434997559E+03    5.5658485131E-08
    6.6534997559E+03    8.2341649043E-08
    6.6634997559E+03    1.0937602709E-07
    6.6734997559E+03    4.8871762793E-08
    6.6834997559E+03    5.8887884819E-08
    6.6934997559E+03    4.9583134978E-08
    6.7034997559E+03    7.8569435985E-08
    6.7134997559E+03    5.6309820428E-08
    6.7234997559E+03    1.8718154331E-08
    6.7334997559E+03    3.2559121612E-08
    6.7434997559E+03    5.1360279373E-08
    6.7534997559E+03    5.2296738143E-08
    6.7634997559E+03    2.5306703242E-08
    6.7734997559E+03    6.9217912282E-08
    6.7834997559E+03    5.1061577523E-08
    6.7934997559E+03    2.2689664181E-08
    6.8034997559E+03    2.0154036427E-11
    6.8134997559E+03    1.5207633837E-08
    6.8234997559E+03    3.9373362139E-09
    6.8334997559E+03    3.3769691280E-08
    6.8434997559E+03    2.1413188520E-08
    6.8534997559E+03    4.2104498667E-08
    6.8634997559E+03    3.6083030093E-08
    6.8734997559E+03    1.5514398548E-08
    6.8834997559E+03    6.0322806350E-08
    6.8934997559E+03    4.8970969818E-08
    6.9034997559E+03    6.9138867605E-08
    6.9134997559E+03    5.3649991770E-08
    6.9234997559E+03    3.3460602567E-08
    6.9334997559E+03    2.2525174877E-08
    6.9434997559E+03    8.2850780962E-08
    6.9534997559E+03    3.2362488429E-08
    6.9634997559E+03    5.4223744669E-09
    6.9734997559E+03    8.0103629746E-08
    6.9834997559E+03    7.4273590724E-09
    6.9934997559E+03    2.9616293321E-08
    7.0034997559E+03    1.4191766478E-08
    7.0134997559E+03    4.5072571027E-08
    7.0234997559E+03    7.5708883506E-09
    7.0334997559E+03    1.3141815572E-08
    7.0434997559E+03    3.9035877913E-08
    7.0534997559E+03    5.6035512858E-08
    7.0634997559E+03    7.4122600486E-08
    7.0734997559E+03    2.1900898707E-11
    7.0834997559E+03    2.5904438317E-09
    7.0934997559E+03    2.2796905519E-08
    7.1034997559E+03    1.3098125239E-08
    7.1134997559E+03    5.6606602274E-08
    7.1234997559E+03    5.4869306418E-08
    7.1334997559E+03    6.1968967003E-08
    7.1434997559E+03    7.8777871424E-08
    7.1534997559E+03    4.4430342048E-08
    7.1634997559E+03    8.0506645951E-08
    7.1734997559E+03    7.5910886989E-08
    7.1834997559E+03    2.3328785220E-08
    7.1934997559E+03    5.5538175376E-08
    7.2034997559E+03    7.0022521045E-08
    7.2134997559E+03    4.2978854502E-08
    7.2234997559E+03    9.4072508808E-08
    7.2334997559E+03    5.7635179547E-08
    7.2434997559E+03    8.3259020303E-08
    7.2534997559E+03    5.1325239512E-08
    7.2634997559E+03    8.6672805101E-08
    7.2734997559E+03    9.1857887312E-08
    7.2834997559E+03    9.0955762409E-08
    7.2934997559E+03    4.3869528644E-08
    7.3034997559E+03    9.4533330532E-08
    7.3134997559E+03    4.1915037793E-08
    7.3234997559E+03    5.5252658117E-08
    7.3334997559E+03    8.3705090801E-08
    7.3434997559E+03    7.8481525659E-08
    7.3534997559E+03    1.2684024279E-07
    7.3634997559E+03    4.0967612484E-08
    7.3734997559E+03    1.0108080544E-07
    7.3834997559E+03    9.3783692432E-08
    7.3934997559E+03    9.5031789748E-08
    7.4034997559E+03    6.2416496967E-08
    7.4134997559E+03    6.9696529643E-08
    7.4234997559E+03    1.2747457891E-07
    7.4334997559E+03    1.0065887380E-07
    7.4434997559E+03    4.4030272728E-08
    7.4534997559E+03    1.5817618402E-07
    7.4634997559E+03    1.0202520979E-07
    7.4734997559E+03    1.0173876508E-07
    7.4834997559E+03    1.5578144748E-07
    7.4934997559E+03    9.0414966784E-08
    7.5034997559E+03    1.4477222517E-07
    7.5134997559E+03    4.1380584142E-08
    7.5234997559E+03    6.7415980263E-08
    7.5334997559E+03    1.1904756079E-07
    7.5434997559E+03    9.4701356477E-08
    7.5534997559E+03    1.1679190546E-07
    7.5634997559E+03    1.1364310082E-07
    7.5734997559E+03    3.8624838478E-08
    7.5834997559E+03    2.5330156090E-07
    7.5934997559E+03    5.5298993473E-08
    7.6034997559E+03    9.5922827092E-08
    7.6134997559E+03    1.0787890169E-07
    7.6234997559E+03    1.4310182065E-07
    7.6334997559E+03    1.0029284804E-07
    7.6434997559E+03    2.0933495033E-07
    7.6534997559E+03    1.2351534051E-07
    7.6634997559E+03    1.4190659942E-07
    7.6734997559E+03    8.3392000110E-08
    7.6834997559E+03    1.7049146537E-07
    7.6934997559E+03    1.3733455970E-07
    7.7034997559E+03    1.2537257326E-07
    7.7134997559E+03    1.5059679755E-07
    7.7234997559E+03    2.4512972040E-07
    7.7334997559E+03    8.9472981683E-08
    7.7434997559E+03    2.2594681180E-07
    7.7534997559E+03    1.4408694009E-07
    7.7634997559E+03    1.7894844423E-07
    7.7734997559E+03    8.2136031206E-08
    7.7834997559E+03    7.0333512883E-08
    7.7934997559E+03    8.1369901550E-08
    7.8034997559E+03    7.5094171083E-08
    7.8134997559E+03    6.0002159342E-08
    7.8234997559E+03    1.7558861623E-07
    7.8334997559E+03    1.2996101964E-07
    7.8434997559E+03    1.5049753082E-07
    7.8534997559E+03    2.0289718688E-08
    7.8634997559E+03    2.3318593726E-07
    7.8734997559E+03    1.2373870777E-07
    7.8834997559E+03    1.1513653463E-07
    7.8934997559E+03    1.4347067105E-07
    7.9034997559E+03    9.3119725560E-08
    7.9134997559E+03    1.2342584756E-07
    7.9234997559E+03    5.2239168057E-08
    7.9334997559E+03    3.7899240103E-08
    7.9434997559E+03    1.2386395508E-07
    7.9534997559E+03    9.3142326488E-08
    7.9634997559E+03    6.1238912039E-08
    7.9734997559E+03    3.6801471042E-08
    7.9834997559E+03    2.6244790654E-08
    7.9934997559E+03    1.0479086472E-07
    8.0034997559E+03    4.0776116332E-07
    8.0134997559E+03    4.1892211843E-07
    8.0234997559E+03    4.4392284708E-07
    8.0334997559E+03    3.4838002231E-07
    8.0434997559E+03    3.6448578715E-07
    8.0534997559E+03    3.0511245907E-07
    8.0634997559E+03    3.6229533991E-07
    8.0734997559E+03    4.9887478022E-07
    8.0834997559E+03    2.1029851876E-07
    8.0934997559E+03    2.3000080391E-07
    8.1034997559E+03    3.5550010934E-07
    8.1134997559E+03    2.8306810887E-07
    8.1234997559E+03    1.9587863177E-07
    8.1334997559E+03    1.6058594699E-07
    8.1434997559E+03    2.5761218970E-07
    8.1534997559E+03    1.4560484462E-07
    8.1634997559E+03    2.2159087775E-07
    8.1734997559E+03    2.4608463655E-07
    8.1834997559E+03    1.9168260781E-07
    8.1934997559E+03    2.4959224507E-07
    8.2034997559E+03    1.9816063519E-07
    8.2134997559E+03    3.8218478354E-07
    8.2234997559E+03    1.5739746178E-07
    8.2334997559E+03    2.0583150415E-07
    8.2434997559E+03    2.1583522348E-07
    8.2534997559E+03    2.2882884084E-07
    8.2634997559E+03    1.6424395770E-07
    8.2734997559E+03    3.5049757851E-07
    8.2834997559E+03    3.2146624950E-07
    8.2934997559E+03    2.6062874644E-07
    8.3034997559E+03    1.6753820943E-07
    8.3134997559E+03    2.2844263405E-07
    8.3234997559E+03    3.3321566846E-07
    8.3334997559E+03    1.9781464607E-07
    8.3434997559E+03    2.5158204942E-07
    8.3534997559E+03    2.6465687438E-07
    8.3634997559E+03    2.1684331061E-07
    8.3734997559E+03    2.7759876577E-07
    8.3834997559E+03    2.2789124909E-07
    8.3934997559E+03    3.3122330019E-07
    8.4034997559E+03    3.4457926682E-07
    8.4134997559E+03    3.2389150002E-07
    8.4234997559E+03    3.8816437636E-07
    8.4334997559E+03    3.7785530113E-07
    8.4434997559E+03    4.0221520933E-07
    8.4534997559E+03    4.3379388509E-07
    8.4634997559E+03    4.2994102214E-07
    8.4734997559E+03    4.5899822129E-07
    8.4834997559E+03    4.5154700066E-07
    8.4934997559E+03    5.0612814005E-07
    8.5034997559E+03    5.2187967258E-07
    8.5134997559E+03    5.7756377723E-07
    8.5234997559E+03    5.4796002690E-07
    8.5334997559E+03    5.5043089955E-07
    8.5434997559E+03    5.5786362958E-07
    8.5534997559E+03    5.5395572910E-07
    8.5634997559E+03    6.0753917135E-07
    8.5734997559E+03    5.6013628556E-07
    8.5834997559E+03    5.8733392265E-07
    8.5934997559E+03    5.9316335923E-07
    8.6034997559E+03    5.1310023265E-07
    8.6134997559E+03    4.7144662382E-07
    8.6234997559E+03    5.9125202193E-07
    8.6334997559E+03    5.6989016336E-07
    8.6434997559E+03    5.7078962410E-07
    8.6534997559E+03    6.0660666417E-07
    8.6634997559E+03    5.7779719580E-07
    8.6734997559E+03    6.4851537027E-07
    8.6834997559E+03    7.1131095620E-07
    8.6934997559E+03    7.0144688384E-07
    8.7034997559E+03    6.9894393437E-07
    8.7134997559E+03    6.4374265229E-07
    8.7234997559E+03    6.4447262106E-07
    8.7334997559E+03    6.5787402880E-07
    8.7434997559E+03    7.0383531251E-07
    8.7534997559E+03    6.4627437212E-07
    8.7634997559E+03    6.3615105990E-07
    8.7734997559E+03    6.2105408251E-07
    8.7834997559E+03    7.1292753029E-07
    8.7934997559E+03    7.7280028176E-07
    8.8034997559E+03    7.2373944748E-07
    8.8134997559E+03    7.3205517010E-07
    8.8234997559E+03    8.3100953140E-07
    8.8334997559E+03    8.3613957065E-07
    8.8434997559E+03    8.8082950547E-07
    8.8534997559E+03    9.5792393369E-07
    8.8634997559E+03    9.2896695756E-07
    8.8734997559E+03    9.4496058506E-07
    8.8834997559E+03    9.4693058435E-07
    8.8934997559E+03    9.8015397045E-07
    8.9034997559E+03    9.4518612905E-07
    8.9134997559E+03    9.3922993653E-07
    8.9234997559E+03    8.8739758127E-07
    8.9334997559E+03    8.7259008568E-07
    8.9434997559E+03    8.7314149631E-07
    8.9534997559E+03    8.2736507133E-07
    8.9634997559E+03    8.2851495739E-07
    8.9734997559E+03    7.7492424643E-07
    8.9834997559E+03    8.3726288939E-07
    8.9934997559E+03    7.6393761851E-07
    9.0034997559E+03    7.0085034736E-07
    9.0134997559E+03    7.7882762587E-07
    9.0234997559E+03    6.7016961302E-07
    9.0334997559E+03    6.5329865541E-07
    9.0434997559E+03    6.7926339436E-07
    9.0534997559E+03    6.5677157445E-07
    9.0634997559E+03    6.4288619242E-07
    9.0734997559E+03    7.0593634536E-07
    9.0834997559E+03    6.5179633203E-07
    9.0934997559E+03    6.2350615652E-07
    9.1034997559E+03    7.0787168066E-07
    9.1134997559E+03    5.8473082737E-07
    9.1234997559E+03    6.0195260833E-07
    9.1334997559E+03    5.2834794940E-07
    9.1434997559E+03    5.8036038538E-07
    9.1534997559E+03    5.7272882225E-07
    9.1634997559E+03    5.7423347018E-07
    9.1734997559E+03    6.4236712246E-07
    9.1834997559E+03    6.8903781966E-07
    9.1934997559E+03    7.4483820770E-07
    9.2034997559E+03    7.1934042857E-07
    9.2134997559E+03    7.7357898794E-07
    9.2234997559E+03    7.4865603828E-07
    9.2334997559E+03    7.2269729699E-07
    9.2434997559E+03    7.0655327831E-07
    9.2534997559E+03    6.3611149862E-07
    9.2634997559E+03    6.2537876243E-07
    9.2734997559E+03    5.8852080871E-07
    9.2834997559E+03    5.5642952064E-07
    9.2934997559E+03    4.6385246148E-07
    9.3034997559E+03    4.5760997108E-07
    9.3134997559E+03    4.1303278852E-07
    9.3234997559E+03    3.3299482898E-07
    9.3334997559E+03    3.6865881182E-07
    9.3434997559E+03    4.1536164099E-07
    9.3534997559E+03    3.9475045018E-07
    9.3634997559E+03    3.6761639996E-07
    9.3734997559E+03    3.8174999494E-07
    9.3834997559E+03    3.2534379819E-07
    9.3934997559E+03    2.7198041896E-07
    9.4034997559E+03    3.3079567257E-07
    9.4134997559E+03    3.5095966990E-07
    9.4234997559E+03    3.3073592120E-07
    9.4334997559E+03    3.6992471862E-07
    9.4434997559E+03    3.2363273498E-07
    9.4534997559E+03    3.3405717854E-07
    9.4634997559E+03    3.9136550993E-07
    9.4734997559E+03    3.8115955514E-07
    9.4834997559E+03    3.4703250107E-07
    9.4934997559E+03    2.8096968010E-07
    9.5034997559E+03    2.7425055760E-07
    9.5134997559E+03    3.9503871487E-07
    9.5234997559E+03    3.8626130100E-07
    9.5334997559E+03    4.2986637405E-07
    9.5434997559E+03    5.7699587811E-07
    9.5534997559E+03    6.0997823487E-07
    9.5634997559E+03    7.1698702631E-07
    9.5734997559E+03    7.1821497056E-07
    9.5834997559E+03    8.2154450370E-07
    9.5934997559E+03    6.8242212290E-07
    9.6034997559E+03    7.0844221393E-07
    9.6134997559E+03    7.6421764335E-07
    9.6234997559E+03    7.4282887239E-07
    9.6334997559E+03    7.7779603297E-07
    9.6434997559E+03    7.2021639089E-07
    9.6534997559E+03    6.8378686513E-07
    9.6634997559E+03    6.1370957873E-07
    9.6734997559E+03    5.2435671499E-07
    9.6834997559E+03    4.1774900024E-07
    9.6934997559E+03    2.7987345948E-07
    9.7034997559E+03    2.5421635484E-07
    9.7134997559E+03    2.7551910447E-07
    9.7234997559E+03    2.6588618600E-07
    9.7334997559E+03    3.1151456514E-07
    9.7434997559E+03    2.8220920002E-07
    9.7534997559E+03    3.2910149803E-07
    9.7634997559E+03    3.8757484318E-07
    9.7734997559E+03    4.5843159715E-07
    9.7834997559E+03    6.4849206315E-07
    9.7934997559E+03    8.6112339427E-07
    9.8034997559E+03    1.0239283272E-06
    9.8134997559E+03    1.1299761124E-06
    9.8234997559E+03    1.2013105106E-06
    9.8334997559E+03    1.1899692392E-06
    9.8434997559E+03    1.1314029364E-06
    9.8534997559E+03    1.1075054628E-06
    9.8634997559E+03    1.1213685341E-06
    9.8734997559E+03    1.1184442999E-06
    9.8834997559E+03    1.1452975021E-06
    9.8934997559E+03    1.1753828910E-06
    9.9034997559E+03    1.1777089778E-06
    9.9134997559E+03    1.1272445809E-06
    9.9234997559E+03    9.9022977621E-07
    9.9334997559E+03    8.2123375830E-07
    9.9434997559E+03    5.5885997745E-07
    9.9534997559E+03    3.8654111091E-07
    9.9634997559E+03    2.6910169994E-07
    9.9734997559E+03    3.0620134848E-07
    9.9834997559E+03    4.2326843699E-07
    9.9934997559E+03    3.6371797545E-07
    1.0003499756E+04    4.4064302273E-07
    1.0013499756E+04    1.6483335599E-06
    1.0023499756E+04    1.0796226941E-06
    1.0033499756E+04    2.7691151809E-06
    1.0043499756E+04    1.6634037828E-06
    1.0053499756E+04    1.2959517450E-06
    1.0063499756E+04    2.2027817806E-06
    1.0073499756E+04    9.5936569043E-07
    1.0083499756E+04    1.6375786940E-06
    1.0093499756E+04    8.0787896788E-07
    1.0103499756E+04    1.5433596405E-06
    1.0113499756E+04    1.4382870387E-06
    1.0123499756E+04    1.3723641148E-06
    1.0133499756E+04    1.3261265206E-06
    1.0143499756E+04    2.1673710353E-06
    1.0153499756E+04    8.8719642243E-07
    1.0163499756E+04    1.4899197022E-06
    1.0173499756E+04    2.1806231159E-06
    1.0183499756E+04    5.8858294412E-07
    1.0193499756E+04    2.4392305598E-06
    1.0203499756E+04    8.6693307567E-07
    1.0213499756E+04    6.2950431010E-07
    1.0223499756E+04    2.3500899675E-06
    1.0233499756E+04    1.2382342532E-06
    1.0243499756E+04    1.1438425421E-06
    1.0253499756E+04    2.7235875469E-06
    1.0263499756E+04    7.9649160725E-07
    1.0273499756E+04    1.3436855214E-06
    1.0283499756E+04    1.3869644634E-06
    1.0293499756E+04    1.7053282526E-06
    1.0303499756E+04    8.7243616460E-07
    1.0313499756E+04    1.4132476695E-06
    1.0323499756E+04    1.7680872586E-06
    1.0333499756E+04    3.2027527801E-07
    1.0343499756E+04    2.1612877054E-06
    1.0353499756E+04    9.7247780897E-07
    1.0363499756E+04    2.0109706599E-06
    1.0373499756E+04    4.3101844165E-07
    1.0383499756E+04    1.7000948258E-06
    1.0393499756E+04    2.5345842702E-06
    1.0403499756E+04    3.3660570417E-11
    1.0413499756E+04    1.8603623618E-06
    1.0423499756E+04    2.0216183597E-06
    1.0433499756E+04    3.9883308003E-07
    1.0443499756E+04    1.2545004846E-06
    1.0453499756E+04    5.4833811491E-07
    1.0463499756E+04    9.0649185971E-07
    1.0473499756E+04    3.2469062587E-07
    1.0483499756E+04    1.9366371449E-07
    1.0493499756E+04    6.4408799226E-07
    1.0503499756E+04    2.9736479578E-07
    1.0513499756E+04    1.3281469703E-06
    1.0523499756E+04    1.3792006115E-06
    1.0533499756E+04    1.3754394919E-06
    1.0543499756E+04    2.3771520948E-07
    1.0553499756E+04    1.8175251413E-06
    1.0563499756E+04    1.0335718796E-06
    1.0573499756E+04    5.5988673990E-07
    1.0583499756E+04    1.3601364745E-06
    1.0593499756E+04    7.2083176838E-07
    1.0603499756E+04    1.3923725660E-06
    1.0613499756E+04    6.7626389971E-07
    1.0623499756E+04    1.4442188943E-06
    1.0633499756E+04    6.2263621857E-07
    1.0643499756E+04    5.3988772213E-07
    1.0653499756E+04    3.2821459419E-07
    1.0663499756E+04    1.8120677478E-06
    1.0673499756E+04    1.1476114624E-06
    1.0683499756E+04    8.6336891109E-07
    1.0693499756E+04    1.5652716245E-06
    1.0703499756E+04    1.0721196837E-06
    1.0713499756E+04    1.0909355844E-06
    1.0723499756E+04    1.1898410961E-06
    1.0733499756E+04    3.4089450298E-11
    1.0743499756E+04    2.3181194203E-06
    1.0753499756E+04    1.1913486276E-06
    1.0763499756E+04    4.7546420810E-07
    1.0773499756E+04    1.1778634550E-06
    1.0783499756E+04    7.8744849967E-07
    1.0793499756E+04    5.0595125390E-07
    1.0803499756E+04    1.2000432324E-06
    1.0813499756E+04    1.2738767461E-06
    1.0823499756E+04    7.2240239731E-07
    1.0833499756E+04    5.5498391983E-07
    1.0843499756E+04    1.6308345116E-06
    1.0853499756E+04    7.2922762930E-07
    1.0863499756E+04    7.7640425796E-07
    1.0873499756E+04    6.2334045052E-07
    1.0883499756E+04    9.5896884583E-07
    1.0893499756E+04    9.2701962685E-07
    1.0903499756E+04    8.2310407133E-07
    1.0913499756E+04    1.0797256712E-06
    1.0923499756E+04    1.2924267850E-06
    1.0933499756E+04    1.2740837607E-06
    1.0943499756E+04    2.5743372446E-07
    1.0953499756E+04    1.3970717597E-06
    1.0963499756E+04    1.2037158393E-06
    1.0973499756E+04    7.9457629353E-07
    1.0983499756E+04    1.0031176136E-07
    1.0993499756E+04    1.6044218738E-06
    1.1003499756E+04    9.0544480438E-07
    1.1013499756E+04    5.1841128620E-07
    1.1023499756E+04    8.0137636571E-07
    1.1033499756E+04    1.2906203890E-06
    1.1043499756E+04    1.7256336908E-07
    1.1053499756E+04    5.2983941088E-07
    1.1063499756E+04    6.5154538210E-07
    1.1073499756E+04    4.0032464615E-07
    1.1083499756E+04    8.8032216686E-08
    1.1093499756E+04    6.0470731728E-07
    1.1103499756E+04    8.2421231735E-07
    1.1113499756E+04    1.8338989163E-06
    1.1123499756E+04    1.2607312901E-06
    1.1133499756E+04    1.2124623624E-06
    1.1143499756E+04    2.2879775652E-06
    1.1153499756E+04    1.5354552901E-06
    1.1163499756E+04    1.3407753787E-07
    1.1173499756E+04    5.0670702504E-07
    1.1183499756E+04    6.5870751336E-07
    1.1193499756E+04    1.1120417678E-07
    1.1203499756E+04    8.6363236203E-07
    1.1213499756E+04    1.5296841986E-06
    1.1223499756E+04    9.0200877497E-07
    1.1233499756E+04    1.0644627302E-06
    1.1243499756E+04    7.0956240319E-07
    1.1253499756E+04    1.4716883174E-06
    1.1263499756E+04    7.4873017887E-07
    1.1273499756E+04    1.9429569297E-06
    1.1283499756E+04    4.0030767987E-07
    1.1293499756E+04    8.2374000186E-07
    1.1303499756E+04    8.4475249118E-07
    1.1313499756E+04    3.1227378069E-07
    1.1323499756E+04    1.6539807332E-06
    1.1333499756E+04    4.4520188392E-07
    1.1343499756E+04    7.9432986692E-07
    1.1353499756E+04    5.2483584949E-07
    1.1363499756E+04    1.6895529151E-06
    1.1373499756E+04    9.2889662262E-07
    1.1383499756E+04    1.1553968422E-06
    1.1393499756E+04    7.3556883129E-07
    1.1403499756E+04    1.2642961604E-07
    1.1413499756E+04    1.1686371360E-06
    1.1423499756E+04    1.6982548862E-06
    1.1433499756E+04    9.4884435590E-07
    1.1443499756E+04    1.8971579120E-06
    1.1453499756E+04    3.7519403284E-11
    1.1463499756E+04    2.2863948217E-06
    1.1473499756E+04    1.7274012923E-07
    1.1483499756E+04    8.1932434375E-07
    1.1493499756E+04    1.7112050713E-06
    1.1503499756E+04    2.5450275746E-06
    1.1513499756E+04    3.9689814828E-08
    1.1523499756E+04    1.0222876230E-06
    1.1533499756E+04    8.0202822969E-07
    1.1543499756E+04    1.0727858110E-06
    1.1553499756E+04    1.4993133441E-06
    1.1563499756E+04    1.1348521209E-06
    1.1573499756E+04    1.6290437911E-06
    1.1583499756E+04    3.9031283283E-07
    1.1593499756E+04    9.4076989586E-07
    1.1603499756E+04    1.2647485573E-06
    1.1613499756E+04    1.2914734782E-06
    1.1623499756E+04    1.5347451496E-06
    1.1633499756E+04    8.2409662673E-07
    1.1643499756E+04    2.1942319666E-07
    1.1653499756E+04    1.7430546713E-06
    1.1663499756E+04    1.4712835327E-06
    1.1673499756E+04    7.5079839079E-07
    1.1683499756E+04    1.3807727772E-06
    1.1693499756E+04    1.9593449046E-06
    1.1703499756E+04    1.3439477600E-06
    1.1713499756E+04    6.1878775213E-07
    1.1723499756E+04    2.1147390510E-06
    1.1733499756E+04    2.2984435415E-06
    1.1743499756E+04    3.8541118572E-11
    1.1753499756E+04    8.7035583078E-07
    1.1763499756E+04    7.2198018283E-07
    1.1773499756E+04    9.5618752865E-07
    1.1783499756E+04    1.2987344202E-06
    1.1793499756E+04    2.3369580217E-07
    1.1803499756E+04    1.5061789740E-06
    1.1813499756E+04    1.8223984741E-06
    1.1823499756E+04    6.2452551136E-07
    1.1833499756E+04    1.1772999474E-06
    1.1843499756E+04    2.1209743532E-06
    1.1853499756E+04    1.3019649143E-06
    1.1863499756E+04    7.5362093818E-07
    1.1873499756E+04    1.5115807480E-06
    1.1883499756E+04    1.4917950463E-06
    1.1893499756E+04    1.9132256183E-07
    1.1903499756E+04    9.9523722498E-07
    1.1913499756E+04    1.5219122835E-06
    1.1923499756E+04    1.1105770192E-06
    1.1933499756E+04    1.1642596014E-06
    1.1943499756E+04    6.8703279901E-07
    1.1953499756E+04    2.4726701023E-06
    1.1963499756E+04    1.2017688607E-06
    1.1973499756E+04    4.3600985106E-07
    1.1983499756E+04    9.8376055645E-07
    1.1993499756E+04    1.7561442429E-06
    1.2003499756E+04    9.7756466022E-07
    1.2013499756E+04    1.5039103844E-06
    1.2023499756E+04    9.3551548997E-07
    1.2033499756E+04    1.2022821840E-06
    1.2043499756E+04    1.8013707330E-06
    1.2053499756E+04    1.0225395649E-06
    1.2063499756E+04    1.6818899035E-06
    1.2073499756E+04    1.2399507748E-06
    1.2083499756E+04    1.8262131710E-06
    1.2093499756E+04    1.1118191066E-06
    1.2103499756E+04    1.9627379862E-06
    1.2113499756E+04    1.6386900840E-06
    1.2123499756E+04    1.8890100633E-06
    1.2133499756E+04    1.4067718144E-06
    1.2143499756E+04    1.5685355080E-06
    1.2153499756E+04    1.6630624498E-06
    1.2163499756E+04    1.7192667465E-06
    1.2173499756E+04    1.8072140790E-06
    1.2183499756E+04    1.0964792079E-06
    1.2193499756E+04    1.7378538879E-06
    1.2203499756E+04    8.8080576799E-07
    1.2213499756E+04    1.3922230912E-06
    1.2223499756E+04    1.3030458543E-06
    1.2233499756E+04    1.4516155830E-06
    1.2243499756E+04    1.5826364161E-06
    1.2253499756E+04    1.3378919935E-06
    1.2263499756E+04    9.7511475131E-07
    1.2273499756E+04    1.2553608626E-06
    1.2283499756E+04    4.6270783374E-07
    1.2293499756E+04    1.9216537974E-06
    1.2303499756E+04    1.1384947031E-06
    1.2313499756E+04    1.1770615336E-06
    1.2323499756E+04    1.6505854567E-06
    1.2333499756E+04    1.8894989201E-06
    1.2343499756E+04    2.0409485973E-06
    1.2353499756E+04    9.3758573081E-07
    1.2363499756E+04    1.4598267346E-06
    1.2373499756E+04    1.4621098119E-06
    1.2383499756E+04    2.2541862267E-06
    1.2393499756E+04    2.3023515116E-06
    1.2403499756E+04    2.0158409652E-06
    1.2413499756E+04    1.7515874387E-06
    1.2423499756E+04    1.9920560705E-06
    1.2433499756E+04    1.9373417016E-06
    1.2443499756E+04    2.7470405001E-06
    1.2453499756E+04    1.8165304047E-06
    1.2463499756E+04    2.9939342559E-06
    1.2473499756E+04    3.0254277111E-06
    1.2483499756E+04    2.8070660069E-06
    1.2493499756E+04    3.4772171652E-06
    1.2503499756E+04    3.2790103770E-06
    1.2513499756E+04    3.0742581691E-06
    1.2523499756E+04    3.9698088497E-06
    1.2533499756E+04    5.6880122779E-06
    1.2543499756E+04    3.0411988710E-06
    1.2553499756E+04    4.6999843651E-06
    1.2563499756E+04    5.2489181936E-06
    1.2573499756E+04    4.8745407542E-06
    1.2583499756E+04    5.5527128939E-06
    1.2593499756E+04    6.0276942757E-06
    1.2603499756E+04    7.1160969685E-06
    1.2613499756E+04    6.7058391710E-06
    1.2623499756E+04    7.5716921187E-06
    1.2633499756E+04    8.7627990595E-06
    1.2643499756E+04    1.1113961633E-05
    1.2653499756E+04    1.1705183971E-05
    1.2663499756E+04    1.3558285598E-05
    1.2673499756E+04    1.3782545211E-05
    1.2683499756E+04    1.7810288841E-05
    1.2693499756E+04    1.9190055932E-05
    1.2703499756E+04    2.2749373373E-05
    1.2713499756E+04    2.7196579413E-05
    1.2723499756E+04    2.9822329025E-05
    1.2733499756E+04    3.4073622738E-05
    1.2743499756E+04    3.7094786884E-05
    1.2753499756E+04    4.2284492961E-05
    1.2763499756E+04    4.8393436249E-05
    1.2773499756E+04    5.7898915633E-05
    1.2783499756E+04    6.1690141586E-05
    1.2793499756E+04    7.1136570181E-05
    1.2803499756E+04    8.0039033478E-05
    1.2813499756E+04    9.1749325653E-05
    1.2823499756E+04    1.0310325832E-04
    1.2833499756E+04    1.2067013015E-04
    1.2843499756E+04    1.3368874532E-04
    1.2853499756E+04    1.5179361023E-04
    1.2863499756E+04    1.6942170165E-04
    1.2873499756E+04    2.0083985407E-04
    1.2883499756E+04    2.2987536713E-04
    1.2893499756E+04    2.6696662187E-04
    1.2903499756E+04    3.2226926184E-04
    1.2913499756E+04    3.6628224183E-04
    1.2923499756E+04    4.3723331835E-04
    1.2933499756E+04    4.9843827103E-04
    1.2943499756E+04    6.0460941338E-04
    1.2953499756E+04    7.3206087560E-04
    1.2963499756E+04    8.9474710250E-04
    1.2973499756E+04    1.0720491925E-03
    1.2983499756E+04    1.3028792892E-03
    1.2993499756E+04    1.5820944167E-03
    1.3003499756E+04    1.9296529248E-03
    1.3013499756E+04    2.3672334799E-03
    1.3023499756E+04    2.8587892360E-03
    1.3033499756E+04    3.4985573588E-03
    1.3043499756E+04    4.3103284167E-03
    1.3053499756E+04    4.9127657183E-03
    1.3063499756E+04    6.2273895947E-03
    1.3073499756E+04    7.3489722605E-03
    1.3083499756E+04    8.4039762649E-03
    1.3093499756E+04    9.5642569498E-03
    1.3103499756E+04    1.0844415750E-02
    1.3113499756E+04    1.2187991476E-02
    1.3123499756E+04    1.2813284918E-02
    1.3133499756E+04    1.4871571287E-02
    1.3143499756E+04    1.6152337030E-02
    1.3153499756E+04    1.8634546401E-02
    1.3163499756E+04    2.0841954481E-02
    1.3173499756E+04    2.3881774913E-02
    1.3183499756E+04    2.7400566173E-02
    1.3193499756E+04    3.1988901229E-02
    1.3203499756E+04    3.6048716389E-02
    1.3213499756E+04    4.2607246460E-02
    1.3223499756E+04    4.8616642047E-02
    1.3233499756E+04    5.8352215208E-02
    1.3243499756E+04    6.5491696402E-02
    1.3253499756E+04    7.7166948444E-02
    1.3263499756E+04    8.9074783739E-02
    1.3273499756E+04    1.0465573191E-01
    1.3283499756E+04    1.2542711734E-01
    1.3293499756E+04    1.4332437481E-01
    1.3303499756E+04    1.6988495715E-01
    1.3313499756E+04    1.9181243493E-01
    1.3323499756E+04    2.2426447687E-01
    1.3333499756E+04    2.5875831250E-01
    1.3343499756E+04    2.8778761498E-01
    1.3353499756E+04    3.1190603285E-01
    1.3363499756E+04    3.3619247679E-01
    1.3373499756E+04    3.5527243610E-01
    1.3383499756E+04    3.6333787517E-01
    1.3393499756E+04    3.7473850138E-01
    1.3403499756E+04    3.8904067440E-01
    1.3413499756E+04    3.8569993310E-01
    1.3423499756E+04    3.9247945660E-01
    1.3433499756E+04    3.9078867912E-01
    1.3443499756E+04    3.8940243029E-01
    1.3453499756E+04    3.9631557823E-01
    1.3463499756E+04    3.9331312205E-01
    1.3473499756E+04    3.8958417179E-01
    1.3483499756E+04    4.0424816772E-01
    1.3493499756E+04    3.9425726270E-01
    1.3503499756E+04    4.0193647729E-01
    1.3513499756E+04    3.9531414241E-01
    1.3523499756E+04    4.0157001013E-01
    1.3533499756E+04    3.9559354050E-01
    1.3543499756E+04    3.9779385516E-01
    1.3553499756E+04    3.9767553400E-01
    1.3563499756E+04    3.9449575346E-01
    1.3573499756E+04    3.9607407173E-01
    1.3583499756E+04    3.9690305377E-01
    1.3593499756E+04    3.9578870537E-01
    1.3603499756E+04    3.9565299153E-01
    1.3613499756E+04    3.9943185359E-01
    1.3623499756E+04    3.9521915078E-01
    1.3633499756E+04    3.9280109473E-01
    1.3643499756E+04    4.0197873626E-01
    1.3653499756E+04    3.9810352598E-01
    1.3663499756E+04    3.9955655880E-01
    1.3673499756E+04    4.0040455222E-01
    1.3683499756E+04    3.9675208479E-01
    1.3693499756E+04    3.9729143704E-01
    1.3703499756E+04    3.9769723766E-01
    1.3713499756E+04    3.9438242640E-01
    1.3723499756E+04    3.9668973161E-01
    1.3733499756E+04    4.0056245399E-01
    1.3743499756E+04    3.8854256388E-01
    1.3753499756E+04    3.9627349629E-01
    1.3763499756E+04    3.8990963075E-01
    1.3773499756E+04    3.9061014008E-01
    1.3783499756E+04    3.8870226141E-01
    1.3793499756E+04    3.8549111618E-01
    1.3803499756E+04    3.8421542154E-01
    1.3813499756E+04    3.8576534723E-01
    1.3823499756E+04    3.8087443671E-01
    1.3833499756E+04    3.8052294377E-01
    1.3843499756E+04    3.8379498606E-01
    1.3853499756E+04    3.7643477568E-01
    1.3863499756E+04    3.8205700610E-01
    1.3873499756E+04    3.8014674112E-01
    1.3883499756E+04    3.7952779706E-01
    1.3893499756E+04    3.8084118822E-01
    1.3903499756E+04    3.8172849078E-01
    1.3913499756E+04    3.7894342307E-01
    1.3923499756E+04    3.7877627786E-01
    1.3933499756E+04    3.8148268277E-01
    1.3943499756E+04    3.8049964203E-01
    1.3953499756E+04    3.8064305950E-01
    1.3963499756E+04    3.7728625107E-01
    1.3973499756E+04    3.7757738145E-01
    1.3983499756E+04    3.9016720428E-01
    1.3993499756E+04    3.8595839048E-01
    1.4003499756E+04    3.8254889826E-01
    1.4013499756E+04    3.8468527762E-01
    1.4023499756E+04    3.9194357791E-01
    1.4033499756E+04    3.8536413064E-01
    1.4043499756E+04    3.9008840071E-01
    1.4053499756E+04    3.9601000004E-01
    1.4063499756E+04    3.8390664767E-01
    1.4073499756E+04    3.9673927899E-01
    1.4083499756E+04    3.9461719763E-01
    1.4093499756E+04    3.9768479359E-01
    1.4103499756E+04    3.9617151911E-01
    1.4113499756E+04    3.9889330698E-01
    1.4123499756E+04    3.9904801060E-01
    1.4133499756E+04    4.0386519506E-01
    1.4143499756E+04    3.9801769802E-01
    1.4153499756E+04    4.0699785723E-01
    1.4163499756E+04    4.0355006947E-01
    1.4173499756E+04    4.0730280675E-01
    1.4183499756E+04    4.0999984696E-01
    1.4193499756E+04    4.1074740254E-01
    1.4203499756E+04    4.0633393361E-01
    1.4213499756E+04    4.1097913508E-01
    1.4223499756E+04    4.1351998134E-01
    1.4233499756E+04    4.1061862441E-01
    1.4243499756E+04    4.1419974002E-01
    1.4253499756E+04    4.1577095638E-01
    1.4263499756E+04    4.1050839843E-01
    1.4273499756E+04    4.1329725538E-01
    1.4283499756E+04    4.0900326790E-01
    1.4293499756E+04    4.1320255734E-01
    1.4303499756E+04    4.1838697080E-01
    1.4313499756E+04    4.1513246175E-01
    1.4323499756E+04    4.1260257846E-01
    1.4333499756E+04    4.0970841069E-01
    1.4343499756E+04    4.1124641176E-01
    1.4353499756E+04    4.1317196928E-01
    1.4363499756E+04    4.1227049029E-01
    1.4373499756E+04    4.0968539106E-01
    1.4383499756E+04    4.1245711297E-01
    1.4393499756E+04    4.1068913477E-01
    1.4403499756E+04    4.1564903028E-01
    1.4413499756E+04    4.0963086400E-01
    1.4423499756E+04    4.0697579266E-01
    1.4433499756E+04    4.1681826222E-01
    1.4443499756E+04    4.1325483279E-01
    1.4453499756E+04    4.1130990872E-01
    1.4463499756E+04    4.1369840691E-01
    1.4473499756E+04    4.1455686646E-01
    1.4483499756E+04    4.2012552055E-01
    1.4493499756E+04    4.1862554254E-01
    1.4503499756E+04    4.1420610687E-01
    1.4513499756E+04    4.1585979750E-01
    1.4523499756E+04    4.2064475139E-01
    1.4533499756E+04    4.2034461575E-01
    1.4543499756E+04    4.2181635643E-01
    1.4553499756E+04    4.2322590709E-01
    1.4563499756E+04    4.1780443021E-01
    1.4573499756E+04    4.2314935267E-01
    1.4583499756E+04    4.2635009585E-01
    1.4593499756E+04    4.2053912185E-01
    1.4603499756E+04    4.2383620717E-01
    1.4613499756E+04    4.2243838192E-01
    1.4623499756E+04    4.2465787265E-01
    1.4633499756E+04    4.2696038297E-01
    1.4643499756E+04    4.3156902670E-01
    1.4653499756E+04    4.2426682790E-01
    1.4663499756E+04    4.2551182362E-01
    1.4673499756E+04    4.2349521681E-01
    1.4683499756E+04    4.2238092080E-01
    1.4693499756E+04    4.1658850292E-01
    1.4703499756E+04    4.1237523409E-01
    1.4713499756E+04    4.0540576431E-01
    1.4723499756E+04    3.9258556016E-01
    1.4733499756E+04    3.7709871389E-01
    1.4743499756E+04    3.5685590248E-01
    1.4753499756E+04    3.2971378100E-01
    1.4763499756E+04    3.1230954937E-01
    1.4773499756E+04    2.7699622318E-01
    1.4783499756E+04    2.4798491162E-01
    1.4793499756E+04    2.1395868163E-01
    1.4803499756E+04    1.8507550750E-01
    1.4813499756E+04    1.6046188590E-01
    1.4823499756E+04    1.3542911011E-01
    1.4833499756E+04    1.1519393271E-01
    1.4843499756E+04    1.0055002778E-01
    1.4853499756E+04    8.5831252804E-02
    1.4863499756E+04    7.3387428106E-02
    1.4873499756E+04    6.1158725860E-02
    1.4883499756E+04    5.6285098391E-02
    1.4893499756E+04    4.5970116785E-02
    1.4903499756E+04    4.0456442040E-02
    1.4913499756E+04    3.5163507389E-02
    1.4923499756E+04    3.0492320436E-02
    1.4933499756E+04    2.7345116923E-02
    1.4943499756E+04    2.3565066617E-02
    1.4953499756E+04    2.1802190257E-02
    1.4963499756E+04    1.9692589219E-02
    1.4973499756E+04    1.7719115206E-02
    1.4983499756E+04    1.5682365415E-02
    1.4993499756E+04    1.4073961485E-02
    1.5003499756E+04    1.2302112627E-02
    1.5013499756E+04    1.0144336843E-02
    1.5023499756E+04    8.4276641387E-03
    1.5033499756E+04    7.0291888308E-03
    1.5043499756E+04    5.7868599296E-03
    1.5053499756E+04    4.8510383100E-03
    1.5063499756E+04    4.0313397870E-03
    1.5073499756E+04    3.4535147548E-03
    1.5083499756E+04    2.9143541575E-03
    1.5093499756E+04    2.5088381574E-03
    1.5103499756E+04    2.1287869927E-03
    1.5113499756E+04    1.8152112266E-03
    1.5123499756E+04    1.5716169059E-03
    1.5133499756E+04    1.3517672896E-03
    1.5143499756E+04    1.2101116622E-03
    1.5153499756E+04    1.0298264091E-03
    1.5163499756E+04    9.1034458436E-04
    1.5173499756E+04    7.9805951337E-04
    1.5183499756E+04    7.0117568521E-04
    1.5193499756E+04    6.1938655628E-04
    1.5203499756E+04    5.4770559073E-04
    1.5213499756E+04    4.9699963517E-04
    1.5223499756E+04    4.3769221248E-04
    1.5233499756E+04    3.9192730842E-04
    1.5243499756E+04    3.5392172706E-04
    1.5253499756E+04    3.1366741529E-04
    1.5263499756E+04    2.8456490276E-04
    1.5273499756E+04    2.5566981220E-04
    1.5283499756E+04    2.3341822985E-04
    1.5293499756E+04    2.0837612648E-04
    1.5303499756E+04    1.8803884930E-04
    1.5313499756E+04    1.7427976658E-04
    1.5323499756E+04    1.5481710428E-04
    1.5333499756E+04    1.4341065960E-04
    1.5343499756E+04    1.3039755363E-04
    1.5353499756E+04    1.1572300175E-04
    1.5363499756E+04    1.0801452738E-04
    1.5373499756E+04    9.9598494192E-05
    1.5383499756E+04    9.2419156684E-05
    1.5393499756E+04    8.2023504558E-05
    1.5403499756E+04    7.5488576178E-05
    1.5413499756E+04    6.9228412862E-05
    1.5423499756E+04    6.1506601348E-05
    1.5433499756E+04    5.8790575995E-05
    1.5443499756E+04    5.4257393283E-05
    1.5453499756E+04    4.8136368236E-05
    1.5463499756E+04    4.3875436561E-05
    1.5473499756E+04    4.2031673610E-05
    1.5483499756E+04    3.6341438808E-05
    1.5493499756E+04    3.4506649310E-05
    1.5503499756E+04    3.2473602783E-05
    1.5513499756E+04    2.9771468338E-05
    1.5523499756E+04    2.7012056660E-05
    1.5533499756E+04    2.4468131230E-05
    1.5543499756E+04    2.3801578186E-05
    1.5553499756E+04    2.2696326274E-05
    1.5563499756E+04    1.8764270826E-05
    1.5573499756E+04    1.7506950503E-05
    1.5583499756E+04    1.7594113034E-05
    1.5593499756E+04    1.6356842246E-05
    1.5603499756E+04    1.6581085054E-05
    1.5613499756E+04    1.4307146191E-05
    1.5623499756E+04    1.2159146949E-05
    1.5633499756E+04    1.1640933761E-05
    1.5643499756E+04    1.1109465984E-05
    1.5653499756E+04    1.0299526735E-05
    1.5663499756E+04    1.1908089856E-05
    1.5673499756E+04    1.1387295472E-05
    1.5683499756E+04    1.0954920964E-05
    1.5693499756E+04    1.0546630527E-05
    1.5703499756E+04    8.1712653013E-06
    1.5713499756E+04    7.6336316522E-06
    1.5723499756E+04    8.4762580769E-06
    1.5733499756E+04    8.2498717239E-06
    1.5743499756E+04    7.6513990064E-06
    1.5753499756E+04    5.2073916684E-06
    1.5763499756E+04    5.0524058781E-06
    1.5773499756E+04    7.1928118274E-06
    1.5783499756E+04    6.8888376839E-06
    1.5793499756E+04    6.6138924764E-06
    1.5803499756E+04    5.5217896722E-06
    1.5813499756E+04    6.5788114386E-06
    1.5823499756E+04    5.9592514275E-06
    1.5833499756E+04    6.2818820210E-06
    1.5843499756E+04    4.0830733959E-06
    1.5853499756E+04    3.9884248954E-06
    1.5863499756E+04    5.8173162411E-06
    1.5873499756E+04    5.3820524954E-06
    1.5883499756E+04    2.6177719050E-06
    1.5893499756E+04    3.5932196137E-06
    1.5903499756E+04    4.6942910823E-06
    1.5913499756E+04    5.5337430839E-06
    1.5923499756E+04    4.7333749358E-06
    1.5933499756E+04    3.8662475523E-06
    1.5943499756E+04    3.1210888627E-06
    1.5953499756E+04    5.2173246475E-06
    1.5963499756E+04    3.6413504136E-06
    1.5973499756E+04    3.3059805508E-06
    1.5983499756E+04    3.2085948685E-06
    1.5993499756E+04    4.6178904515E-06
    1.6003499756E+04    3.3638587190E-06
    1.6013499756E+04    2.6053769075E-06
    1.6023499756E+04    4.1607467072E-06
    1.6033499756E+04    5.3186564416E-06
    1.6043499756E+04    2.9958749672E-06
    1.6053499756E+04    2.9633772760E-06
    1.6063499756E+04    1.6488815528E-06
    1.6073499756E+04    2.1515700995E-06
    1.6083499756E+04    2.3950073999E-06
    1.6093499756E+04    3.2723653546E-06
    1.6103499756E+04    2.7831789973E-06
    1.6113499756E+04    2.6312336208E-06
    1.6123499756E+04    3.5827051993E-06
    1.6133499756E+04    1.5052155089E-06
    1.6143499756E+04    2.7632015282E-06
    1.6153499756E+04    3.0921617836E-06
    1.6163499756E+04    3.0600026359E-07
    1.6173499756E+04    2.1412037921E-06
    1.6183499756E+04    9.8918921774E-07
    1.6193499756E+04    2.5204577387E-06
    1.6203499756E+04    2.7754778784E-07
    1.6213499756E+04    7.5626841197E-08
    1.6223499756E+04    1.3698463555E-06
    1.6233499756E+04    7.5795614077E-07
    1.6243499756E+04    3.0557270992E-06
    1.6253499756E+04    2.5781468057E-06
    1.6263499756E+04    1.3557496195E-06
    1.6273499756E+04    5.6945555340E-07
    1.6283499756E+04    1.0801853215E-06
    1.6293499756E+04    1.7333855925E-07
    1.6303499756E+04    1.0755933402E-06
    1.6313499756E+04    1.2194000726E-06
    1.6323499756E+04    7.2991559660E-07
    1.6333499756E+04    4.2048834176E-06
    1.6343499756E+04    4.6155886270E-11
    1.6353499756E+04    4.5874607976E-07
    1.6363499756E+04    8.1117698276E-07
    1.6373499756E+04    3.9051711352E-06
    1.6383499756E+04    5.6695773226E-07
    1.6393499756E+04    4.1248318030E-07
    1.6403499756E+04    2.4440460292E-06
    1.6413499756E+04    1.4858218014E-06
    1.6423499756E+04    1.0967280664E-06
    1.6433499756E+04    3.7132674566E-06
    1.6443499756E+04    5.0498085502E-07
    1.6453499756E+04    1.8415522864E-07
    1.6463499756E+04    3.5200906976E-06
    1.6473499756E+04    2.1586914913E-07
    1.6483499756E+04    4.2564682332E-06
    1.6493499756E+04    1.4011611651E-06
    1.6503499756E+04    2.8735803719E-06
    1.6513499756E+04    7.8949840239E-07
    1.6523499756E+04    3.9626118408E-06
    1.6533499756E+04    1.1584989482E-06
    1.6543499756E+04    3.7182378143E-06
    1.6553499756E+04    3.3799772224E-06
    1.6563499756E+04    4.5296393525E-07
    1.6573499756E+04    1.9679810270E-06
    1.6583499756E+04    1.9223842185E-06
    1.6593499756E+04    3.1055290915E-06
    1.6603499756E+04    2.1454255860E-07
    1.6613499756E+04    1.3803529331E-06
    1.6623499756E+04    4.3227343424E-06
    1.6633499756E+04    9.0247692455E-07
    1.6643499756E+04    4.1321115099E-06
    1.6653499756E+04    3.5509775839E-06
    1.6663499756E+04    2.9280260490E-06
    1.6673499756E+04    3.8309246601E-07
    1.6683499756E+04    3.5856193703E-06
    1.6693499756E+04    2.9239769866E-06
    1.6703499756E+04    1.3762432867E-06
    1.6713499756E+04    1.7600730103E-06
    1.6723499756E+04    2.0079593709E-06
    1.6733499756E+04    3.0702112216E-06
    1.6743499756E+04    1.2623930360E-06
    1.6753499756E+04    5.3756566567E-06
    1.6763499756E+04    5.7577414366E-07
    1.6773499756E+04    1.5920639828E-06
    1.6783499756E+04    2.3277457938E-06
    1.6793499756E+04    1.6258208972E-06
    1.6803499756E+04    4.8928705933E-06
    1.6813499756E+04    5.2627940722E-06
    1.6823499756E+04    1.6334550732E-06
    1.6833499756E+04    3.4013140508E-06
    1.6843499756E+04    2.1192839827E-06
    1.6853499756E+04    1.0152275970E-06
    1.6863499756E+04    2.1946643500E-06
    1.6873499756E+04    6.3951919184E-06
    1.6883499756E+04    1.2700684907E-06
    1.6893499756E+04    3.1766139288E-06
    1.6903499756E+04    4.1091070297E-06
    1.6913499756E+04    1.5915548671E-06
    1.6923499756E+04    2.2175554931E-06
    1.6933499756E+04    3.8660841313E-06
    1.6943499756E+04    9.9321722663E-07
    1.6953499756E+04    1.8206148082E-06
    1.6963499756E+04    1.2266940487E-06
    1.6973499756E+04    4.1314288878E-06
    1.6983499756E+04    2.0601555235E-06
    1.6993499756E+04    2.0766108392E-06
    1.7003499756E+04    8.2901210184E-06
    1.7013499756E+04    6.0786023485E-07
    1.7023499756E+04    1.4240833435E-06
    1.7033499756E+04    4.9132269245E-06
    1.7043499756E+04    8.1180547572E-07
    1.7053499756E+04    3.2710518408E-06
    1.7063499756E+04    4.5652017310E-06
    1.7073499756E+04    3.6936909240E-06
    1.7083499756E+04    3.2350831231E-06
    1.7093499756E+04    1.1892809705E-06
    1.7103499756E+04    1.8080551939E-06
    1.7113499756E+04    3.2987606411E-06
    1.7123499756E+04    6.5010115278E-06
    1.7133499756E+04    6.0011452854E-06
    1.7143499756E+04    2.3748268349E-06
    1.7153499756E+04    2.8441044410E-06
    1.7163499756E+04    4.1380773832E-06
    1.7173499756E+04    4.8698790540E-06
    1.7183499756E+04    3.2843509299E-06
    1.7193499756E+04    2.5948925208E-06
    1.7203499756E+04    1.8237613222E-06
    1.7213499756E+04    1.7770265829E-06
    1.7223499756E+04    4.3187630926E-06
    1.7233499756E+04    9.5258998751E-07
    1.7243499756E+04    2.0298752816E-06
    1.7253499756E+04    9.6649712590E-07
    1.7263499756E+04    4.5887093234E-06
    1.7273499756E+04    4.0764630837E-06
    1.7283499756E+04    2.3932998344E-06
    1.7293499756E+04    2.6402164962E-06
    1.7303499756E+04    8.2130498414E-07
    1.7313499756E+04    2.3726212899E-06
    1.7323499756E+04    1.2018600291E-06
    1.7333499756E+04    3.5331542833E-06
    1.7343499756E+04    2.7264363624E-06
    1.7353499756E+04    2.1560998503E-06
    1.7363499756E+04    2.9018069575E-06
    1.7373499756E+04    6.2449646638E-06
    1.7383499756E+04    1.5580236332E-06
    1.7393499756E+04    5.5932563872E-06
    1.7403499756E+04    6.0228300693E-06
    1.7413499756E+04    5.7423318768E-07
    1.7423499756E+04    3.0995157623E-06
    1.7433499756E+04    3.9626744252E-06
    1.7443499756E+04    1.2693397416E-07
    1.7453499756E+04    5.0697187651E-07
    1.7463499756E+04    2.4632950926E-06
    1.7473499756E+04    1.2695778741E-06
    1.7483499756E+04    1.1679539002E-06
    1.7493499756E+04    1.8524155013E-06
    1.7503499756E+04    9.8199495074E-07
    1.7513499756E+04    3.7813742207E-06
    1.7523499756E+04    8.5292040558E-06
    1.7533499756E+04    1.7455141282E-06
    1.7543499756E+04    9.7483177142E-07
    1.7553499756E+04    5.6740015328E-06
    1.7563499756E+04    7.4043266629E-06
    1.7573499756E+04    4.9032018809E-06
    1.7583499756E+04    5.0671778230E-06
    1.7593499756E+04    1.0025113493E-06
    1.7603499756E+04    4.4953687616E-06
    1.7613499756E+04    3.5933910953E-06
    1.7623499756E+04    1.5624510364E-06
    1.7633499756E+04    6.5275124876E-06
    1.7643499756E+04    3.1859868279E-06
    1.7653499756E+04    4.1780050643E-06
    1.7663499756E+04    8.0680550313E-07
    1.7673499756E+04    1.0419225791E-06
    1.7683499756E+04    1.4891578738E-06
    1.7693499756E+04    7.2130127083E-07
    1.7703499756E+04    1.6931070134E-06
    1.7713499756E+04    5.2913350156E-06
    1.7723499756E+04    6.2136094982E-06
    1.7733499756E+04    4.2735850592E-06
    1.7743499756E+04    2.5590844347E-06
    1.7753499756E+04    7.2631717315E-07
    1.7763499756E+04    4.5456830222E-06
    1.7773499756E+04    2.2423385585E-06
    1.7783499756E+04    4.8094563628E-06
    1.7793499756E+04    1.9607944890E-06
    1.7803499756E+04    3.7366135715E-06
    1.7813499756E+04    2.7978646178E-06
    1.7823499756E+04    2.7367290906E-06
    1.7833499756E+04    4.6459628426E-06
    1.7843499756E+04    1.8476172765E-06
    1.7853499756E+04    1.6045896304E-06
    1.7863499756E+04    2.3787647869E-06
    1.7873499756E+04    2.4708230794E-06
    1.7883499756E+04    2.2527787958E-06
    1.7893499756E+04    5.3716379166E-06
    1.7903499756E+04    1.9878884484E-06
    1.7913499756E+04    6.0262689909E-06
    1.7923499756E+04    3.1972050984E-06
    1.7933499756E+04    2.6142008667E-06
    1.7943499756E+04    1.4399834330E-06
    1.7953499756E+04    6.3141207508E-06
    1.7963499756E+04    5.2726885414E-06
    1.7973499756E+04    2.6969146995E-06
    1.7983499756E+04    4.0996635446E-06
    1.7993499756E+04    1.4707016323E-06
    1.8003499756E+04    1.4273564618E-06
    1.8013499756E+04    3.0516615692E-06
    1.8023499756E+04    3.1169087488E-06
    1.8033499756E+04    4.6075327527E-06
    1.8043499756E+04    3.4777160254E-06
    1.8053499756E+04    4.6528153928E-06
    1.8063499756E+04    1.7643193167E-06
    1.8073499756E+04    6.3295186359E-06
    1.8083499756E+04    2.9606222241E-06
    1.8093499756E+04    4.2644323096E-06
    1.8103499756E+04    1.6263558223E-07
    1.8113499756E+04    3.1886442040E-06
    1.8123499756E+04    1.5056529045E-06
    1.8133499756E+04    3.3295399460E-07
    1.8143499756E+04    6.5185873975E-07
    1.8153499756E+04    6.8512152239E-07
    1.8163499756E+04    3.9106503320E-07
    1.8173499756E+04    1.4868091204E-06
    1.8183499756E+04    1.6793196898E-06
    1.8193499756E+04    5.0905787579E-07
    1.8203499756E+04    1.1390139849E-06
    1.8213499756E+04    9.9177198157E-07
    1.8223499756E+04    3.6332910222E-06
    1.8233499756E+04    2.0103202833E-06
    1.8243499756E+04    5.8981553514E-06
    1.8253499756E+04    6.4133088894E-06
    1.8263499756E+04    5.4603947991E-06
    1.8273499756E+04    3.5042775015E-06
    1.8283499756E+04    5.2299883386E-06
    1.8293499756E+04    3.2958598300E-06
    1.8303499756E+04    4.7516656843E-06
    1.8313499756E+04    1.1238717657E-05
    1.8323499756E+04    4.3817590227E-07
    1.8333499756E+04    4.7756620940E-11
    1.8343499756E+04    3.1161815263E-06
    1.8353499756E+04    2.1669442660E-06
    1.8363499756E+04    3.1799234226E-06
    1.8373499756E+04    6.1980436606E-06
    1.8383499756E+04    5.2097584052E-07
    1.8393499756E+04    7.7612328259E-07
    1.8403499756E+04    7.1799874045E-06
    1.8413499756E+04    1.2881055438E-06
    1.8423499756E+04    4.1156464167E-06
    1.8433499756E+04    5.0781057878E-06
    1.8443499756E+04    4.0190852845E-06
    1.8453499756E+04    2.1156359375E-06
    1.8463499756E+04    3.1962971649E-06
    1.8473499756E+04    9.6365585987E-07
    1.8483499756E+04    6.5287160789E-06
    1.8493499756E+04    4.9247823632E-06
    1.8503499756E+04    4.7925542173E-11
    1.8513499756E+04    4.1137180669E-06
    1.8523499756E+04    2.7324652757E-06
    1.8533499756E+04    6.4520460772E-07
    1.8543499756E+04    7.7477218163E-06
    1.8553499756E+04    1.9378255226E-06
    1.8563499756E+04    9.3782926935E-07
    1.8573499756E+04    3.8305636827E-06
    1.8583499756E+04    2.3029112265E-06
    1.8593499756E+04    4.4861314038E-06
    1.8603499756E+04    3.1775157311E-07
    1.8613499756E+04    2.4864478772E-06
    1.8623499756E+04    3.0416524647E-06
    1.8633499756E+04    5.9744961707E-06
    1.8643499756E+04    7.1757350101E-07
    1.8653499756E+04    3.8077688434E-06
    1.8663499756E+04    6.2174729311E-06
    1.8673499756E+04    9.7838297503E-07
    1.8683499756E+04    1.3588870783E-06
    1.8693499756E+04    2.6241544884E-06
    1.8703499756E+04    2.7098795804E-07
    1.8713499756E+04    1.7571655123E-06
    1.8723499756E+04    1.3237031671E-05
    1.8733499756E+04    1.3888203456E-06
    1.8743499756E+04    4.4446633063E-06
    1.8753499756E+04    6.2451202001E-06
    1.8763499756E+04    4.2260343729E-06
    1.8773499756E+04    3.7725127353E-06
    1.8783499756E+04    2.2143977466E-06
    1.8793499756E+04    4.0269881639E-06
    1.8803499756E+04    4.3226435488E-06
    1.8813499756E+04    2.2328650730E-06
    1.8823499756E+04    2.5392721343E-06
    1.8833499756E+04    5.4555168354E-06
    1.8843499756E+04    5.3125238458E-06
    1.8853499756E+04    2.1927873930E-06
    1.8863499756E+04    2.8385009015E-06
    1.8873499756E+04    1.0677167818E-06
    1.8883499756E+04    1.6919376896E-06
    1.8893499756E+04    5.5573540859E-06
    1.8903499756E+04    9.0918506598E-06
    1.8913499756E+04    8.6499111675E-06
    1.8923499756E+04    4.8089676482E-11
    1.8933499756E+04    1.9758479376E-06
    1.8943499756E+04    4.8102472279E-11
    1.8953499756E+04    8.4520326459E-07
    1.8963499756E+04    4.8130707110E-11
    1.8973499756E+04    4.2292355651E-06
    1.8983499756E+04    1.2024236484E-05
    1.8993499756E+04    4.7281661502E-06
    1.9003499756E+04    3.0582672051E-06
    1.9013499756E+04    8.9285128829E-06
    1.9023499756E+04    3.4855373492E-06
    1.9033499756E+04    1.1486582554E-05
    1.9043499756E+04    4.8087894251E-11
    1.9053499756E+04    7.6470457015E-06
    1.9063499756E+04    6.4740010186E-06
    1.9073499756E+04    4.3145569673E-06
    1.9083499756E+04    1.0181428840E-05
    1.9093499756E+04    5.9932361556E-06
    1.9103499756E+04    8.4596214033E-06
    1.9113499756E+04    4.8488790746E-06
    1.9123499756E+04    2.7266400808E-06
    1.9133499756E+04    2.8120194805E-07
    1.9143499756E+04    1.8491193791E-06
    1.9153499756E+04    3.3256971047E-06
    1.9163499756E+04    3.6136203574E-06
    1.9173499756E+04    4.1159525965E-07
    1.9183499756E+04    1.6232380152E-06
    1.9193499756E+04    1.1691194997E-07
    1.9203499756E+04    7.9104950861E-07
    1.9213499756E+04    9.8749887409E-07
    1.9223499756E+04    4.0266486723E-06
    1.9233499756E+04    1.3754194589E-06
    1.9243499756E+04    2.7021566550E-06
    1.9253499756E+04    7.4704277607E-06
    1.9263499756E+04    3.7590348943E-06
    1.9273499756E+04    4.6774642803E-06
    1.9283499756E+04    1.1305748435E-05
    1.9293499756E+04    4.4874452267E-06
    1.9303499756E+04    8.7018372447E-06
    1.9313499756E+04    8.9818709575E-06
    1.9323499756E+04    3.7138430014E-06
    1.9333499756E+04    6.1636148885E-06
    1.9343499756E+04    9.9425546229E-07
    1.9353499756E+04    4.6002580270E-06
    1.9363499756E+04    4.8028678907E-06
    1.9373499756E+04    8.8800384013E-06
    1.9383499756E+04    1.1635398091E-05
    1.9393499756E+04    5.8984414990E-06
    1.9403499756E+04    2.3564491481E-06
    1.9413499756E+04    2.0072713503E-06
    1.9423499756E+04    7.3592841850E-06
    1.9433499756E+04    8.1803523902E-06
    1.9443499756E+04    9.5807838476E-06
    1.9453499756E+04    1.0991714315E-06
    1.9463499756E+04    4.4174498434E-06
    1.9473499756E+04    4.8503530424E-11
    1.9483499756E+04    6.9997916037E-06
    1.9493499756E+04    8.8001173169E-06
    1.9503499756E+04    6.4296316988E-06
    1.9513499756E+04    6.5387239349E-06
    1.9523499756E+04    9.1881666394E-06
    1.9533499756E+04    8.0554755630E-06
    1.9543499756E+04    9.3194830600E-06
    1.9553499756E+04    2.3390540035E-06
    1.9563499756E+04    4.1615563257E-06
    1.9573499756E+04    4.5458287185E-07
    1.9583499756E+04    4.8692305939E-11
    1.9593499756E+04    3.3525094659E-06
    1.9603499756E+04    4.9594859701E-06
    1.9613499756E+04    4.7007760142E-06
    1.9623499756E+04    3.2840171114E-06
    1.9633499756E+04    2.6728712039E-06
    1.9643499756E+04    9.2062085082E-06
    1.9653499756E+04    5.1547822286E-07
    1.9663499756E+04    3.3070686855E-06
    1.9673499756E+04    2.9759391839E-06
    1.9683499756E+04    7.4823874742E-06
    1.9693499756E+04    5.1292152905E-06
    1.9703499756E+04    1.0075048885E-05
    1.9713499756E+04    9.6595590487E-06
    1.9723499756E+04    3.0498115026E-06
    1.9733499756E+04    1.3910342619E-05
    1.9743499756E+04    4.4400586621E-06
    1.9753499756E+04    5.6480346602E-06
    1.9763499756E+04    1.9534622378E-06
    1.9773499756E+04    6.6285860490E-06
    1.9783499756E+04    7.8974387235E-06
    1.9793499756E+04    7.0232136981E-06
    1.9803499756E+04    5.2624325373E-06
    1.9813499756E+04    3.2245085300E-06
    1.9823499756E+04    6.8438332836E-06
    1.9833499756E+04    3.6715614521E-06
    1.9843499756E+04    3.9056209177E-06
    1.9853499756E+04    1.6580947541E-05
    1.9863499756E+04    8.7415343461E-06
    1.9873499756E+04    4.2183756140E-06
    1.9883499756E+04    5.8091171541E-06
    1.9893499756E+04    5.3665760967E-06
    1.9903499756E+04    5.8620181621E-06
    1.9913499756E+04    9.9141344772E-06
    1.9923499756E+04    5.3301677609E-06
    1.9933499756E+04    9.5657123793E-06
    1.9943499756E+04    1.7078573203E-06
    1.9953499756E+04    6.7068039180E-06
    1.9963499756E+04    6.7961566182E-06
    1.9973499756E+04    1.1103704761E-05
    1.9983499756E+04    6.7883933288E-06
    1.9993499756E+04    1.2427703232E-05
    2.0003499756E+04    7.8659454179E-06
    2.0013499756E+04    2.9846262047E-06
    2.0023499756E+04    1.0342443868E-05
    2.0033499756E+04    4.1976557297E-06
    2.0043499756E+04    7.9041113469E-06
    2.0053499756E+04    1.1478582293E-05
    2.0063499756E+04    8.6590151129E-06
    2.0073499756E+04    3.3520543324E-06
    2.0083499756E+04    4.0299557859E-07
    2.0093499756E+04    6.4158238202E-07
    2.0103499756E+04    7.6953822126E-06
    2.0113499756E+04    1.1004177846E-05
    2.0123499756E+04    1.0419534070E-05
    2.0133499756E+04    1.1685784087E-05
    2.0143499756E+04    7.0934655366E-06
    2.0153499756E+04    3.1365544871E-06
    2.0163499756E+04    3.9804814465E-06
    2.0173499756E+04    1.0379392961E-05
    2.0183499756E+04    7.5071171266E-06
    2.0193499756E+04    8.5443280975E-06
    2.0203499756E+04    1.0360758427E-05
    2.0213499756E+04    8.0134142754E-06
    2.0223499756E+04    9.4838113563E-06
    2.0233499756E+04    2.7160581853E-06
    2.0243499756E+04    4.0591112078E-06
    2.0253499756E+04    1.9669397565E-06
    2.0263499756E+04    1.5068852002E-05
    2.0273499756E+04    9.7012119586E-06
    2.0283499756E+04    1.4191892404E-05
    2.0293499756E+04    5.6103887725E-06
    2.0303499756E+04    5.4144141666E-06
    2.0313499756E+04    7.8155391442E-06
    2.0323499756E+04    2.2064299148E-06
    2.0333499756E+04    8.0951835885E-07
    2.0343499756E+04    3.9855046946E-06
    2.0353499756E+04    5.3244153144E-06
    2.0363499756E+04    2.1212293564E-06
    2.0373499756E+04    3.5729461382E-06
    2.0383499756E+04    2.4957063952E-06
    2.0393499756E+04    4.4639933394E-06
    2.0403499756E+04    5.6032562910E-07
    2.0413499756E+04    4.2335780794E-06
    2.0423499756E+04    9.4479001639E-06
    2.0433499756E+04    7.8552403785E-06
    2.0443499756E+04    1.1954876159E-05
    2.0453499756E+04    5.5552637068E-06
    2.0463499756E+04    3.4771318473E-06
    2.0473499756E+04    5.0905087741E-06
    2.0483500977E+04    5.1561211916E-06
    2.0493500977E+04    4.6013983854E-06
    2.0503500977E+04    7.0880671396E-06
    2.0513500977E+04    4.9362522430E-07
    2.0523500977E+04    4.8831657687E-11
    2.0533500977E+04    9.2460497858E-07
    2.0543500977E+04    5.9373930290E-06
    2.0553500977E+04    1.1376283481E-05
    2.0563500977E+04    4.8900649153E-11
    2.0573500977E+04    9.3807328731E-06
    2.0583500977E+04    4.9627524441E-06
    2.0593500977E+04    1.0414030537E-05
    2.0603500977E+04    1.0799088876E-05
    2.0613500977E+04    7.8102029477E-06
    2.0623500977E+04    1.0466219163E-05
    2.0633500977E+04    1.2407336630E-05
    2.0643500977E+04    8.2609644831E-06
    2.0653500977E+04    6.9973112080E-06
    2.0663500977E+04    1.4121527355E-05
    2.0673500977E+04    3.6587606999E-06
    2.0683500977E+04    9.3004979808E-06
    2.0693500977E+04    1.0848972102E-05
    2.0703500977E+04    1.1667332408E-05
    2.0713500977E+04    7.6802459971E-06
    2.0723500977E+04    4.3812309234E-06
    2.0733500977E+04    2.9421217251E-06
    2.0743500977E+04    6.4612026321E-06
    2.0753500977E+04    6.5726477849E-06
    2.0763500977E+04    1.4204618390E-05
    2.0773500977E+04    1.1510180347E-05
    2.0783500977E+04    4.0635484680E-06
    2.0793500977E+04    4.7642913143E-06
    2.0803500977E+04    3.5067745033E-06
    2.0813500977E+04    6.5907423906E-08
    2.0823500977E+04    5.1905212319E-06
    2.0833500977E+04    3.6727727142E-06
    2.0843500977E+04    1.9288886619E-05
    2.0853500977E+04    1.3054449686E-05
    2.0863500977E+04    1.2062730817E-05
    2.0873500977E+04    6.0860065271E-06
    2.0883500977E+04    3.8638179830E-06
    2.0893500977E+04    4.5531307840E-06
    2.0903500977E+04    1.4690757434E-05
    2.0913500977E+04    1.1078701172E-05
    2.0923500977E+04    1.2030286000E-05
    2.0933500977E+04    6.5471608191E-06
    2.0943500977E+04    3.3422695655E-06
    2.0953500977E+04    6.5032093152E-06
    2.0963500977E+04    8.8202744445E-06
    2.0973500977E+04    7.6829765632E-06
    2.0983500977E+04    8.1928204537E-06
    2.0993500977E+04    7.4523404882E-06
    2.1003500977E+04    1.4415916010E-05
    2.1013500977E+04    5.9897522053E-06
    2.1023500977E+04    1.1446370773E-05
    2.1033500977E+04    8.9640535575E-06
    2.1043500977E+04    5.9870736931E-06
    2.1053500977E+04    4.4102090635E-06
    2.1063500977E+04    7.3536040952E-06
    2.1073500977E+04    1.0115906215E-05
    2.1083500977E+04    1.4000592145E-05
    2.1093500977E+04    1.3660279254E-05
    2.1103500977E+04    2.2713673068E-06
    2.1113500977E+04    1.2048543697E-05
    2.1123500977E+04    4.5200542801E-06
    2.1133500977E+04    3.9541781498E-06
    2.1143500977E+04    1.3258159926E-05
    2.1153500977E+04    2.2558547044E-06
    2.1163500977E+04    6.5418102428E-06
    2.1173500977E+04    7.9533196535E-06
    2.1183500977E+04    6.5187954573E-06
    2.1193500977E+04    1.1000853550E-05
    2.1203500977E+04    3.2630548816E-06
    2.1213500977E+04    7.9845216929E-06
    2.1223500977E+04    7.4447937755E-06
    2.1233500977E+04    5.7066696761E-07
    2.1243500977E+04    9.7482725907E-06
    2.1253500977E+04    1.2542206023E-05
    2.1263500977E+04    2.7428719810E-06
    2.1273500977E+04    6.8870403415E-06
    2.1283500977E+04    1.3937331666E-05
    2.1293500977E+04    7.8600225402E-06
    2.1303500977E+04    4.1323499091E-06
    2.1313500977E+04    9.8447970751E-06
    2.1323500977E+04    5.4314181136E-06
    2.1333500977E+04    1.9336797363E-05
    2.1343500977E+04    9.6905007575E-06
    2.1353500977E+04    8.6613280911E-06
    2.1363500977E+04    8.1305035326E-06
    2.1373500977E+04    5.7764282482E-06
    2.1383500977E+04    1.7628126657E-06
    2.1393500977E+04    6.3714238679E-06
    2.1403500977E+04    1.0227543124E-05
    2.1413500977E+04    6.3288176701E-06
    2.1423500977E+04    1.0827573469E-05
    2.1433500977E+04    1.1828964845E-05
    2.1443500977E+04    6.6751529963E-06
    2.1453500977E+04    1.3855469621E-05
    2.1463500977E+04    1.1375945941E-05
    2.1473500977E+04    7.6191206220E-06
    2.1483500977E+04    1.0366955780E-05
    2.1493500977E+04    2.2146276771E-06
    2.1503500977E+04    9.9810837227E-06
    2.1513500977E+04    1.6000415586E-06
    2.1523500977E+04    6.2004645934E-06
    2.1533500977E+04    1.6498358301E-05
    2.1543500977E+04    4.9920031983E-11
    2.1553500977E+04    5.6139372308E-06
    2.1563500977E+04    3.4683505884E-06
    2.1573500977E+04    4.4524430788E-06
    2.1583500977E+04    7.1994214217E-06
    2.1593500977E+04    4.1537645546E-06
    2.1603500977E+04    8.9841889671E-06
    2.1613500977E+04    9.2001154227E-06
    2.1623500977E+04    8.1082538753E-06
    2.1633500977E+04    3.5079606548E-06
    2.1643500977E+04    2.7318269679E-06
    2.1653500977E+04    1.1187350288E-05
    2.1663500977E+04    3.6066695466E-07
    2.1673500977E+04    5.1758766132E-06
    2.1683500977E+04    1.7129960019E-05
    2.1693500977E+04    1.4582280733E-05
    2.1703500977E+04    4.9504569633E-11
    2.1713500977E+04    2.4181993453E-07
    2.1723500977E+04    9.2337727740E-06
    2.1733500977E+04    1.1898362128E-05
    2.1743500977E+04    6.8373979936E-06
    2.1753500977E+04    5.2622921602E-06
    2.1763500977E+04    5.5861692188E-06
    2.1773500977E+04    3.5142164140E-06
    2.1783500977E+04    7.3098855180E-06
    2.1793500977E+04    1.0584844721E-05
    2.1803500977E+04    4.9229915109E-11
    2.1813500977E+04    6.5384140275E-06
    2.1823500977E+04    1.4067729033E-05
    2.1833500977E+04    9.0182479572E-06
    2.1843500977E+04    1.4115043492E-06
    2.1853500977E+04    1.3585730187E-07
    2.1863500977E+04    9.0328427590E-06
    2.1873500977E+04    4.9183733395E-11
    2.1883500977E+04    9.9777412415E-06
    2.1893500977E+04    8.6521368482E-06
    2.1903500977E+04    1.0937257764E-05
    2.1913500977E+04    3.7857741394E-06
    2.1923500977E+04    6.7554549781E-06
    2.1933500977E+04    1.1796120083E-05
    2.1943500977E+04    9.5973230806E-06
    2.1953500977E+04    3.8860658266E-06
    2.1963500977E+04    9.3084212918E-06
    2.1973500977E+04    4.7595172125E-07
    2.1983500977E+04    7.2104612311E-06
    2.1993500977E+04    1.2480670987E-05
    2.2003500977E+04    9.0481229373E-06
    2.2013500977E+04    9.9799888596E-06
    2.2023500977E+04    7.5688914745E-06
    2.2033500977E+04    1.0453844641E-05
    2.2043500977E+04    3.1457668210E-06
    2.2053500977E+04    5.0747533243E-06
    2.2063500977E+04    9.3360859710E-06
    2.2073500977E+04    1.5418986612E-06
    2.2083500977E+04    5.8141981478E-06
    2.2093500977E+04    7.9361253058E-06
    2.2103500977E+04    9.3351053080E-06
    2.2113500977E+04    7.0847215646E-06
    2.2123500977E+04    7.4102501885E-06
    2.2133500977E+04    1.1011351831E-05
    2.2143500977E+04    9.5810019312E-06
    2.2153500977E+04    1.1361000871E-05
    2.2163500977E+04    3.4735456086E-06
    2.2173500977E+04    1.3417426789E-05
    2.2183500977E+04    1.7864941333E-05
    2.2193500977E+04    5.7639512112E-06
    2.2203500977E+04    1.2701994662E-06
    2.2213500977E+04    2.7358734174E-06
    2.2223500977E+04    1.3705335908E-06
    2.2233500977E+04    8.8415300263E-06
    2.2243500977E+04    1.4117097296E-05
    2.2253500977E+04    4.6491358394E-06
    2.2263500977E+04    1.0932048873E-05
    2.2273500977E+04    1.9708516787E-05
    2.2283500977E+04    4.9941077758E-11
    2.2293500977E+04    3.0706947206E-06
    2.2303500977E+04    5.0679174343E-06
    2.2313500977E+04    1.3283786844E-05
    2.2323500977E+04    1.1067029515E-05
    2.2333500977E+04    1.3498528117E-05
    2.2343500977E+04    1.8073731274E-06
    2.2353500977E+04    1.1478404944E-05
    2.2363500977E+04    7.0114870166E-06
    2.2373500977E+04    2.8026334788E-07
    2.2383500977E+04    1.1055619781E-05
    2.2393500977E+04    1.7413522686E-05
    2.2403500977E+04    6.2248924789E-06
    2.2413500977E+04    1.6087212194E-06
    2.2423500977E+04    6.6828439048E-06
    2.2433500977E+04    8.8255082820E-06
    2.2443500977E+04    1.7548718182E-05
    2.2453500977E+04    1.1849448221E-05
    2.2463500977E+04    2.9061188932E-06
    2.2473500977E+04    5.0401058769E-06
    2.2483500977E+04    1.9747543965E-05
    2.2493500977E+04    8.0209173840E-06
    2.2503500977E+04    1.0233564313E-06
    2.2513500977E+04    1.0688603268E-05
    2.2523500977E+04    2.6816820409E-05
    2.2533500977E+04    4.9437753364E-11
    2.2543500977E+04    5.6580493486E-06
    2.2553500977E+04    4.9267298307E-11
    2.2563500977E+04    9.2708724845E-06
    2.2573500977E+04    1.3212144511E-05
    2.2583500977E+04    3.4208580157E-06
    2.2593500977E+04    1.3910596899E-05
    2.2603500977E+04    7.5639576590E-06
    2.2613500977E+04    1.6015506657E-05
    2.2623500977E+04    5.1366043625E-07
    2.2633500977E+04    5.1227096271E-06
    2.2643500977E+04    7.1375702274E-06
    2.2653500977E+04    4.7944875256E-11
    2.2663500977E+04    8.6330421624E-06
    2.2673500977E+04    1.1838631226E-06
    2.2683500977E+04    6.3249120297E-06
    2.2693500977E+04    1.8432996176E-05
    2.2703500977E+04    1.7664736311E-06
    2.2713500977E+04    5.3652003168E-06
    2.2723500977E+04    1.6380128583E-05
    2.2733500977E+04    2.8462342347E-06
    2.2743500977E+04    4.8792167047E-11
    2.2753500977E+04    5.6116700461E-06
    2.2763500977E+04    8.2576982421E-06
    2.2773500977E+04    2.1770415133E-06
    2.2783500977E+04    7.9459314219E-06
    2.2793500977E+04    4.8133949437E-06
    2.2803500977E+04    3.0355673799E-06
    2.2813500977E+04    3.7484536275E-06
    2.2823500977E+04    2.2246312078E-06
    2.2833500977E+04    3.0877363030E-06
    2.2843500977E+04    4.8924423459E-11
    2.2853500977E+04    7.4433551046E-07
    2.2863500977E+04    1.0060639367E-06
    2.2873500977E+04    4.8890239324E-11
    2.2883500977E+04    4.8871721616E-11
    2.2893500977E+04    8.1064768996E-06
    2.2903500977E+04    2.1365746592E-06
    2.2913500977E+04    8.2799629509E-06
    2.2923500977E+04    4.8072243098E-06
    2.2933500977E+04    1.0967411643E-06
    2.2943500977E+04    2.8577269685E-06
    2.2953500977E+04    8.0005193667E-06
    2.2963500977E+04    8.0564191445E-06
    2.2973500977E+04    7.3660691050E-07
    2.2983500977E+04    2.8913233157E-06
    2.2993500977E+04    7.2641059523E-06
    2.3003500977E+04    1.6705345831E-06
    2.3013500977E+04    2.3786617087E-06
    2.3023500977E+04    4.8084948893E-11
    2.3033500977E+04    5.8883003566E-06
    2.3043500977E+04    6.8845241125E-06
    2.3053500977E+04    9.9369666896E-07
    2.3063500977E+04    4.1544908749E-06
    2.3073500977E+04    1.8734782660E-06
    2.3083500977E+04    1.3907865268E-06
    2.3093500977E+04    4.1945362186E-07
    2.3103500977E+04    1.3564056127E-06
    2.3113500977E+04    1.1232175382E-06
    2.3123500977E+04    1.5273682165E-06
    2.3133500977E+04    2.8464828507E-06
    2.3143500977E+04    2.1214956290E-06
    2.3153500977E+04    4.2134937064E-06
    2.3163500977E+04    5.8930421002E-06
    2.3173500977E+04    8.4718004473E-06
    2.3183500977E+04    4.1380967040E-06
    2.3193500977E+04    2.7054302213E-06
    2.3203500977E+04    1.4845671527E-06
    2.3213500977E+04    7.5108675351E-07
    2.3223500977E+04    3.6467192710E-06
    2.3233500977E+04    4.3366866727E-06
    2.3243500977E+04    5.5170766645E-06
    2.3253500977E+04    4.6823326345E-06
    2.3263500977E+04    2.4907244066E-06
    2.3273500977E+04    2.6184520561E-06
    2.3283500977E+04    4.7825672852E-07
    2.3293500977E+04    8.2098837507E-08
    2.3303500977E+04    2.6181383329E-06
    2.3313500977E+04    3.1220243639E-06
    2.3323500977E+04    1.2606809602E-06
    2.3333500977E+04    1.4576306824E-06
    2.3343500977E+04    1.3798162401E-06
    2.3353500977E+04    1.3532151630E-06
    2.3363500977E+04    1.0707599263E-06
    2.3373500977E+04    1.6473570068E-06
    2.3383500977E+04    1.2392403045E-06
    2.3393500977E+04    8.4597849368E-07
    2.3403500977E+04    8.7820908561E-07
    2.3413500977E+04    1.2277458355E-06
    2.3423500977E+04    1.4883074883E-06
    2.3433500977E+04    1.7814249039E-11
    2.3443500977E+04    3.8132072627E-07
    2.3453500977E+04    5.9675022445E-07
    2.3463500977E+04    1.4381654219E-06
    2.3473500977E+04    5.1651344558E-07
    2.3483500977E+04    1.6354617726E-06
    2.3493500977E+04    8.0021254475E-07
    2.3503500977E+04    2.0008931520E-06
    2.3513500977E+04    8.2950026438E-07
    2.3523500977E+04    4.2402955112E-07
    2.3533500977E+04    1.7467301106E-06
    2.3543500977E+04    7.5875106352E-07
    2.3553500977E+04    3.7691964540E-07
    2.3563500977E+04    1.7840415046E-06
    2.3573500977E+04    4.2456733765E-07
    2.3583500977E+04    1.0124358701E-06
    2.3593500977E+04    6.6262209151E-07
    2.3603500977E+04    1.7553691054E-06
    2.3613500977E+04    1.5688307875E-06
    2.3623500977E+04    8.8671716721E-07
    2.3633500977E+04    9.9563964279E-07
    2.3643500977E+04    1.6771130836E-06
    2.3653500977E+04    4.8749623020E-07
    2.3663500977E+04    7.0153089540E-07
    2.3673500977E+04    5.5742532224E-07
    2.3683500977E+04    4.2513350298E-08
    2.3693500977E+04    8.2524822544E-07
    2.3703500977E+04    3.6855230906E-07
    2.3713500977E+04    6.3490489982E-07
    2.3723500977E+04    5.2559578210E-07
    2.3733500977E+04    2.6518092420E-07
    2.3743500977E+04    1.8433199712E-07
    2.3753500977E+04    7.0461531822E-08
    2.3763500977E+04    3.8652929259E-07
    2.3773500977E+04    3.1251556940E-07
    2.3783500977E+04    2.2872416120E-07
    2.3793500977E+04    2.2713358669E-07
    2.3803500977E+04    3.0344673621E-07
    2.3813500977E+04    2.6216033991E-07
    2.3823500977E+04    2.4774253709E-07
    2.3833500977E+04    1.3004780980E-07
    2.3843500977E+04    1.4225976165E-07
    2.3853500977E+04    1.8628028811E-07
    2.3863500977E+04    1.4572945353E-07
    2.3873500977E+04    8.9576518776E-08
    2.3883500977E+04    1.6783770890E-07
    2.3893500977E+04    9.5565935072E-08
    2.3903500977E+04    1.2949134181E-07
    2.3913500977E+04    1.2771695886E-07
    2.3923500977E+04    4.2751938648E-08
    2.3933500977E+04    2.8539023908E-08
    2.3943500977E+04    7.0711178953E-08
    2.3953500977E+04    6.7713170211E-08
    2.3963500977E+04    4.1362119509E-08
    2.3973500977E+04    2.8912971175E-08
    2.3983500977E+04    4.2677632454E-08
    2.3993500977E+04    5.5093646102E-08
    2.4003500977E+04    4.0340736956E-08
    2.4013500977E+04    1.8401094542E-08
    2.4023500977E+04    2.2713912789E-08
    2.4033500977E+04    1.7184052321E-08
    2.4043500977E+04    1.4725326566E-08
    2.4053500977E+04    1.0962854887E-08
    2.4063500977E+04    1.9171133922E-08
    2.4073500977E+04    2.9302949349E-08
    2.4083500977E+04    5.5144018610E-09
    2.4093500977E+04    9.9973315353E-09
    2.4103500977E+04    1.1402508273E-08
    2.4113500977E+04    1.8470530798E-08
    2.4123500977E+04    4.5156327429E-09
    2.4133500977E+04    7.3041667254E-09
    2.4143500977E+04    7.7287673034E-09
    2.4153500977E+04    7.7627004118E-09
    2.4163500977E+04    7.2984661720E-09
    2.4173500977E+04    9.0588090153E-09
    2.4183500977E+04    3.3230674340E-09
    2.4193500977E+04    8.2238932041E-09
    2.4203500977E+04    2.9916865716E-09
    2.4213500977E+04    2.6694649133E-09
    2.4223500977E+04    4.9347076996E-09
    2.4233500977E+04    1.6196350189E-09
    2.4243500977E+04    3.3140609735E-09
    2.4253500977E+04    2.5345758933E-09
    2.4263500977E+04    1.5684345860E-09
    2.4273500977E+04    7.2541530149E-11
    2.4283500977E+04    2.5784506395E-09
    2.4293500977E+04    5.8974366595E-10
    2.4303500977E+04    1.7514336798E-09
    2.4313500977E+04    1.0597970125E-09
    2.4323500977E+04    7.6830919155E-10
    2.4333500977E+04    7.5526088212E-10
    2.4343500977E+04    4.7103990702E-10
    2.4353500977E+04    4.8010477926E-10
    2.4363500977E+04    3.2539387298E-10
    2.4373500977E+04    2.1079001959E-10
    2.4383500977E+04    5.0873739529E-10
    2.4393500977E+04    2.7197712198E-10
    2.4403500977E+04    3.5350134943E-10
    2.4413500977E+04    1.8899110895E-10
    2.4423500977E+04    2.1648557928E-10
    2.4433500977E+04    9.7922876309E-11
    2.4443500977E+04    2.5050493755E-10
    2.4453500977E+04    2.6121865553E-10
    2.4463500977E+04    2.5169062324E-11
    2.4473500977E+04    4.3462048533E-11
    2.4483500977E+04    2.3874970979E-11
    2.4493500977E+04    8.8303734817E-11
    2.4503500977E+04    1.0409822655E-10
    2.4513500977E+04    3.5018087009E-11
    2.4523500977E+04    5.3477743615E-11
    2.4533500977E+04    8.2900954098E-11
    2.4543500977E+04    9.9777362035E-12
    2.4553500977E+04    4.4255732525E-11
    2.4563500977E+04    8.4985757354E-11
    2.4573500977E+04    1.8790463577E-16
    2.4583500977E+04    8.3444651987E-11
    2.4593500977E+04    7.2937193676E-11
    2.4603500977E+04    3.1424375949E-11
    2.4613500977E+04    5.0373269088E-11
    2.4623500977E+04    4.9124313401E-12
    2.4633500977E+04    3.8288790935E-11
    2.4643500977E+04    2.9009292970E-11
    2.4653500977E+04    3.8102413068E-11
    2.4663500977E+04    1.5783863680E-12
    2.4673500977E+04    2.6384035787E-11
    2.4683500977E+04    3.2732672917E-11
    2.4693500977E+04    1.5723425173E-11
    2.4703500977E+04    5.2915750796E-12
    2.4713500977E+04    3.6703397165E-11
    2.4723500977E+04    1.3962193134E-11
    2.4733500977E+04    6.4838782722E-12
    2.4743500977E+04    2.4903736606E-11
    2.4753500977E+04    3.8101163651E-12
    2.4763500977E+04    7.2039006640E-12
    2.4773500977E+04    1.2346728583E-11
    2.4783500977E+04    1.3595809635E-12
    2.4793500977E+04    1.0213551119E-11
    2.4803500977E+04    8.4347765694E-12
    2.4813500977E+04    2.2300231984E-11
    2.4823500977E+04    2.2930234628E-17
    2.4833500977E+04    6.0819776631E-12
    2.4843500977E+04    4.2530500221E-12
    2.4853500977E+04    3.8591719072E-13
    2.4863500977E+04    3.6557623044E-12
    2.4873500977E+04    5.3815509894E-12
    2.4883500977E+04    4.7603746831E-12
    2.4893500977E+04    4.1435504918E-12
    2.4903500977E+04    1.1580476172E-12
    2.4913500977E+04    4.6899085419E-12
    2.4923500977E+04    5.5958957837E-13
    2.4933500977E+04    3.1989148576E-12
    2.4943500977E+04    3.7093624248E-12
    2.4953500977E+04    1.2115533766E-12
    2.4963500977E+04    1.3507062131E-12
    2.4973500977E+04    2.0372718075E-12
    2.4983500977E+04    2.0200288531E-12
    2.4993500977E+04    1.1350375174E-12
    2.5003500977E+04    3.1900632953E-12
    2.5013500977E+04    3.6158637715E-13
    2.5023500977E+04    9.3834926737E-13
    2.5033500977E+04    1.5936786902E-12
    2.5043500977E+04    8.0335147927E-13
    2.5053500977E+04    7.3593386628E-13
    2.5063500977E+04    9.7556994318E-13
    2.5073500977E+04    6.8113194623E-13
    2.5083500977E+04    1.2988507270E-12
    2.5093500977E+04    1.1640404025E-12
    2.5103500977E+04    1.8691392437E-13
    2.5113500977E+04    6.3996249551E-13
    2.5123500977E+04    3.8349196153E-13
    2.5133500977E+04    6.6468605380E-13
    2.5143500977E+04    3.4386549774E-13
    2.5153500977E+04    8.3740313442E-13
    2.5163500977E+04    2.6375282989E-13
    2.5173500977E+04    3.0926677733E-13
    2.5183500977E+04    4.1560978462E-13
    2.5193500977E+04    2.5724290272E-13
    2.5203500977E+04    2.5782669790E-13
    2.5213500977E+04    1.2465127812E-13
    2.5223500977E+04    1.1620371629E-13
    2.5233500977E+04    1.9370432637E-13
    2.5243500977E+04    1.8042937915E-13
    2.5253500977E+04    6.0253230563E-14
    2.5263500977E+04    1.5281182015E-13
    2.5273500977E+04    3.8359409893E-14
    2.5283500977E+04    7.9370482686E-14
    2.5293500977E+04    6.3455625822E-14
    2.5303500977E+04    9.5370048720E-14
    2.5313500977E+04    7.4156164908E-14
    2.5323500977E+04    6.9276729854E-14
    2.5333500977E+04    4.5531116014E-14
    2.5343500977E+04    3.6352873458E-14
    2.5353500977E+04    3.2741039830E-14
    2.5363500977E+04    7.5761885288E-14
    2.5373500977E+04    5.2116754737E-14
    2.5383500977E+04    1.1042194962E-14
    2.5393500977E+04    4.9690627089E-14
    2.5403500977E+04    2.7405027012E-14
    2.5413500977E+04    4.4303194644E-14
    2.5423500977E+04    1.9435059443E-14
    2.5433500977E+04    1.9913700277E-14
    2.5443500977E+04    2.5530994580E-14
    2.5453500977E+04    5.2718157561E-15
    2.5463500977E+04    1.5373036246E-14
    2.5473500977E+04    1.4850778882E-14
    2.5483500977E+04    4.1225746863E-16
    2.5493500977E+04    1.0138192159E-14
    2.5503500977E+04    1.8671114707E-14
    2.5513500977E+04    1.8289561748E-14
    2.5523500977E+04    1.1806879898E-14
    2.5533500977E+04    1.8480017864E-14
    2.5543500977E+04    7.6010355477E-15
    2.5553500977E+04    3.8913130929E-15
    2.5563500977E+04    2.1767358906E-15
    2.5573500977E+04    7.3971279956E-15
    2.5583500977E+04    1.0934020069E-14
    2.5593500977E+04    2.6164829797E-16
    2.5603500977E+04    2.4261132785E-15
    2.5613500977E+04    6.0768080120E-15
    2.5623500977E+04    1.4417672532E-15
    2.5633500977E+04    1.6366064651E-15
    2.5643500977E+04    1.9539578727E-15
    2.5653500977E+04    1.3336982889E-15
    2.5663500977E+04    1.8484044041E-15
    2.5673500977E+04    2.6882111648E-15
    2.5683500977E+04    1.6999175703E-15
    2.5693500977E+04    1.7152766740E-15
    2.5703500977E+04    7.0142462581E-16
    2.5713500977E+04    1.2184458538E-15
    2.5723500977E+04    1.1886369656E-15
    2.5733500977E+04    5.6233597330E-16
    2.5743500977E+04    7.5662490179E-16
    2.5753500977E+04    3.3133591096E-16
    2.5763500977E+04    1.2224149340E-15
    2.5773500977E+04    1.4689906118E-15
    2.5783500977E+04    7.5651560554E-16
    2.5793500977E+04    7.4683699011E-16
    2.5803500977E+04    2.7557842846E-16
    2.5813500977E+04    6.1693255626E-16
    2.5823500977E+04    1.2176735192E-16
    2.5833500977E+04    5.6215664625E-16
    2.5843500977E+04    5.0598487622E-16
    2.5853500977E+04    1.9183262866E-16
    2.5863500977E+04    1.9522700312E-16
    2.5873500977E+04    3.7574732985E-16
    2.5883500977E+04    1.2608413550E-16
    2.5893500977E+04    2.6492109110E-16
    2.5903500977E+04    9.5502528096E-17
    2.5913500977E+04    5.8874044433E-17
    2.5923500977E+04    5.0007198927E-17
    2.5933500977E+04    6.9856446330E-17
    2.5943500977E+04    4.0251029711E-17
    2.5953500977E+04    4.1127062257E-17
    2.5963500977E+04    7.9280873704E-17
    2.5973500977E+04    1.6534446384E-17
    2.5983500977E+04    2.3582667827E-17
    2.5993500977E+04    5.4870788656E-17
    2.6003500977E+04    3.3322466604E-17
