###   Wavelength (A)        Transmission
    5.5000000000E+03    4.1933950392E-06
    5.5100000000E+03    4.7942969471E-06
    5.5200000000E+03    5.4422014441E-06
    5.5300000000E+03    6.2427891353E-06
    5.5400000000E+03    7.1171148898E-06
    5.5500000000E+03    7.9541838966E-06
    5.5600000000E+03    8.2518986543E-06
    5.5700000000E+03    8.3343023662E-06
    5.5800000000E+03    6.9874165215E-06
    5.5900000000E+03    4.7751116620E-06
    5.6000000000E+03    5.1431349791E-06
    5.6100000000E+03    5.8418242672E-06
    5.6200000000E+03    5.4374730233E-06
    5.6300000000E+03    5.0688611119E-06
    5.6400000000E+03    5.7258461473E-06
    5.6500000000E+03    6.5112067890E-06
    5.6600000000E+03    7.1263516328E-06
    5.6700000000E+03    7.1461214259E-06
    5.6800000000E+03    7.4159789439E-06
    5.6900000000E+03    7.6859298510E-06
    5.7000000000E+03    7.4997335821E-06
    5.7100000000E+03    7.8230451488E-06
    5.7200000000E+03    9.1825631859E-06
    5.7300000000E+03    1.0821071049E-05
    5.7400000000E+03    1.1603969188E-05
    5.7500000000E+03    1.2777987032E-05
    5.7600000000E+03    1.5204119927E-05
    5.7700000000E+03    1.7238568292E-05
    5.7800000000E+03    1.7920472317E-05
    5.7900000000E+03    1.8583976002E-05
    5.8000000000E+03    2.0583103604E-05
    5.8100000000E+03    2.5375617265E-05
    5.8200000000E+03    3.4211027783E-05
    5.8300000000E+03    5.0978938032E-05
    5.8400000000E+03    8.9931032380E-05
    5.8500000000E+03    1.8261337851E-04
    5.8600000000E+03    3.3450974461E-04
    5.8700000000E+03    4.4452587729E-04
    5.8800000000E+03    4.1189981971E-04
    5.8900000000E+03    2.6708998787E-04
    5.9000000000E+03    1.3991233476E-04
    5.9100000000E+03    7.8126891698E-05
    5.9200000000E+03    5.3983410664E-05
    5.9300000000E+03    4.0987226049E-05
    5.9400000000E+03    3.3752904090E-05
    5.9500000000E+03    3.2664455947E-05
    5.9600000000E+03    3.0261639394E-05
    5.9700000000E+03    3.0748956283E-05
    5.9800000000E+03    3.3065116211E-05
    5.9900000000E+03    3.4084252475E-05
    6.0000000000E+03    3.6657478104E-05
    6.0100000000E+03    4.0961692333E-05
    6.0200000000E+03    4.7770655816E-05
    6.0300000000E+03    5.8440390620E-05
    6.0400000000E+03    7.1321433080E-05
    6.0500000000E+03    8.3057502308E-05
    6.0600000000E+03    9.5691400988E-05
    6.0700000000E+03    1.0719524969E-04
    6.0800000000E+03    1.1064027963E-04
    6.0900000000E+03    1.0719072008E-04
    6.1000000000E+03    9.9091154838E-05
    6.1100000000E+03    8.7812128663E-05
    6.1200000000E+03    7.4513513578E-05
    6.1300000000E+03    6.3428515209E-05
    6.1400000000E+03    5.4427389539E-05
    6.1500000000E+03    4.8996390247E-05
    6.1600000000E+03    4.4494649656E-05
    6.1700000000E+03    4.2015683416E-05
    6.1800000000E+03    4.1581347009E-05
    6.1900000000E+03    3.8876898803E-05
    6.2000000000E+03    3.6246086978E-05
    6.2100000000E+03    3.4589549926E-05
    6.2200000000E+03    3.8718487166E-05
    6.2300000000E+03    4.1666829883E-05
    6.2400000000E+03    4.6495887216E-05
    6.2500000000E+03    5.5421072669E-05
    6.2600000000E+03    6.8586280141E-05
    6.2700000000E+03    8.9691964363E-05
    6.2800000000E+03    1.2592962101E-04
    6.2900000000E+03    1.8546668745E-04
    6.3000000000E+03    2.7715096327E-04
    6.3100000000E+03    3.9200685494E-04
    6.3200000000E+03    4.7694599785E-04
    6.3300000000E+03    4.8230792326E-04
    6.3400000000E+03    4.1082221147E-04
    6.3500000000E+03    3.1939874104E-04
    6.3600000000E+03    2.4821229671E-04
    6.3700000000E+03    2.0703957692E-04
    6.3800000000E+03    1.8653399531E-04
    6.3900000000E+03    1.8060836224E-04
    6.4000000000E+03    1.9090938244E-04
    6.4100000000E+03    2.1126267419E-04
    6.4200000000E+03    2.4047701743E-04
    6.4300000000E+03    2.7094893319E-04
    6.4400000000E+03    2.9575902524E-04
    6.4500000000E+03    2.9954432018E-04
    6.4600000000E+03    2.7337528293E-04
    6.4700000000E+03    2.2818278572E-04
    6.4800000000E+03    1.7890728490E-04
    6.4900000000E+03    1.4220669611E-04
    6.5000000000E+03    1.1571996801E-04
    6.5100000000E+03    9.5410212514E-05
    6.5200000000E+03    8.2475449401E-05
    6.5300000000E+03    7.9501408801E-05
    6.5400000000E+03    7.8709846713E-05
    6.5500000000E+03    8.1112573820E-05
    6.5600000000E+03    8.7762749313E-05
    6.5700000000E+03    1.0315185949E-04
    6.5800000000E+03    1.2167425922E-04
    6.5900000000E+03    1.4662207076E-04
    6.6000000000E+03    1.7685920645E-04
    6.6100000000E+03    2.0778457740E-04
    6.6200000000E+03    2.1935719225E-04
    6.6300000000E+03    2.0913960820E-04
    6.6400000000E+03    1.8738901243E-04
    6.6500000000E+03    1.6476280967E-04
    6.6600000000E+03    1.4181862772E-04
    6.6700000000E+03    1.2222048448E-04
    6.6800000000E+03    1.1308413844E-04
    6.6900000000E+03    1.0827196780E-04
    6.7000000000E+03    1.0717489173E-04
    6.7100000000E+03    1.0801704652E-04
    6.7200000000E+03    1.1977679537E-04
    6.7300000000E+03    1.3892998836E-04
    6.7400000000E+03    1.6496650303E-04
    6.7500000000E+03    1.8939994745E-04
    6.7600000000E+03    2.1316462934E-04
    6.7700000000E+03    2.2786647834E-04
    6.7800000000E+03    2.3319313788E-04
    6.7900000000E+03    2.2303266442E-04
    6.8000000000E+03    1.9933638093E-04
    6.8100000000E+03    1.6570926640E-04
    6.8200000000E+03    1.3987175739E-04
    6.8300000000E+03    1.3047589173E-04
    6.8400000000E+03    1.2613088087E-04
    6.8500000000E+03    1.2106639692E-04
    6.8600000000E+03    1.1731168738E-04
    6.8700000000E+03    1.2075954178E-04
    6.8800000000E+03    1.2725673486E-04
    6.8900000000E+03    1.3212351416E-04
    6.9000000000E+03    1.4207796985E-04
    6.9100000000E+03    1.5162206727E-04
    6.9200000000E+03    1.5253036676E-04
    6.9300000000E+03    1.4508015377E-04
    6.9400000000E+03    1.3441967899E-04
    6.9500000000E+03    1.2088473315E-04
    6.9600000000E+03    1.0361614865E-04
    6.9700000000E+03    9.1582450463E-05
    6.9800000000E+03    8.3710345734E-05
    6.9900000000E+03    7.7687334790E-05
    7.0000000000E+03    7.2065756475E-05
    7.0100000000E+03    6.5515127917E-05
    7.0200000000E+03    6.2088950878E-05
    7.0300000000E+03    6.5487710032E-05
    7.0400000000E+03    7.5785734964E-05
    7.0500000000E+03    8.8427028337E-05
    7.0600000000E+03    1.0447464778E-04
    7.0700000000E+03    1.2262039698E-04
    7.0800000000E+03    1.4578387480E-04
    7.0900000000E+03    1.8428587701E-04
    7.1000000000E+03    2.5605936347E-04
    7.1100000000E+03    3.7539793706E-04
    7.1200000000E+03    5.5477583120E-04
    7.1300000000E+03    7.9988489767E-04
    7.1400000000E+03    1.1295518949E-03
    7.1500000000E+03    1.4679197723E-03
    7.1600000000E+03    1.6671767021E-03
    7.1700000000E+03    1.5709214203E-03
    7.1800000000E+03    1.2645239561E-03
    7.1900000000E+03    9.2067101167E-04
    7.2000000000E+03    6.4962628651E-04
    7.2100000000E+03    4.4813262755E-04
    7.2200000000E+03    3.0913586429E-04
    7.2300000000E+03    2.2909931654E-04
    7.2400000000E+03    1.6742088296E-04
    7.2500000000E+03    1.2739005596E-04
    7.2600000000E+03    1.0187877225E-04
    7.2700000000E+03    8.5812142881E-05
    7.2800000000E+03    6.9228200978E-05
    7.2900000000E+03    5.3533713041E-05
    7.3000000000E+03    4.8962923335E-05
    7.3100000000E+03    4.6553372314E-05
    7.3200000000E+03    4.4002983901E-05
    7.3300000000E+03    4.0224021413E-05
    7.3400000000E+03    4.4239422237E-05
    7.3500000000E+03    4.5986902827E-05
    7.3600000000E+03    4.1509941140E-05
    7.3700000000E+03    4.3604359545E-05
    7.3800000000E+03    5.3455767763E-05
    7.3900000000E+03    6.7358494024E-05
    7.4000000000E+03    7.4005581750E-05
    7.4100000000E+03    9.2456610013E-05
    7.4200000000E+03    1.2188600822E-04
    7.4300000000E+03    1.7553811729E-04
    7.4400000000E+03    2.6193135539E-04
    7.4500000000E+03    3.9808806230E-04
    7.4600000000E+03    5.9425390898E-04
    7.4700000000E+03    8.5272345019E-04
    7.4800000000E+03    1.1199178100E-03
    7.4900000000E+03    1.3141393600E-03
    7.5000000000E+03    1.3934937058E-03
    7.5100000000E+03    1.4457375060E-03
    7.5200000000E+03    1.6933077036E-03
    7.5300000000E+03    2.2857454339E-03
    7.5400000000E+03    2.9471981684E-03
    7.5500000000E+03    2.9403779953E-03
    7.5600000000E+03    2.0827057423E-03
    7.5700000000E+03    1.0263556008E-03
    7.5800000000E+03    4.2136072729E-04
    7.5900000000E+03    2.0684297063E-04
    7.6000000000E+03    1.1779287782E-04
    7.6100000000E+03    6.6528636937E-05
    7.6200000000E+03    3.9784044100E-05
    7.6300000000E+03    3.2300406497E-05
    7.6400000000E+03    2.2412484228E-05
    7.6500000000E+03    1.2629515407E-05
    7.6600000000E+03    1.2147842611E-05
    7.6700000000E+03    1.2968373848E-05
    7.6800000000E+03    1.2708221669E-05
    7.6900000000E+03    8.7032195480E-06
    7.7000000000E+03    9.0426224450E-06
    7.7100000000E+03    7.5522995772E-06
    7.7200000000E+03    9.5369472303E-06
    7.7300000000E+03    9.2195373902E-06
    7.7400000000E+03    4.1498424675E-06
    7.7500000000E+03    5.4265299499E-06
    7.7600000000E+03    7.8512279425E-06
    7.7700000000E+03    1.4312999724E-05
    7.7800000000E+03    5.5660623566E-06
    7.7900000000E+03    6.4680717845E-06
    7.8000000000E+03    9.0450936226E-06
    7.8100000000E+03    1.3368824193E-05
    7.8200000000E+03    7.6119248881E-06
    7.8300000000E+03    1.4712288262E-05
    7.8400000000E+03    1.4726293434E-05
    7.8500000000E+03    1.1376742686E-05
    7.8600000000E+03    9.8099307822E-06
    7.8700000000E+03    1.5306946065E-05
    7.8800000000E+03    2.3789292493E-05
    7.8900000000E+03    4.4050303477E-05
    7.9000000000E+03    8.6350620840E-05
    7.9100000000E+03    1.3167816229E-04
    7.9200000000E+03    1.5279848433E-04
    7.9300000000E+03    1.2564140984E-04
    7.9400000000E+03    8.3450783649E-05
    7.9500000000E+03    5.5938498001E-05
    7.9600000000E+03    4.1128475162E-05
    7.9700000000E+03    0.0000000000E+00
    7.9800000000E+03    2.9144065585E-04
    7.9900000000E+03    8.4739265563E-04
    8.0000000000E+03    1.7967891598E-03
    8.0100000000E+03    1.3214706349E-03
    8.0200000000E+03    1.9595814697E-03
    8.0300000000E+03    1.7556911051E-03
    8.0400000000E+03    1.7900199772E-03
    8.0500000000E+03    3.7638159567E-04
    8.0600000000E+03    1.4523287655E-04
    8.0700000000E+03    6.5906108371E-04
    8.0800000000E+03    1.5063688465E-03
    8.0900000000E+03    1.6719418469E-03
    8.1000000000E+03    8.1479475787E-04
    8.1100000000E+03    1.0336758734E-03
    8.1200000000E+03    9.6388788916E-04
    8.1300000000E+03    1.4022284112E-03
    8.1400000000E+03    1.3360976817E-03
    8.1500000000E+03    1.4927262774E-03
    8.1600000000E+03    1.0451187055E-03
    8.1700000000E+03    1.1732784641E-03
    8.1800000000E+03    1.0904132456E-03
    8.1900000000E+03    8.7956457566E-04
    8.2000000000E+03    1.2186779939E-03
    8.2100000000E+03    1.9778567221E-03
    8.2200000000E+03    1.6542742731E-03
    8.2300000000E+03    4.9423806387E-04
    8.2400000000E+03    0.0000000000E+00
    8.2500000000E+03    2.0895696599E-04
    8.2600000000E+03    1.3117082934E-03
    8.2700000000E+03    1.6198749363E-03
    8.2800000000E+03    7.2327659355E-04
    8.2900000000E+03    4.4961198269E-06
    8.3000000000E+03    4.6914913441E-04
    8.3100000000E+03    9.0287447488E-04
    8.3200000000E+03    1.1630348060E-03
    8.3300000000E+03    1.0211991192E-03
    8.3400000000E+03    9.9555802551E-04
    8.3500000000E+03    9.0672044798E-04
    8.3600000000E+03    9.6433904602E-04
    8.3700000000E+03    8.9664630406E-04
    8.3800000000E+03    1.1208914749E-03
    8.3900000000E+03    1.1583228449E-03
    8.4000000000E+03    9.3327131571E-04
    8.4100000000E+03    7.6072115039E-04
    8.4200000000E+03    9.1419624921E-04
    8.4300000000E+03    8.0198905933E-04
    8.4400000000E+03    6.8993009188E-04
    8.4500000000E+03    6.2271125682E-04
    8.4600000000E+03    7.7876301336E-04
    8.4700000000E+03    1.0746515825E-03
    8.4800000000E+03    1.1864252382E-03
    8.4900000000E+03    8.7707597045E-04
    8.5000000000E+03    7.6542999068E-04
    8.5100000000E+03    9.8252724796E-04
    8.5200000000E+03    1.1363517293E-03
    8.5300000000E+03    1.1583384722E-03
    8.5400000000E+03    1.3478572696E-03
    8.5500000000E+03    9.0221249351E-04
    8.5600000000E+03    5.0636847638E-04
    8.5700000000E+03    3.1558379928E-04
    8.5800000000E+03    8.1545365435E-04
    8.5900000000E+03    1.0194571061E-03
    8.6000000000E+03    1.3736216216E-03
    8.6100000000E+03    9.0266622613E-04
    8.6200000000E+03    7.2143817668E-04
    8.6300000000E+03    5.0499021004E-04
    8.6400000000E+03    9.2796904353E-04
    8.6500000000E+03    9.8200866767E-04
    8.6600000000E+03    1.0965845359E-03
    8.6700000000E+03    6.2330938860E-04
    8.6800000000E+03    7.6110278400E-04
    8.6900000000E+03    1.0232583706E-03
    8.7000000000E+03    1.2260915235E-03
    8.7100000000E+03    9.6869432888E-04
    8.7200000000E+03    1.0935123615E-03
    8.7300000000E+03    1.0967627915E-03
    8.7400000000E+03    9.5019390502E-04
    8.7500000000E+03    9.3836534157E-04
    8.7600000000E+03    1.0438653394E-03
    8.7700000000E+03    1.0696712387E-03
    8.7800000000E+03    1.0044242634E-03
    8.7900000000E+03    9.6231213336E-04
    8.8000000000E+03    8.7120917089E-04
    8.8100000000E+03    7.5437730749E-04
    8.8200000000E+03    7.3014037674E-04
    8.8300000000E+03    7.7109708307E-04
    8.8400000000E+03    6.8998466689E-04
    8.8500000000E+03    5.6596586993E-04
    8.8600000000E+03    6.3245141799E-04
    8.8700000000E+03    7.9058855705E-04
    8.8800000000E+03    6.8647171007E-04
    8.8900000000E+03    5.6515850987E-04
    8.9000000000E+03    7.2256786913E-04
    8.9100000000E+03    8.3710846222E-04
    8.9200000000E+03    8.1516368613E-04
    8.9300000000E+03    8.5472558481E-04
    8.9400000000E+03    9.5071444774E-04
    8.9500000000E+03    9.7617896330E-04
    8.9600000000E+03    9.6630093035E-04
    8.9700000000E+03    9.1348153509E-04
    8.9800000000E+03    8.9350692046E-04
    8.9900000000E+03    8.9740087670E-04
    9.0000000000E+03    9.5084651679E-04
    9.0100000000E+03    1.0518206702E-03
    9.0200000000E+03    1.0855021338E-03
    9.0300000000E+03    1.0526734705E-03
    9.0400000000E+03    1.0055108201E-03
    9.0500000000E+03    9.9779722074E-04
    9.0600000000E+03    8.8439436399E-04
    9.0700000000E+03    7.6523066205E-04
    9.0800000000E+03    7.8782829668E-04
    9.0900000000E+03    8.4236157039E-04
    9.1000000000E+03    7.7314750957E-04
    9.1100000000E+03    6.5269452190E-04
    9.1200000000E+03    6.7716241850E-04
    9.1300000000E+03    8.0404709531E-04
    9.1400000000E+03    7.7166505526E-04
    9.1500000000E+03    6.7304345984E-04
    9.1600000000E+03    5.4001435361E-04
    9.1700000000E+03    4.2939782540E-04
    9.1800000000E+03    4.4419656261E-04
    9.1900000000E+03    5.6700975099E-04
    9.2000000000E+03    6.4224141388E-04
    9.2100000000E+03    6.0478098294E-04
    9.2200000000E+03    5.7313206785E-04
    9.2300000000E+03    6.5002774567E-04
    9.2400000000E+03    7.7048071164E-04
    9.2500000000E+03    8.5984599152E-04
    9.2600000000E+03    8.6946985669E-04
    9.2700000000E+03    9.9652370467E-04
    9.2800000000E+03    1.1332215780E-03
    9.2900000000E+03    1.2510743735E-03
    9.3000000000E+03    1.2811772838E-03
    9.3100000000E+03    1.3689391634E-03
    9.3200000000E+03    1.5447129172E-03
    9.3300000000E+03    1.7091992133E-03
    9.3400000000E+03    1.7913629122E-03
    9.3500000000E+03    1.8365727969E-03
    9.3600000000E+03    1.9349059711E-03
    9.3700000000E+03    2.0571277519E-03
    9.3800000000E+03    2.1533922976E-03
    9.3900000000E+03    2.2314909773E-03
    9.4000000000E+03    2.2569010797E-03
    9.4100000000E+03    2.2551299901E-03
    9.4200000000E+03    2.2583499298E-03
    9.4300000000E+03    2.2997284845E-03
    9.4400000000E+03    2.2691525456E-03
    9.4500000000E+03    2.2298191658E-03
    9.4600000000E+03    2.1781225098E-03
    9.4700000000E+03    2.1157303535E-03
    9.4800000000E+03    2.0261820336E-03
    9.4900000000E+03    1.9482184530E-03
    9.5000000000E+03    1.8618147655E-03
    9.5100000000E+03    1.7688766713E-03
    9.5200000000E+03    1.7169421071E-03
    9.5300000000E+03    1.6479291971E-03
    9.5400000000E+03    1.5447896483E-03
    9.5500000000E+03    1.4812572740E-03
    9.5600000000E+03    1.4410434356E-03
    9.5700000000E+03    1.3924065942E-03
    9.5800000000E+03    1.3451936960E-03
    9.5900000000E+03    1.3389496044E-03
    9.6000000000E+03    1.3315140096E-03
    9.6100000000E+03    1.3677549099E-03
    9.6200000000E+03    1.4561402278E-03
    9.6300000000E+03    1.5651512164E-03
    9.6400000000E+03    1.6299498981E-03
    9.6500000000E+03    1.7471050630E-03
    9.6600000000E+03    1.9204376058E-03
    9.6700000000E+03    2.1281164544E-03
    9.6800000000E+03    2.3514601754E-03
    9.6900000000E+03    2.6503728168E-03
    9.7000000000E+03    3.0696837256E-03
    9.7100000000E+03    3.5433678245E-03
    9.7200000000E+03    4.1026861355E-03
    9.7300000000E+03    4.7996607642E-03
    9.7400000000E+03    5.6635096927E-03
    9.7500000000E+03    6.6402894695E-03
    9.7600000000E+03    7.8933067259E-03
    9.7700000000E+03    9.3729364042E-03
    9.7800000000E+03    1.1136619675E-02
    9.7900000000E+03    1.3154704068E-02
    9.8000000000E+03    1.5729209287E-02
    9.8100000000E+03    1.8553119538E-02
    9.8200000000E+03    2.1897956131E-02
    9.8300000000E+03    2.5671629611E-02
    9.8400000000E+03    2.9962074876E-02
    9.8500000000E+03    3.5065941619E-02
    9.8600000000E+03    4.0415536816E-02
    9.8700000000E+03    4.6220161142E-02
    9.8800000000E+03    5.2390888097E-02
    9.8900000000E+03    5.9729435196E-02
    9.9000000000E+03    6.7387427620E-02
    9.9100000000E+03    7.5280330522E-02
    9.9200000000E+03    8.4640010897E-02
    9.9300000000E+03    9.3685664938E-02
    9.9400000000E+03    1.0274442991E-01
    9.9500000000E+03    1.1170190070E-01
    9.9600000000E+03    1.2261129146E-01
    9.9700000000E+03    1.3337025141E-01
    9.9800000000E+03    1.4424253505E-01
    9.9900000000E+03    1.5509884821E-01
    1.0000000000E+04    1.6500323038E-01
    1.0010000000E+04    1.7466231393E-01
    1.0020000000E+04    1.8442011397E-01
    1.0030000000E+04    1.9429815180E-01
    1.0040000000E+04    2.0419331053E-01
    1.0050000000E+04    2.1303679462E-01
    1.0060000000E+04    2.2120459691E-01
    1.0070000000E+04    2.2773003669E-01
    1.0080000000E+04    2.3481568247E-01
    1.0090000000E+04    2.4124621602E-01
    1.0100000000E+04    2.4739356769E-01
    1.0110000000E+04    2.5371878542E-01
    1.0120000000E+04    2.5976265279E-01
    1.0130000000E+04    2.6483770728E-01
    1.0140000000E+04    2.6922112443E-01
    1.0150000000E+04    2.7342950436E-01
    1.0160000000E+04    2.7613389122E-01
    1.0170000000E+04    2.7891952953E-01
    1.0180000000E+04    2.8225867677E-01
    1.0190000000E+04    2.8569171259E-01
    1.0200000000E+04    2.8880665902E-01
    1.0210000000E+04    2.9164332324E-01
    1.0220000000E+04    2.9434492614E-01
    1.0230000000E+04    2.9540819181E-01
    1.0240000000E+04    2.9687848046E-01
    1.0250000000E+04    2.9749195463E-01
    1.0260000000E+04    2.9824837764E-01
    1.0270000000E+04    2.9920337974E-01
    1.0280000000E+04    3.0080844503E-01
    1.0290000000E+04    3.0264989762E-01
    1.0300000000E+04    3.0366287086E-01
    1.0310000000E+04    3.0472164309E-01
    1.0320000000E+04    3.0580584403E-01
    1.0330000000E+04    3.0640890471E-01
    1.0340000000E+04    3.0736466385E-01
    1.0350000000E+04    3.0813008618E-01
    1.0360000000E+04    3.0906032973E-01
    1.0370000000E+04    3.1044520664E-01
    1.0380000000E+04    3.1103641363E-01
    1.0390000000E+04    3.1150613077E-01
    1.0400000000E+04    3.1089760207E-01
    1.0410000000E+04    3.1124656260E-01
    1.0420000000E+04    3.1138904596E-01
    1.0430000000E+04    3.1258552360E-01
    1.0440000000E+04    3.1370686798E-01
    1.0450000000E+04    3.1460524094E-01
    1.0460000000E+04    3.1449942814E-01
    1.0470000000E+04    3.1459333373E-01
    1.0480000000E+04    3.1563587974E-01
    1.0490000000E+04    3.1546277610E-01
    1.0500000000E+04    3.1502114444E-01
    1.0510000000E+04    3.1515316637E-01
    1.0520000000E+04    3.1642019408E-01
    1.0530000000E+04    3.1737594803E-01
    1.0540000000E+04    3.1737012192E-01
    1.0550000000E+04    3.1749436866E-01
    1.0560000000E+04    3.1627845400E-01
    1.0570000000E+04    3.1571696884E-01
    1.0580000000E+04    3.1559106210E-01
    1.0590000000E+04    3.1601089905E-01
    1.0600000000E+04    3.1676541248E-01
    1.0610000000E+04    3.1679720660E-01
    1.0620000000E+04    3.1731944890E-01
    1.0630000000E+04    3.1727141249E-01
    1.0640000000E+04    3.1741425025E-01
    1.0650000000E+04    3.1690578528E-01
    1.0660000000E+04    3.1754685936E-01
    1.0670000000E+04    3.1812475140E-01
    1.0680000000E+04    3.1888617851E-01
    1.0690000000E+04    3.1954894629E-01
    1.0700000000E+04    3.1873258964E-01
    1.0710000000E+04    3.1813386238E-01
    1.0720000000E+04    3.1847287179E-01
    1.0730000000E+04    3.1884696402E-01
    1.0740000000E+04    3.1951712639E-01
    1.0750000000E+04    3.2064099472E-01
    1.0760000000E+04    3.2296053770E-01
    1.0770000000E+04    3.2408541562E-01
    1.0780000000E+04    3.2501022135E-01
    1.0790000000E+04    3.2669131476E-01
    1.0800000000E+04    3.2773069504E-01
    1.0810000000E+04    3.2861917793E-01
    1.0820000000E+04    3.2947867295E-01
    1.0830000000E+04    3.3003199864E-01
    1.0840000000E+04    3.3046182653E-01
    1.0850000000E+04    3.3142360881E-01
    1.0860000000E+04    3.3280482470E-01
    1.0870000000E+04    3.3419576996E-01
    1.0880000000E+04    3.3436565086E-01
    1.0890000000E+04    3.3430615246E-01
    1.0900000000E+04    3.3421588251E-01
    1.0910000000E+04    3.3508246798E-01
    1.0920000000E+04    3.3719323362E-01
    1.0930000000E+04    3.3859095543E-01
    1.0940000000E+04    3.3920138798E-01
    1.0950000000E+04    3.3863973190E-01
    1.0960000000E+04    3.3885748712E-01
    1.0970000000E+04    3.3910430095E-01
    1.0980000000E+04    3.3950287277E-01
    1.0990000000E+04    3.4003879597E-01
    1.1000000000E+04    3.4085649760E-01
    1.1010000000E+04    3.4180845599E-01
    1.1020000000E+04    3.4206445515E-01
    1.1030000000E+04    3.4202986641E-01
    1.1040000000E+04    3.4266138648E-01
    1.1050000000E+04    3.4278026254E-01
    1.1060000000E+04    3.4278835979E-01
    1.1070000000E+04    3.4310166401E-01
    1.1080000000E+04    3.4490305349E-01
    1.1090000000E+04    3.4478657497E-01
    1.1100000000E+04    3.4453947805E-01
    1.1110000000E+04    3.4470089330E-01
    1.1120000000E+04    3.4510793550E-01
    1.1130000000E+04    3.4474125708E-01
    1.1140000000E+04    3.4460850650E-01
    1.1150000000E+04    3.4552032091E-01
    1.1160000000E+04    3.4597786135E-01
    1.1170000000E+04    3.4607071331E-01
    1.1180000000E+04    3.4657086676E-01
    1.1190000000E+04    3.4673924122E-01
    1.1200000000E+04    3.4611907949E-01
    1.1210000000E+04    3.4508238712E-01
    1.1220000000E+04    3.4511914952E-01
    1.1230000000E+04    3.4448302719E-01
    1.1240000000E+04    3.4427324200E-01
    1.1250000000E+04    3.4524987161E-01
    1.1260000000E+04    3.4609534161E-01
    1.1270000000E+04    3.4547277238E-01
    1.1280000000E+04    3.4451187783E-01
    1.1290000000E+04    3.4394372577E-01
    1.1300000000E+04    3.4503476910E-01
    1.1310000000E+04    3.4603133068E-01
    1.1320000000E+04    3.4680384229E-01
    1.1330000000E+04    3.4638913242E-01
    1.1340000000E+04    3.4632399025E-01
    1.1350000000E+04    3.4651946872E-01
    1.1360000000E+04    3.4682230752E-01
    1.1370000000E+04    3.4721126746E-01
    1.1380000000E+04    3.4809772393E-01
    1.1390000000E+04    3.4813755840E-01
    1.1400000000E+04    3.4898616165E-01
    1.1410000000E+04    3.5084538028E-01
    1.1420000000E+04    3.5280449825E-01
    1.1430000000E+04    3.5370018031E-01
    1.1440000000E+04    3.5353994269E-01
    1.1450000000E+04    3.5376558858E-01
    1.1460000000E+04    3.5423924571E-01
    1.1470000000E+04    3.5571390551E-01
    1.1480000000E+04    3.5752246312E-01
    1.1490000000E+04    3.5770012442E-01
    1.1500000000E+04    3.5785330217E-01
    1.1510000000E+04    3.5803373698E-01
    1.1520000000E+04    3.5925465745E-01
    1.1530000000E+04    3.5952966664E-01
    1.1540000000E+04    3.5973066893E-01
    1.1550000000E+04    3.6062680521E-01
    1.1560000000E+04    3.6089482658E-01
    1.1570000000E+04    3.6221673558E-01
    1.1580000000E+04    3.6302705039E-01
    1.1590000000E+04    3.6373703750E-01
    1.1600000000E+04    3.6360913105E-01
    1.1610000000E+04    3.6320740551E-01
    1.1620000000E+04    3.6376342648E-01
    1.1630000000E+04    3.6461213856E-01
    1.1640000000E+04    3.6564885718E-01
    1.1650000000E+04    3.6607186200E-01
    1.1660000000E+04    3.6608046815E-01
    1.1670000000E+04    3.6585322919E-01
    1.1680000000E+04    3.6574208505E-01
    1.1690000000E+04    3.6575885976E-01
    1.1700000000E+04    3.6544976718E-01
    1.1710000000E+04    3.6505662798E-01
    1.1720000000E+04    3.6429695111E-01
    1.1730000000E+04    3.6432012420E-01
    1.1740000000E+04    3.6380828724E-01
    1.1750000000E+04    3.6366738029E-01
    1.1760000000E+04    3.6171062834E-01
    1.1770000000E+04    3.5980243900E-01
    1.1780000000E+04    3.5769167897E-01
    1.1790000000E+04    3.5501072906E-01
    1.1800000000E+04    3.5196022578E-01
    1.1810000000E+04    3.4846482273E-01
    1.1820000000E+04    3.4427062081E-01
    1.1830000000E+04    3.3814725353E-01
    1.1840000000E+04    3.3024691538E-01
    1.1850000000E+04    3.2250940258E-01
    1.1860000000E+04    3.1374352132E-01
    1.1870000000E+04    3.0393443352E-01
    1.1880000000E+04    2.9291093333E-01
    1.1890000000E+04    2.8253948282E-01
    1.1900000000E+04    2.7301695201E-01
    1.1910000000E+04    2.6230706727E-01
    1.1920000000E+04    2.5129995816E-01
    1.1930000000E+04    2.4104405497E-01
    1.1940000000E+04    2.3170384847E-01
    1.1950000000E+04    2.2368583534E-01
    1.1960000000E+04    2.1715473416E-01
    1.1970000000E+04    2.1244722510E-01
    1.1980000000E+04    2.1078290717E-01
    1.1990000000E+04    2.1142372831E-01
    1.2000000000E+04    2.1288613577E-01
    1.2010000000E+04    2.1557355797E-01
    1.2020000000E+04    2.2016605272E-01
    1.2030000000E+04    2.2694983701E-01
    1.2040000000E+04    2.3494858265E-01
    1.2050000000E+04    2.4369416875E-01
    1.2060000000E+04    2.5385571293E-01
    1.2070000000E+04    2.6434265666E-01
    1.2080000000E+04    2.7495503870E-01
    1.2090000000E+04    2.8624367614E-01
    1.2100000000E+04    2.9856426461E-01
    1.2110000000E+04    3.0994876253E-01
    1.2120000000E+04    3.2006867722E-01
    1.2130000000E+04    3.3003850676E-01
    1.2140000000E+04    3.3887305497E-01
    1.2150000000E+04    3.4632575515E-01
    1.2160000000E+04    3.5254301228E-01
    1.2170000000E+04    3.5858190291E-01
    1.2180000000E+04    3.6420794528E-01
    1.2190000000E+04    3.6853104978E-01
    1.2200000000E+04    3.7118570087E-01
    1.2210000000E+04    3.7266781302E-01
    1.2220000000E+04    3.7456215047E-01
    1.2230000000E+04    3.7611966153E-01
    1.2240000000E+04    3.7649212810E-01
    1.2250000000E+04    3.7679734493E-01
    1.2260000000E+04    3.7745264329E-01
    1.2270000000E+04    3.7827521556E-01
    1.2280000000E+04    3.7858871917E-01
    1.2290000000E+04    3.7850580145E-01
    1.2300000000E+04    3.7792956353E-01
    1.2310000000E+04    3.7731616431E-01
    1.2320000000E+04    3.7764768430E-01
    1.2330000000E+04    3.7835580258E-01
    1.2340000000E+04    3.7887328722E-01
    1.2350000000E+04    3.7883207800E-01
    1.2360000000E+04    3.7874591497E-01
    1.2370000000E+04    3.7949604124E-01
    1.2380000000E+04    3.7941474424E-01
    1.2390000000E+04    3.7924283243E-01
    1.2400000000E+04    3.7921100782E-01
    1.2410000000E+04    3.7979756651E-01
    1.2420000000E+04    3.8096262345E-01
    1.2430000000E+04    3.8133483681E-01
    1.2440000000E+04    3.8152138415E-01
    1.2450000000E+04    3.8096077077E-01
    1.2460000000E+04    3.8099101625E-01
    1.2470000000E+04    3.8076597705E-01
    1.2480000000E+04    3.8094998903E-01
    1.2490000000E+04    3.8139720916E-01
    1.2500000000E+04    3.8204048090E-01
    1.2510000000E+04    3.8226108030E-01
    1.2520000000E+04    3.8228322048E-01
    1.2530000000E+04    3.8253153232E-01
    1.2540000000E+04    3.8217503010E-01
    1.2550000000E+04    3.8212645293E-01
    1.2560000000E+04    3.8198885763E-01
    1.2570000000E+04    3.8199416856E-01
    1.2580000000E+04    3.8214429004E-01
    1.2590000000E+04    3.8308489616E-01
    1.2600000000E+04    3.8360768742E-01
    1.2610000000E+04    3.8375806369E-01
    1.2620000000E+04    3.8369783409E-01
    1.2630000000E+04    3.8343032428E-01
    1.2640000000E+04    3.8345474453E-01
    1.2650000000E+04    3.8399917697E-01
    1.2660000000E+04    3.8451060662E-01
    1.2670000000E+04    3.8496831911E-01
    1.2680000000E+04    3.8469276963E-01
    1.2690000000E+04    3.8415760557E-01
    1.2700000000E+04    3.8364878179E-01
    1.2710000000E+04    3.8384974257E-01
    1.2720000000E+04    3.8393922103E-01
    1.2730000000E+04    3.8390163225E-01
    1.2740000000E+04    3.8392722839E-01
    1.2750000000E+04    3.8444957654E-01
    1.2760000000E+04    3.8454359777E-01
    1.2770000000E+04    3.8479934527E-01
    1.2780000000E+04    3.8470150540E-01
    1.2790000000E+04    3.8401297853E-01
    1.2800000000E+04    3.8339228531E-01
    1.2810000000E+04    3.8423038812E-01
    1.2820000000E+04    3.8466410043E-01
    1.2830000000E+04    3.8514017322E-01
    1.2840000000E+04    3.8525050915E-01
    1.2850000000E+04    3.8539974100E-01
    1.2860000000E+04    3.8492796762E-01
    1.2870000000E+04    3.8434260446E-01
    1.2880000000E+04    3.8399761645E-01
    1.2890000000E+04    3.8386963059E-01
    1.2900000000E+04    3.8356619922E-01
    1.2910000000E+04    3.8333896464E-01
    1.2920000000E+04    3.8407944911E-01
    1.2930000000E+04    3.8480227533E-01
    1.2940000000E+04    3.8455587435E-01
    1.2950000000E+04    3.8355591989E-01
    1.2960000000E+04    3.8273229315E-01
    1.2970000000E+04    3.8355488837E-01
    1.2980000000E+04    3.8538100447E-01
    1.2990000000E+04    3.8773749597E-01
    1.3000000000E+04    3.8799490102E-01
    1.3010000000E+04    3.8759770580E-01
    1.3020000000E+04    3.8640774847E-01
    1.3030000000E+04    3.8591351298E-01
    1.3040000000E+04    3.8559054889E-01
    1.3050000000E+04    3.8594855281E-01
    1.3060000000E+04    3.8600449979E-01
    1.3070000000E+04    3.8620772034E-01
    1.3080000000E+04    3.8661322719E-01
    1.3090000000E+04    3.8722035952E-01
    1.3100000000E+04    3.8750004570E-01
    1.3110000000E+04    3.8822145589E-01
    1.3120000000E+04    3.8862271434E-01
    1.3130000000E+04    3.8945533938E-01
    1.3140000000E+04    3.8980259664E-01
    1.3150000000E+04    3.9097518505E-01
    1.3160000000E+04    3.9181398220E-01
    1.3170000000E+04    3.9177200040E-01
    1.3180000000E+04    3.9131965165E-01
    1.3190000000E+04    3.9184395616E-01
    1.3200000000E+04    3.9248897065E-01
    1.3210000000E+04    3.9263106687E-01
    1.3220000000E+04    3.9191803409E-01
    1.3230000000E+04    3.9222400504E-01
    1.3240000000E+04    3.9403018012E-01
    1.3250000000E+04    3.9533612987E-01
    1.3260000000E+04    3.9514336297E-01
    1.3270000000E+04    3.9456230635E-01
    1.3280000000E+04    3.9398988875E-01
    1.3290000000E+04    3.9368845781E-01
    1.3300000000E+04    3.9435458047E-01
    1.3310000000E+04    3.9527224143E-01
    1.3320000000E+04    3.9594594797E-01
    1.3330000000E+04    3.9566605142E-01
    1.3340000000E+04    3.9498505799E-01
    1.3350000000E+04    3.9469955584E-01
    1.3360000000E+04    3.9484218211E-01
    1.3370000000E+04    3.9574107287E-01
    1.3380000000E+04    3.9631296181E-01
    1.3390000000E+04    3.9638848433E-01
    1.3400000000E+04    3.9655194515E-01
    1.3410000000E+04    3.9744228399E-01
    1.3420000000E+04    3.9797921188E-01
    1.3430000000E+04    3.9815741637E-01
    1.3440000000E+04    3.9802213496E-01
    1.3450000000E+04    3.9776918112E-01
    1.3460000000E+04    3.9829470988E-01
    1.3470000000E+04    3.9871881072E-01
    1.3480000000E+04    3.9985958231E-01
    1.3490000000E+04    4.0062780005E-01
    1.3500000000E+04    4.0011327349E-01
    1.3510000000E+04    3.9964191953E-01
    1.3520000000E+04    3.9918021129E-01
    1.3530000000E+04    3.9940808838E-01
    1.3540000000E+04    4.0066961307E-01
    1.3550000000E+04    4.0141631326E-01
    1.3560000000E+04    4.0168186972E-01
    1.3570000000E+04    4.0185525555E-01
    1.3580000000E+04    4.0232938290E-01
    1.3590000000E+04    4.0194345359E-01
    1.3600000000E+04    4.0088023372E-01
    1.3610000000E+04    4.0020413233E-01
    1.3620000000E+04    4.0074498873E-01
    1.3630000000E+04    4.0157213367E-01
    1.3640000000E+04    4.0214259651E-01
    1.3650000000E+04    4.0217463599E-01
    1.3660000000E+04    4.0116694302E-01
    1.3670000000E+04    3.9929711796E-01
    1.3680000000E+04    3.9806581893E-01
    1.3690000000E+04    3.9771416419E-01
    1.3700000000E+04    3.9873303550E-01
    1.3710000000E+04    3.9874893020E-01
    1.3720000000E+04    3.9777850920E-01
    1.3730000000E+04    3.9632168776E-01
    1.3740000000E+04    3.9477247775E-01
    1.3750000000E+04    3.9359711059E-01
    1.3760000000E+04    3.9305905269E-01
    1.3770000000E+04    3.9231444164E-01
    1.3780000000E+04    3.9087969170E-01
    1.3790000000E+04    3.8957277603E-01
    1.3800000000E+04    3.8879670528E-01
    1.3810000000E+04    3.8778979305E-01
    1.3820000000E+04    3.8715665210E-01
    1.3830000000E+04    3.8589750593E-01
    1.3840000000E+04    3.8467081161E-01
    1.3850000000E+04    3.8474981152E-01
    1.3860000000E+04    3.8525557211E-01
    1.3870000000E+04    3.8562833941E-01
    1.3880000000E+04    3.8506658644E-01
    1.3890000000E+04    3.8465544449E-01
    1.3900000000E+04    3.8551067135E-01
    1.3910000000E+04    3.8595653429E-01
    1.3920000000E+04    3.8591418627E-01
    1.3930000000E+04    3.8667484859E-01
    1.3940000000E+04    3.8781333375E-01
    1.3950000000E+04    3.8898308439E-01
    1.3960000000E+04    3.8887713378E-01
    1.3970000000E+04    3.8900425797E-01
    1.3980000000E+04    3.9058372008E-01
    1.3990000000E+04    3.9129663700E-01
    1.4000000000E+04    3.9187073195E-01
    1.4010000000E+04    3.9263043781E-01
    1.4020000000E+04    3.9327340372E-01
    1.4030000000E+04    3.9359293174E-01
    1.4040000000E+04    3.9408749124E-01
    1.4050000000E+04    3.9440665068E-01
    1.4060000000E+04    3.9451353064E-01
    1.4070000000E+04    3.9462563707E-01
    1.4080000000E+04    3.9547802675E-01
    1.4090000000E+04    3.9655193218E-01
    1.4100000000E+04    3.9764188063E-01
    1.4110000000E+04    3.9864542385E-01
    1.4120000000E+04    3.9983126284E-01
    1.4130000000E+04    4.0058105156E-01
    1.4140000000E+04    4.0135732628E-01
    1.4150000000E+04    4.0102514003E-01
    1.4160000000E+04    4.0145219332E-01
    1.4170000000E+04    4.0262638259E-01
    1.4180000000E+04    4.0359760497E-01
    1.4190000000E+04    4.0359093535E-01
    1.4200000000E+04    4.0259647768E-01
    1.4210000000E+04    4.0246361094E-01
    1.4220000000E+04    4.0176241458E-01
    1.4230000000E+04    4.0075411980E-01
    1.4240000000E+04    3.9895368858E-01
    1.4250000000E+04    3.9722778016E-01
    1.4260000000E+04    3.9531019887E-01
    1.4270000000E+04    3.9296965335E-01
    1.4280000000E+04    3.8961571628E-01
    1.4290000000E+04    3.8569870467E-01
    1.4300000000E+04    3.8245032120E-01
    1.4310000000E+04    3.7825463332E-01
    1.4320000000E+04    3.7296816710E-01
    1.4330000000E+04    3.6774330620E-01
    1.4340000000E+04    3.6232947853E-01
    1.4350000000E+04    3.5629440286E-01
    1.4360000000E+04    3.4927912072E-01
    1.4370000000E+04    3.4348081500E-01
    1.4380000000E+04    3.3644476133E-01
    1.4390000000E+04    3.2885788385E-01
    1.4400000000E+04    3.1975672496E-01
    1.4410000000E+04    3.1212645821E-01
    1.4420000000E+04    3.0519361320E-01
    1.4430000000E+04    2.9700573310E-01
    1.4440000000E+04    2.8830926449E-01
    1.4450000000E+04    2.7986366770E-01
    1.4460000000E+04    2.7158064472E-01
    1.4470000000E+04    2.6460823343E-01
    1.4480000000E+04    2.5803755820E-01
    1.4490000000E+04    2.5264572789E-01
    1.4500000000E+04    2.4721298100E-01
    1.4510000000E+04    2.4279752206E-01
    1.4520000000E+04    2.3912407948E-01
    1.4530000000E+04    2.3563469655E-01
    1.4540000000E+04    2.3357133061E-01
    1.4550000000E+04    2.3312549031E-01
    1.4560000000E+04    2.3436206794E-01
    1.4570000000E+04    2.3578116230E-01
    1.4580000000E+04    2.3864158796E-01
    1.4590000000E+04    2.4304736646E-01
    1.4600000000E+04    2.4880499512E-01
    1.4610000000E+04    2.5509037839E-01
    1.4620000000E+04    2.6183809605E-01
    1.4630000000E+04    2.7018767584E-01
    1.4640000000E+04    2.7929113762E-01
    1.4650000000E+04    2.9094191954E-01
    1.4660000000E+04    3.0210958426E-01
    1.4670000000E+04    3.1351297579E-01
    1.4680000000E+04    3.2272315933E-01
    1.4690000000E+04    3.3267953529E-01
    1.4700000000E+04    3.4258500093E-01
    1.4710000000E+04    3.5313094722E-01
    1.4720000000E+04    3.6392400931E-01
    1.4730000000E+04    3.7411269123E-01
    1.4740000000E+04    3.8358316800E-01
    1.4750000000E+04    3.9110823013E-01
    1.4760000000E+04    3.9828229299E-01
    1.4770000000E+04    4.0336279883E-01
    1.4780000000E+04    4.0801644857E-01
    1.4790000000E+04    4.1165958428E-01
    1.4800000000E+04    4.1571505479E-01
    1.4810000000E+04    4.1869100298E-01
    1.4820000000E+04    4.2111278161E-01
    1.4830000000E+04    4.2323811289E-01
    1.4840000000E+04    4.2554572614E-01
    1.4850000000E+04    4.2564156685E-01
    1.4860000000E+04    4.2602527012E-01
    1.4870000000E+04    4.2530879366E-01
    1.4880000000E+04    4.2575815936E-01
    1.4890000000E+04    4.2635986743E-01
    1.4900000000E+04    4.2766174394E-01
    1.4910000000E+04    4.2819802325E-01
    1.4920000000E+04    4.2821617984E-01
    1.4930000000E+04    4.2763796011E-01
    1.4940000000E+04    4.2643310042E-01
    1.4950000000E+04    4.2618032303E-01
    1.4960000000E+04    4.2571261568E-01
    1.4970000000E+04    4.2671474627E-01
    1.4980000000E+04    4.2770432435E-01
    1.4990000000E+04    4.2823924836E-01
    1.5000000000E+04    4.2771298397E-01
    1.5010000000E+04    4.2767403434E-01
    1.5020000000E+04    4.2755572399E-01
    1.5030000000E+04    4.2730999441E-01
    1.5040000000E+04    4.2731197835E-01
    1.5050000000E+04    4.2826831051E-01
    1.5060000000E+04    4.3010998893E-01
    1.5070000000E+04    4.3023675749E-01
    1.5080000000E+04    4.3065031969E-01
    1.5090000000E+04    4.3105946932E-01
    1.5100000000E+04    4.3101179760E-01
    1.5110000000E+04    4.3159133548E-01
    1.5120000000E+04    4.3179588276E-01
    1.5130000000E+04    4.3240860240E-01
    1.5140000000E+04    4.3299634631E-01
    1.5150000000E+04    4.3358192410E-01
    1.5160000000E+04    4.3418363870E-01
    1.5170000000E+04    4.3449783317E-01
    1.5180000000E+04    4.3432590684E-01
    1.5190000000E+04    4.3356346937E-01
    1.5200000000E+04    4.3287020951E-01
    1.5210000000E+04    4.3262235791E-01
    1.5220000000E+04    4.3306885429E-01
    1.5230000000E+04    4.3449897237E-01
    1.5240000000E+04    4.3550821354E-01
    1.5250000000E+04    4.3518841510E-01
    1.5260000000E+04    4.3498250545E-01
    1.5270000000E+04    4.3550907080E-01
    1.5280000000E+04    4.3658667421E-01
    1.5290000000E+04    4.3674750724E-01
    1.5300000000E+04    4.3739275846E-01
    1.5310000000E+04    4.3733652464E-01
    1.5320000000E+04    4.3855672534E-01
    1.5330000000E+04    4.3855892003E-01
    1.5340000000E+04    4.3806986227E-01
    1.5350000000E+04    4.3776603629E-01
    1.5360000000E+04    4.3759696780E-01
    1.5370000000E+04    4.3801651319E-01
    1.5380000000E+04    4.3884045769E-01
    1.5390000000E+04    4.3962069060E-01
    1.5400000000E+04    4.3965476113E-01
    1.5410000000E+04    4.3930749293E-01
    1.5420000000E+04    4.3883603276E-01
    1.5430000000E+04    4.3746193732E-01
    1.5440000000E+04    4.3666278219E-01
    1.5450000000E+04    4.3641689927E-01
    1.5460000000E+04    4.3774253946E-01
    1.5470000000E+04    4.3855008391E-01
    1.5480000000E+04    4.3906861767E-01
    1.5490000000E+04    4.3939688210E-01
    1.5500000000E+04    4.3911183051E-01
    1.5510000000E+04    4.3838971385E-01
    1.5520000000E+04    4.3843769287E-01
    1.5530000000E+04    4.3912902803E-01
    1.5540000000E+04    4.3943392416E-01
    1.5550000000E+04    4.4038135631E-01
    1.5560000000E+04    4.4116859561E-01
    1.5570000000E+04    4.4093976838E-01
    1.5580000000E+04    4.3964438151E-01
    1.5590000000E+04    4.3855928027E-01
    1.5600000000E+04    4.3864575073E-01
    1.5610000000E+04    4.3920767651E-01
    1.5620000000E+04    4.3978489543E-01
    1.5630000000E+04    4.4039849575E-01
    1.5640000000E+04    4.4190478584E-01
    1.5650000000E+04    4.4183249240E-01
    1.5660000000E+04    4.4014946068E-01
    1.5670000000E+04    4.3897204734E-01
    1.5680000000E+04    4.3856625238E-01
    1.5690000000E+04    4.3878829574E-01
    1.5700000000E+04    4.3894268884E-01
    1.5710000000E+04    4.3921942385E-01
    1.5720000000E+04    4.3986718722E-01
    1.5730000000E+04    4.3985457745E-01
    1.5740000000E+04    4.3932204225E-01
    1.5750000000E+04    4.3834488728E-01
    1.5760000000E+04    4.3813362324E-01
    1.5770000000E+04    4.3824210714E-01
    1.5780000000E+04    4.3863618990E-01
    1.5790000000E+04    4.3939183479E-01
    1.5800000000E+04    4.4012766415E-01
    1.5810000000E+04    4.4064672843E-01
    1.5820000000E+04    4.3881959823E-01
    1.5830000000E+04    4.3754689530E-01
    1.5840000000E+04    4.3769812013E-01
    1.5850000000E+04    4.3883823171E-01
    1.5860000000E+04    4.3863023745E-01
    1.5870000000E+04    4.3799773752E-01
    1.5880000000E+04    4.3810986250E-01
    1.5890000000E+04    4.3766013461E-01
    1.5900000000E+04    4.3722656804E-01
    1.5910000000E+04    4.3624966456E-01
    1.5920000000E+04    4.3643390484E-01
    1.5930000000E+04    4.3668101609E-01
    1.5940000000E+04    4.3704087249E-01
    1.5950000000E+04    4.3709022265E-01
    1.5960000000E+04    4.3721067541E-01
    1.5970000000E+04    4.3804503662E-01
    1.5980000000E+04    4.3745871565E-01
    1.5990000000E+04    4.3699106163E-01
    1.6000000000E+04    4.3659677666E-01
    1.6010000000E+04    4.3695837758E-01
    1.6020000000E+04    4.3811449647E-01
    1.6030000000E+04    4.3988311482E-01
    1.6040000000E+04    4.4164595868E-01
    1.6050000000E+04    4.4084281443E-01
    1.6060000000E+04    4.3985343098E-01
    1.6070000000E+04    4.3882955842E-01
    1.6080000000E+04    4.3857276210E-01
    1.6090000000E+04    4.3880028464E-01
    1.6100000000E+04    4.3964096227E-01
    1.6110000000E+04    4.4022238951E-01
    1.6120000000E+04    4.3942132990E-01
    1.6130000000E+04    4.3974772527E-01
    1.6140000000E+04    4.4060316336E-01
    1.6150000000E+04    4.4120749576E-01
    1.6160000000E+04    4.3993680683E-01
    1.6170000000E+04    4.3946402218E-01
    1.6180000000E+04    4.4028285416E-01
    1.6190000000E+04    4.4172232366E-01
    1.6200000000E+04    4.4264202581E-01
    1.6210000000E+04    4.4279443216E-01
    1.6220000000E+04    4.4182533843E-01
    1.6230000000E+04    4.4104172018E-01
    1.6240000000E+04    4.4041140971E-01
    1.6250000000E+04    4.4174576899E-01
    1.6260000000E+04    4.4362464891E-01
    1.6270000000E+04    4.4521156904E-01
    1.6280000000E+04    4.4510432963E-01
    1.6290000000E+04    4.4607318415E-01
    1.6300000000E+04    4.4595727597E-01
    1.6310000000E+04    4.4386676633E-01
    1.6320000000E+04    4.4232474998E-01
    1.6330000000E+04    4.4255852515E-01
    1.6340000000E+04    4.4387645007E-01
    1.6350000000E+04    4.4467982631E-01
    1.6360000000E+04    4.4616793063E-01
    1.6370000000E+04    4.4586884862E-01
    1.6380000000E+04    4.4524782662E-01
    1.6390000000E+04    4.4405869534E-01
    1.6400000000E+04    4.4418066035E-01
    1.6410000000E+04    4.4487949199E-01
    1.6420000000E+04    4.4559881994E-01
    1.6430000000E+04    4.4506386806E-01
    1.6440000000E+04    4.4493112107E-01
    1.6450000000E+04    4.4459503477E-01
    1.6460000000E+04    4.4453844850E-01
    1.6470000000E+04    4.4402799545E-01
    1.6480000000E+04    4.4408880815E-01
    1.6490000000E+04    4.4318951548E-01
    1.6500000000E+04    4.4351395513E-01
    1.6510000000E+04    4.4456461468E-01
    1.6520000000E+04    4.4583687323E-01
    1.6530000000E+04    4.4560733254E-01
    1.6540000000E+04    4.4438461220E-01
    1.6550000000E+04    4.4372026501E-01
    1.6560000000E+04    4.4326360285E-01
    1.6570000000E+04    4.4301414292E-01
    1.6580000000E+04    4.4281136134E-01
    1.6590000000E+04    4.4352937170E-01
    1.6600000000E+04    4.4440134092E-01
    1.6610000000E+04    4.4381093082E-01
    1.6620000000E+04    4.4296925443E-01
    1.6630000000E+04    4.4253536552E-01
    1.6640000000E+04    4.4123670490E-01
    1.6650000000E+04    4.4038503963E-01
    1.6660000000E+04    4.4005389623E-01
    1.6670000000E+04    4.4056505722E-01
    1.6680000000E+04    4.3996734618E-01
    1.6690000000E+04    4.3941929535E-01
    1.6700000000E+04    4.3770787164E-01
    1.6710000000E+04    4.3608740944E-01
    1.6720000000E+04    4.3433740652E-01
    1.6730000000E+04    4.3431528384E-01
    1.6740000000E+04    4.3641271424E-01
    1.6750000000E+04    4.3844665510E-01
    1.6760000000E+04    4.3988796965E-01
    1.6770000000E+04    4.4033876165E-01
    1.6780000000E+04    4.4055550639E-01
    1.6790000000E+04    4.4113188292E-01
    1.6800000000E+04    4.4299527584E-01
    1.6810000000E+04    4.4327550182E-01
    1.6820000000E+04    4.4275200397E-01
    1.6830000000E+04    4.4367698882E-01
    1.6840000000E+04    4.4525174668E-01
    1.6850000000E+04    4.4709396123E-01
    1.6860000000E+04    4.4731695543E-01
    1.6870000000E+04    4.4676844560E-01
    1.6880000000E+04    4.4613449915E-01
    1.6890000000E+04    4.4695579502E-01
    1.6900000000E+04    4.4732573585E-01
    1.6910000000E+04    4.4786398490E-01
    1.6920000000E+04    4.4845235275E-01
    1.6930000000E+04    4.4961628095E-01
    1.6940000000E+04    4.4909675142E-01
    1.6950000000E+04    4.4872790411E-01
    1.6960000000E+04    4.4712287414E-01
    1.6970000000E+04    4.4711354080E-01
    1.6980000000E+04    4.4677579666E-01
    1.6990000000E+04    4.4705420394E-01
    1.7000000000E+04    4.4735359114E-01
    1.7010000000E+04    4.4844716566E-01
    1.7020000000E+04    4.4814618091E-01
    1.7030000000E+04    4.4652356192E-01
    1.7040000000E+04    4.4470892349E-01
    1.7050000000E+04    4.4363620391E-01
    1.7060000000E+04    4.4419177742E-01
    1.7070000000E+04    4.4432155420E-01
    1.7080000000E+04    4.4426325143E-01
    1.7090000000E+04    4.4408696241E-01
    1.7100000000E+04    4.4324057322E-01
    1.7110000000E+04    4.4265477959E-01
    1.7120000000E+04    4.4164440640E-01
    1.7130000000E+04    4.4055371596E-01
    1.7140000000E+04    4.3994862252E-01
    1.7150000000E+04    4.4044397471E-01
    1.7160000000E+04    4.4140198392E-01
    1.7170000000E+04    4.4185246841E-01
    1.7180000000E+04    4.4334949231E-01
    1.7190000000E+04    4.4354266530E-01
    1.7200000000E+04    4.4334786715E-01
    1.7210000000E+04    4.4226153252E-01
    1.7220000000E+04    4.4329948524E-01
    1.7230000000E+04    4.4423881459E-01
    1.7240000000E+04    4.4504811310E-01
    1.7250000000E+04    4.4627005600E-01
    1.7260000000E+04    4.4798349305E-01
    1.7270000000E+04    4.4925106246E-01
    1.7280000000E+04    4.4783572445E-01
    1.7290000000E+04    4.4657803810E-01
    1.7300000000E+04    4.4544019433E-01
    1.7310000000E+04    4.4599608805E-01
    1.7320000000E+04    4.4653232227E-01
    1.7330000000E+04    4.4717764531E-01
    1.7340000000E+04    4.4726494688E-01
    1.7350000000E+04    4.4675787283E-01
    1.7360000000E+04    4.4644492880E-01
    1.7370000000E+04    4.4589339743E-01
    1.7380000000E+04    4.4652579783E-01
    1.7390000000E+04    4.4701077899E-01
    1.7400000000E+04    4.4755738077E-01
    1.7410000000E+04    4.4769997148E-01
    1.7420000000E+04    4.4812822817E-01
    1.7430000000E+04    4.4910911922E-01
    1.7440000000E+04    4.4891440776E-01
    1.7450000000E+04    4.4827869364E-01
    1.7460000000E+04    4.4768191518E-01
    1.7470000000E+04    4.4772541176E-01
    1.7480000000E+04    4.4787763800E-01
    1.7490000000E+04    4.4897434420E-01
    1.7500000000E+04    4.5081007439E-01
    1.7510000000E+04    4.5116672040E-01
    1.7520000000E+04    4.5052274407E-01
    1.7530000000E+04    4.4969831805E-01
    1.7540000000E+04    4.4916646060E-01
    1.7550000000E+04    4.4963668395E-01
    1.7560000000E+04    4.4999978265E-01
    1.7570000000E+04    4.5090553906E-01
    1.7580000000E+04    4.5037437168E-01
    1.7590000000E+04    4.5059052802E-01
    1.7600000000E+04    4.5045450480E-01
    1.7610000000E+04    4.4957806256E-01
    1.7620000000E+04    4.4819994630E-01
    1.7630000000E+04    4.4795936362E-01
    1.7640000000E+04    4.4872050932E-01
    1.7650000000E+04    4.4967631767E-01
    1.7660000000E+04    4.5030373036E-01
    1.7670000000E+04    4.5046220398E-01
    1.7680000000E+04    4.4907537118E-01
    1.7690000000E+04    4.4802254334E-01
    1.7700000000E+04    4.4690908526E-01
    1.7710000000E+04    4.4738863421E-01
    1.7720000000E+04    4.4746694041E-01
    1.7730000000E+04    4.4693311754E-01
    1.7740000000E+04    4.4739741752E-01
    1.7750000000E+04    4.4959187143E-01
    1.7760000000E+04    4.5407523225E-01
    1.7770000000E+04    4.5233252822E-01
    1.7780000000E+04    4.4882443692E-01
    1.7790000000E+04    4.4593730976E-01
    1.7800000000E+04    4.4814889177E-01
    1.7810000000E+04    4.4939785783E-01
    1.7820000000E+04    4.5082062120E-01
    1.7830000000E+04    4.5201384840E-01
    1.7840000000E+04    4.5210949642E-01
    1.7850000000E+04    4.5105185273E-01
    1.7860000000E+04    4.5044779645E-01
    1.7870000000E+04    4.5085090205E-01
    1.7880000000E+04    4.5165440977E-01
    1.7890000000E+04    4.5253674479E-01
    1.7900000000E+04    4.5308207190E-01
    1.7910000000E+04    4.5318546925E-01
    1.7920000000E+04    4.5258884517E-01
    1.7930000000E+04    4.5140434717E-01
    1.7940000000E+04    4.5072254589E-01
    1.7950000000E+04    4.5066932013E-01
    1.7960000000E+04    4.5006567226E-01
    1.7970000000E+04    4.5054627342E-01
    1.7980000000E+04    4.5149874660E-01
    1.7990000000E+04    4.5315353183E-01
    1.8000000000E+04    4.5320529724E-01
    1.8010000000E+04    4.5314354676E-01
    1.8020000000E+04    4.5295185084E-01
    1.8030000000E+04    4.5272072235E-01
    1.8040000000E+04    4.5276224569E-01
    1.8050000000E+04    4.5316961008E-01
    1.8060000000E+04    4.5443175021E-01
    1.8070000000E+04    4.5534590192E-01
    1.8080000000E+04    4.5568155823E-01
    1.8090000000E+04    4.5539182381E-01
    1.8100000000E+04    4.5530969288E-01
    1.8110000000E+04    4.5506381302E-01
    1.8120000000E+04    4.5514830499E-01
    1.8130000000E+04    4.5603145587E-01
    1.8140000000E+04    4.5796487359E-01
    1.8150000000E+04    4.5885709760E-01
    1.8160000000E+04    4.5866998234E-01
    1.8170000000E+04    4.5820802018E-01
    1.8180000000E+04    4.5713935787E-01
    1.8190000000E+04    4.5559171431E-01
    1.8200000000E+04    4.5454420459E-01
    1.8210000000E+04    4.5451159521E-01
    1.8220000000E+04    4.5528345007E-01
    1.8230000000E+04    4.5563048412E-01
    1.8240000000E+04    4.5585344399E-01
    1.8250000000E+04    4.5546629694E-01
    1.8260000000E+04    4.5482851883E-01
    1.8270000000E+04    4.5394754569E-01
    1.8280000000E+04    4.5373166652E-01
    1.8290000000E+04    4.5357897675E-01
    1.8300000000E+04    4.5401924247E-01
    1.8310000000E+04    4.5490389226E-01
    1.8320000000E+04    4.5615809092E-01
    1.8330000000E+04    4.5595133611E-01
    1.8340000000E+04    4.5513968490E-01
    1.8350000000E+04    4.5479478550E-01
    1.8360000000E+04    4.5487420549E-01
    1.8370000000E+04    4.5503218407E-01
    1.8380000000E+04    4.5568523648E-01
    1.8390000000E+04    4.5765161148E-01
    1.8400000000E+04    4.5798330922E-01
    1.8410000000E+04    4.5705464881E-01
    1.8420000000E+04    4.5534363419E-01
    1.8430000000E+04    4.5442319751E-01
    1.8440000000E+04    4.5427856626E-01
    1.8450000000E+04    4.5522603463E-01
    1.8460000000E+04    4.5652173805E-01
    1.8470000000E+04    4.5701086818E-01
    1.8480000000E+04    4.5717789564E-01
    1.8490000000E+04    4.5695047769E-01
    1.8500000000E+04    4.5613347915E-01
    1.8510000000E+04    4.5511577554E-01
    1.8520000000E+04    4.5477242599E-01
    1.8530000000E+04    4.5506100547E-01
    1.8540000000E+04    4.5589262136E-01
    1.8550000000E+04    4.5729306022E-01
    1.8560000000E+04    4.5701059529E-01
    1.8570000000E+04    4.5610664555E-01
    1.8580000000E+04    4.5494011353E-01
    1.8590000000E+04    4.5463903381E-01
    1.8600000000E+04    4.5457126476E-01
    1.8610000000E+04    4.5432976401E-01
    1.8620000000E+04    4.5512258987E-01
    1.8630000000E+04    4.5621167490E-01
    1.8640000000E+04    4.5753913701E-01
    1.8650000000E+04    4.5735408058E-01
    1.8660000000E+04    4.5621358810E-01
    1.8670000000E+04    4.5468636337E-01
    1.8680000000E+04    4.5450368725E-01
    1.8690000000E+04    4.5612880962E-01
    1.8700000000E+04    4.5681189316E-01
    1.8710000000E+04    4.5714748214E-01
    1.8720000000E+04    4.5686676783E-01
    1.8730000000E+04    4.5793966956E-01
    1.8740000000E+04    4.5875866520E-01
    1.8750000000E+04    4.5869508561E-01
    1.8760000000E+04    4.5809232198E-01
    1.8770000000E+04    4.5842617611E-01
    1.8780000000E+04    4.5897265940E-01
    1.8790000000E+04    4.5970793476E-01
    1.8800000000E+04    4.6020157893E-01
    1.8810000000E+04    4.5933081715E-01
    1.8820000000E+04    4.5738500374E-01
    1.8830000000E+04    4.5586023901E-01
    1.8840000000E+04    4.5589770713E-01
    1.8850000000E+04    4.5652745535E-01
    1.8860000000E+04    4.5728104763E-01
    1.8870000000E+04    4.5800504238E-01
    1.8880000000E+04    4.5772423867E-01
    1.8890000000E+04    4.5737426120E-01
    1.8900000000E+04    4.5643153746E-01
    1.8910000000E+04    4.5540652617E-01
    1.8920000000E+04    4.5560996451E-01
    1.8930000000E+04    4.5546957408E-01
    1.8940000000E+04    4.5553036127E-01
    1.8950000000E+04    4.5652111768E-01
    1.8960000000E+04    4.5757568631E-01
    1.8970000000E+04    4.5830279189E-01
    1.8980000000E+04    4.5747425879E-01
    1.8990000000E+04    4.5639827838E-01
    1.9000000000E+04    4.5564756487E-01
    1.9010000000E+04    4.5656988703E-01
    1.9020000000E+04    4.5701745720E-01
    1.9030000000E+04    4.5713465804E-01
    1.9040000000E+04    4.5731845816E-01
    1.9050000000E+04    4.5737109029E-01
    1.9060000000E+04    4.5656944220E-01
    1.9070000000E+04    4.5590108311E-01
    1.9080000000E+04    4.5591571877E-01
    1.9090000000E+04    4.5686313208E-01
    1.9100000000E+04    4.5810017099E-01
    1.9110000000E+04    4.5915708487E-01
    1.9120000000E+04    4.5979374782E-01
    1.9130000000E+04    4.5999383080E-01
    1.9140000000E+04    4.5928632366E-01
    1.9150000000E+04    4.5834710161E-01
    1.9160000000E+04    4.5693898887E-01
    1.9170000000E+04    4.5669526966E-01
    1.9180000000E+04    4.5785357569E-01
    1.9190000000E+04    4.5847248714E-01
    1.9200000000E+04    4.5880449353E-01
    1.9210000000E+04    4.5809442672E-01
    1.9220000000E+04    4.5795419622E-01
    1.9230000000E+04    4.5716215469E-01
    1.9240000000E+04    4.5680824054E-01
    1.9250000000E+04    4.5585616795E-01
    1.9260000000E+04    4.5554989687E-01
    1.9270000000E+04    4.5656738397E-01
    1.9280000000E+04    4.5741826555E-01
    1.9290000000E+04    4.5740453956E-01
    1.9300000000E+04    4.5684110816E-01
    1.9310000000E+04    4.5595275884E-01
    1.9320000000E+04    4.5457454418E-01
    1.9330000000E+04    4.5318472262E-01
    1.9340000000E+04    4.5365389839E-01
    1.9350000000E+04    4.5474607362E-01
    1.9360000000E+04    4.5589522788E-01
    1.9370000000E+04    4.5574329534E-01
    1.9380000000E+04    4.5602235375E-01
    1.9390000000E+04    4.5562909901E-01
    1.9400000000E+04    4.5543302645E-01
    1.9410000000E+04    4.5527823178E-01
    1.9420000000E+04    4.5648047968E-01
    1.9430000000E+04    4.5788568996E-01
    1.9440000000E+04    4.5909980024E-01
    1.9450000000E+04    4.6009466534E-01
    1.9460000000E+04    4.6091336201E-01
    1.9470000000E+04    4.6051444238E-01
    1.9480000000E+04    4.5932877014E-01
    1.9490000000E+04    4.5836963990E-01
    1.9500000000E+04    4.5876369929E-01
    1.9510000000E+04    4.5996034148E-01
    1.9520000000E+04    4.6089695420E-01
    1.9530000000E+04    4.6086925661E-01
    1.9540000000E+04    4.6075379909E-01
    1.9550000000E+04    4.6051793669E-01
    1.9560000000E+04    4.6070497491E-01
    1.9570000000E+04    4.6093049469E-01
    1.9580000000E+04    4.6090954070E-01
    1.9590000000E+04    4.6091406157E-01
    1.9600000000E+04    4.6123058265E-01
    1.9610000000E+04    4.6127445434E-01
    1.9620000000E+04    4.6156668710E-01
    1.9630000000E+04    4.6185284298E-01
    1.9640000000E+04    4.6161673107E-01
    1.9650000000E+04    4.6080727230E-01
    1.9660000000E+04    4.6119571270E-01
    1.9670000000E+04    4.6222061490E-01
    1.9680000000E+04    4.6293715655E-01
    1.9690000000E+04    4.6243008101E-01
    1.9700000000E+04    4.6142237257E-01
    1.9710000000E+04    4.6144357361E-01
    1.9720000000E+04    4.6098105999E-01
    1.9730000000E+04    4.6108221108E-01
    1.9740000000E+04    4.6063675693E-01
    1.9750000000E+04    4.6087507225E-01
    1.9760000000E+04    4.6117812087E-01
    1.9770000000E+04    4.6148680146E-01
    1.9780000000E+04    4.6204791085E-01
    1.9790000000E+04    4.6272739042E-01
    1.9800000000E+04    4.6253367397E-01
    1.9810000000E+04    4.6227147070E-01
    1.9820000000E+04    4.6206483207E-01
    1.9830000000E+04    4.6233448430E-01
    1.9840000000E+04    4.6257772145E-01
    1.9850000000E+04    4.6319897781E-01
    1.9860000000E+04    4.6359651794E-01
    1.9870000000E+04    4.6425773418E-01
    1.9880000000E+04    4.6380224038E-01
    1.9890000000E+04    4.6393201800E-01
    1.9900000000E+04    4.6335303431E-01
    1.9910000000E+04    4.6348530515E-01
    1.9920000000E+04    4.6350560322E-01
    1.9930000000E+04    4.6328406838E-01
    1.9940000000E+04    4.6233005567E-01
    1.9950000000E+04    4.5956936903E-01
    1.9960000000E+04    4.5657710047E-01
    1.9970000000E+04    4.5431139252E-01
    1.9980000000E+04    4.5692432558E-01
    1.9990000000E+04    4.5951000706E-01
    2.0000000000E+04    4.6076653835E-01
    2.0010000000E+04    4.6050391837E-01
    2.0020000000E+04    4.6037159494E-01
    2.0030000000E+04    4.6001867004E-01
    2.0040000000E+04    4.5994231796E-01
    2.0050000000E+04    4.6042022999E-01
    2.0060000000E+04    4.6064584331E-01
    2.0070000000E+04    4.6174988606E-01
    2.0080000000E+04    4.6198288458E-01
    2.0090000000E+04    4.6232291679E-01
    2.0100000000E+04    4.6170109273E-01
    2.0110000000E+04    4.6081907998E-01
    2.0120000000E+04    4.6051839667E-01
    2.0130000000E+04    4.6072009643E-01
    2.0140000000E+04    4.6137764118E-01
    2.0150000000E+04    4.6091785869E-01
    2.0160000000E+04    4.6106230713E-01
    2.0170000000E+04    4.6123539582E-01
    2.0180000000E+04    4.6133164022E-01
    2.0190000000E+04    4.6068005688E-01
    2.0200000000E+04    4.5941379754E-01
    2.0210000000E+04    4.5950885739E-01
    2.0220000000E+04    4.6100507684E-01
    2.0230000000E+04    4.6186349175E-01
    2.0240000000E+04    4.6164251078E-01
    2.0250000000E+04    4.6025466805E-01
    2.0260000000E+04    4.6008662647E-01
    2.0270000000E+04    4.6019811631E-01
    2.0280000000E+04    4.5983623266E-01
    2.0290000000E+04    4.5918781659E-01
    2.0300000000E+04    4.6004662378E-01
    2.0310000000E+04    4.6124345338E-01
    2.0320000000E+04    4.6165932841E-01
    2.0330000000E+04    4.6081989858E-01
    2.0340000000E+04    4.6001320259E-01
    2.0350000000E+04    4.6005195288E-01
    2.0360000000E+04    4.5995022199E-01
    2.0370000000E+04    4.5964318743E-01
    2.0380000000E+04    4.5961095703E-01
    2.0390000000E+04    4.6034230794E-01
    2.0400000000E+04    4.5937101930E-01
    2.0410000000E+04    4.5814147589E-01
    2.0420000000E+04    4.5759940846E-01
    2.0430000000E+04    4.5763854698E-01
    2.0440000000E+04    4.5748780127E-01
    2.0450000000E+04    4.5726785474E-01
    2.0460000000E+04    4.5666189822E-01
    2.0470000000E+04    4.5683432962E-01
    2.0480000000E+04    4.5667670125E-01
    2.0490000000E+04    4.5639646157E-01
    2.0500000000E+04    4.5658287502E-01
    2.0510000000E+04    4.5594917173E-01
    2.0520000000E+04    4.5521298251E-01
    2.0530000000E+04    4.5470669287E-01
    2.0540000000E+04    4.5540610987E-01
    2.0550000000E+04    4.5586054152E-01
    2.0560000000E+04    4.5678319784E-01
    2.0570000000E+04    4.5707607759E-01
    2.0580000000E+04    4.5809557974E-01
    2.0590000000E+04    4.5847626608E-01
    2.0600000000E+04    4.5782072295E-01
    2.0610000000E+04    4.5785962913E-01
    2.0620000000E+04    4.5779132874E-01
    2.0630000000E+04    4.5914301293E-01
    2.0640000000E+04    4.5928841767E-01
    2.0650000000E+04    4.5899854286E-01
    2.0660000000E+04    4.5847700221E-01
    2.0670000000E+04    4.5827713544E-01
    2.0680000000E+04    4.5824329660E-01
    2.0690000000E+04    4.5792426903E-01
    2.0700000000E+04    4.5892132497E-01
    2.0710000000E+04    4.5975521549E-01
    2.0720000000E+04    4.6198020053E-01
    2.0730000000E+04    4.6244849876E-01
    2.0740000000E+04    4.6267381762E-01
    2.0750000000E+04    4.6355722814E-01
    2.0760000000E+04    4.6359619079E-01
    2.0770000000E+04    4.6258155660E-01
    2.0780000000E+04    4.6098210447E-01
    2.0790000000E+04    4.6161016367E-01
    2.0800000000E+04    4.6313483640E-01
    2.0810000000E+04    4.6466319397E-01
    2.0820000000E+04    4.6497324030E-01
    2.0830000000E+04    4.6550247039E-01
    2.0840000000E+04    4.6614189368E-01
    2.0850000000E+04    4.6535003343E-01
    2.0860000000E+04    4.6582550028E-01
    2.0870000000E+04    4.6594787911E-01
    2.0880000000E+04    4.6704709722E-01
    2.0890000000E+04    4.6573924522E-01
    2.0900000000E+04    4.6409158995E-01
    2.0910000000E+04    4.6300654291E-01
    2.0920000000E+04    4.6360002028E-01
    2.0930000000E+04    4.6460114020E-01
    2.0940000000E+04    4.6505795714E-01
    2.0950000000E+04    4.6393841203E-01
    2.0960000000E+04    4.6355179695E-01
    2.0970000000E+04    4.6477788078E-01
    2.0980000000E+04    4.6587573858E-01
    2.0990000000E+04    4.6576983128E-01
    2.1000000000E+04    4.6499347450E-01
    2.1010000000E+04    4.6461788085E-01
    2.1020000000E+04    4.6440470400E-01
    2.1030000000E+04    4.6390927409E-01
    2.1040000000E+04    4.6349002971E-01
    2.1050000000E+04    4.6484783993E-01
    2.1060000000E+04    4.6538703286E-01
    2.1070000000E+04    4.6539206694E-01
    2.1080000000E+04    4.6567594254E-01
    2.1090000000E+04    4.6616564305E-01
    2.1100000000E+04    4.6677420072E-01
    2.1110000000E+04    4.6596121745E-01
    2.1120000000E+04    4.6493959473E-01
    2.1130000000E+04    4.6518464257E-01
    2.1140000000E+04    4.6624007917E-01
    2.1150000000E+04    4.6595126506E-01
    2.1160000000E+04    4.6608693188E-01
    2.1170000000E+04    4.6612402782E-01
    2.1180000000E+04    4.6661901213E-01
    2.1190000000E+04    4.6726824189E-01
    2.1200000000E+04    4.6801355782E-01
    2.1210000000E+04    4.6869442309E-01
    2.1220000000E+04    4.6910764202E-01
    2.1230000000E+04    4.6831900594E-01
    2.1240000000E+04    4.6799862447E-01
    2.1250000000E+04    4.6899364263E-01
    2.1260000000E+04    4.7025988617E-01
    2.1270000000E+04    4.7009504539E-01
    2.1280000000E+04    4.6889499500E-01
    2.1290000000E+04    4.6824616331E-01
    2.1300000000E+04    4.6928142301E-01
    2.1310000000E+04    4.7015450934E-01
    2.1320000000E+04    4.6987534686E-01
    2.1330000000E+04    4.6897744142E-01
    2.1340000000E+04    4.6763979900E-01
    2.1350000000E+04    4.6808755576E-01
    2.1360000000E+04    4.6764298140E-01
    2.1370000000E+04    4.6716246388E-01
    2.1380000000E+04    4.6650358891E-01
    2.1390000000E+04    4.6531729775E-01
    2.1400000000E+04    4.6398880844E-01
    2.1410000000E+04    4.6304993479E-01
    2.1420000000E+04    4.6339384648E-01
    2.1430000000E+04    4.6319980594E-01
    2.1440000000E+04    4.6284698507E-01
    2.1450000000E+04    4.6178664571E-01
    2.1460000000E+04    4.6167266318E-01
    2.1470000000E+04    4.6177936044E-01
    2.1480000000E+04    4.6205471409E-01
    2.1490000000E+04    4.6328131475E-01
    2.1500000000E+04    4.6280984029E-01
    2.1510000000E+04    4.6185082794E-01
    2.1520000000E+04    4.6032812999E-01
    2.1530000000E+04    4.5945135329E-01
    2.1540000000E+04    4.5907915272E-01
    2.1550000000E+04    4.5916970080E-01
    2.1560000000E+04    4.5959314790E-01
    2.1570000000E+04    4.5858124956E-01
    2.1580000000E+04    4.5768506334E-01
    2.1590000000E+04    4.5789096588E-01
    2.1600000000E+04    4.5854557852E-01
    2.1610000000E+04    4.5858438028E-01
    2.1620000000E+04    4.5747901920E-01
    2.1630000000E+04    4.5731898347E-01
    2.1640000000E+04    4.5677119857E-01
    2.1650000000E+04    4.5522023582E-01
    2.1660000000E+04    4.5371954833E-01
    2.1670000000E+04    4.5375636622E-01
    2.1680000000E+04    4.5396823921E-01
    2.1690000000E+04    4.5298891320E-01
    2.1700000000E+04    4.5200341123E-01
    2.1710000000E+04    4.5135559337E-01
    2.1720000000E+04    4.5196827740E-01
    2.1730000000E+04    4.5165025580E-01
    2.1740000000E+04    4.5152169887E-01
    2.1750000000E+04    4.5060674722E-01
    2.1760000000E+04    4.4848179540E-01
    2.1770000000E+04    4.4598883792E-01
    2.1780000000E+04    4.4401892364E-01
    2.1790000000E+04    4.4230021580E-01
    2.1800000000E+04    4.4041704906E-01
    2.1810000000E+04    4.3899237876E-01
    2.1820000000E+04    4.3801691515E-01
    2.1830000000E+04    4.3675932486E-01
    2.1840000000E+04    4.3487685672E-01
    2.1850000000E+04    4.3152129201E-01
    2.1860000000E+04    4.2892388296E-01
    2.1870000000E+04    4.2589803483E-01
    2.1880000000E+04    4.2449262453E-01
    2.1890000000E+04    4.2174716676E-01
    2.1900000000E+04    4.2030993776E-01
    2.1910000000E+04    4.1700175679E-01
    2.1920000000E+04    4.1505475937E-01
    2.1930000000E+04    4.1229978194E-01
    2.1940000000E+04    4.0994890940E-01
    2.1950000000E+04    4.0656896914E-01
    2.1960000000E+04    4.0409924138E-01
    2.1970000000E+04    4.0167567823E-01
    2.1980000000E+04    3.9825858243E-01
    2.1990000000E+04    3.9453267421E-01
    2.2000000000E+04    3.9194837092E-01
    2.2010000000E+04    3.8857270165E-01
    2.2020000000E+04    3.8466899527E-01
    2.2030000000E+04    3.8030258457E-01
    2.2040000000E+04    3.7705709610E-01
    2.2050000000E+04    3.7462530926E-01
    2.2060000000E+04    3.7294513941E-01
    2.2070000000E+04    3.7097005947E-01
    2.2080000000E+04    3.6891875514E-01
    2.2090000000E+04    3.6612115799E-01
    2.2100000000E+04    3.6412222623E-01
    2.2110000000E+04    3.6287435011E-01
    2.2120000000E+04    3.6277401421E-01
    2.2130000000E+04    3.6278604234E-01
    2.2140000000E+04    3.6224967145E-01
    2.2150000000E+04    3.6127587983E-01
    2.2160000000E+04    3.6132877121E-01
    2.2170000000E+04    3.6222659554E-01
    2.2180000000E+04    3.6332837159E-01
    2.2190000000E+04    3.6387559535E-01
    2.2200000000E+04    3.6469536121E-01
    2.2210000000E+04    3.6589005535E-01
    2.2220000000E+04    3.6665643032E-01
    2.2230000000E+04    3.6903177069E-01
    2.2240000000E+04    3.7058729873E-01
    2.2250000000E+04    3.7166588436E-01
    2.2260000000E+04    3.7166149818E-01
    2.2270000000E+04    3.7194500364E-01
    2.2280000000E+04    3.7250527370E-01
    2.2290000000E+04    3.7359396263E-01
    2.2300000000E+04    3.7485529711E-01
    2.2310000000E+04    3.7542540727E-01
    2.2320000000E+04    3.7569428134E-01
    2.2330000000E+04    3.7644389277E-01
    2.2340000000E+04    3.7737763848E-01
    2.2350000000E+04    3.7805117698E-01
    2.2360000000E+04    3.7905530971E-01
    2.2370000000E+04    3.7932475357E-01
    2.2380000000E+04    3.7947032013E-01
    2.2390000000E+04    3.8042056811E-01
    2.2400000000E+04    3.8198434489E-01
    2.2410000000E+04    3.8158149309E-01
    2.2420000000E+04    3.8025939985E-01
    2.2430000000E+04    3.7963828560E-01
    2.2440000000E+04    3.8070851210E-01
    2.2450000000E+04    3.8220331935E-01
    2.2460000000E+04    3.8332266739E-01
    2.2470000000E+04    3.8340032594E-01
    2.2480000000E+04    3.8225604272E-01
    2.2490000000E+04    3.8186478846E-01
    2.2500000000E+04    3.8213431084E-01
    2.2510000000E+04    3.8365927570E-01
    2.2520000000E+04    3.8345871038E-01
    2.2530000000E+04    3.8288775934E-01
    2.2540000000E+04    3.8250182602E-01
    2.2550000000E+04    3.8296037010E-01
    2.2560000000E+04    3.8380038731E-01
    2.2570000000E+04    3.8407260970E-01
    2.2580000000E+04    3.8390003771E-01
    2.2590000000E+04    3.8371916781E-01
    2.2600000000E+04    3.8398443125E-01
    2.2610000000E+04    3.8401072570E-01
    2.2620000000E+04    3.8473724822E-01
    2.2630000000E+04    3.8482449706E-01
    2.2640000000E+04    3.8429133633E-01
    2.2650000000E+04    3.8377625984E-01
    2.2660000000E+04    3.8511659683E-01
    2.2670000000E+04    3.8610248293E-01
    2.2680000000E+04    3.8702174873E-01
    2.2690000000E+04    3.8840625449E-01
    2.2700000000E+04    3.9073856645E-01
    2.2710000000E+04    3.9325436482E-01
    2.2720000000E+04    3.9592125035E-01
    2.2730000000E+04    3.9761694286E-01
    2.2740000000E+04    3.9882687903E-01
    2.2750000000E+04    3.9964683668E-01
    2.2760000000E+04    4.0057496356E-01
    2.2770000000E+04    4.0166599980E-01
    2.2780000000E+04    4.0235714026E-01
    2.2790000000E+04    4.0298747781E-01
    2.2800000000E+04    4.0310084737E-01
    2.2810000000E+04    4.0357261269E-01
    2.2820000000E+04    4.0533131264E-01
    2.2830000000E+04    4.0758757759E-01
    2.2840000000E+04    4.0946411343E-01
    2.2850000000E+04    4.0974658713E-01
    2.2860000000E+04    4.0999728510E-01
    2.2870000000E+04    4.1071869435E-01
    2.2880000000E+04    4.1218552507E-01
    2.2890000000E+04    4.1325955957E-01
    2.2900000000E+04    4.1404623327E-01
    2.2910000000E+04    4.1408420153E-01
    2.2920000000E+04    4.1394032615E-01
    2.2930000000E+04    4.1467111753E-01
    2.2940000000E+04    4.1679556326E-01
    2.2950000000E+04    4.1835542673E-01
    2.2960000000E+04    4.1844385235E-01
    2.2970000000E+04    4.1819753190E-01
    2.2980000000E+04    4.1817119879E-01
    2.2990000000E+04    4.1975683644E-01
    2.3000000000E+04    4.2075801856E-01
    2.3010000000E+04    4.2049550224E-01
    2.3020000000E+04    4.1934523306E-01
    2.3030000000E+04    4.1870299861E-01
    2.3040000000E+04    4.1919157162E-01
    2.3050000000E+04    4.1955528047E-01
    2.3060000000E+04    4.1923371716E-01
    2.3070000000E+04    4.1815569113E-01
    2.3080000000E+04    4.1741979944E-01
    2.3090000000E+04    4.1716878170E-01
    2.3100000000E+04    4.1645524257E-01
    2.3110000000E+04    4.1488967798E-01
    2.3120000000E+04    4.1236028709E-01
    2.3130000000E+04    4.0836969285E-01
    2.3140000000E+04    4.0387013463E-01
    2.3150000000E+04    3.9892497455E-01
    2.3160000000E+04    3.9514155448E-01
    2.3170000000E+04    3.9078611896E-01
    2.3180000000E+04    3.8493055119E-01
    2.3190000000E+04    3.7753975092E-01
    2.3200000000E+04    3.6943661177E-01
    2.3210000000E+04    3.6104805464E-01
    2.3220000000E+04    3.5282706785E-01
    2.3230000000E+04    3.4395745370E-01
    2.3240000000E+04    3.3338650760E-01
    2.3250000000E+04    3.2231649320E-01
    2.3260000000E+04    3.1179310000E-01
    2.3270000000E+04    3.0128007611E-01
    2.3280000000E+04    2.9126590792E-01
    2.3290000000E+04    2.8082696306E-01
    2.3300000000E+04    2.7026856515E-01
    2.3310000000E+04    2.5899696554E-01
    2.3320000000E+04    2.4897797498E-01
    2.3330000000E+04    2.3910698971E-01
    2.3340000000E+04    2.2879323514E-01
    2.3350000000E+04    2.1778846598E-01
    2.3360000000E+04    2.0717312988E-01
    2.3370000000E+04    1.9770190031E-01
    2.3380000000E+04    1.8910971199E-01
    2.3390000000E+04    1.8142152333E-01
    2.3400000000E+04    1.7457405463E-01
    2.3410000000E+04    1.6880096167E-01
    2.3420000000E+04    1.6426159955E-01
    2.3430000000E+04    1.6070878513E-01
    2.3440000000E+04    1.5825047200E-01
    2.3450000000E+04    1.5623196907E-01
    2.3460000000E+04    1.5494022922E-01
    2.3470000000E+04    1.5401907681E-01
    2.3480000000E+04    1.5376734470E-01
    2.3490000000E+04    1.5351054186E-01
    2.3500000000E+04    1.5281909334E-01
    2.3510000000E+04    1.5182169515E-01
    2.3520000000E+04    1.5025495900E-01
    2.3530000000E+04    1.4855785116E-01
    2.3540000000E+04    1.4623369375E-01
    2.3550000000E+04    1.4353241854E-01
    2.3560000000E+04    1.4005666738E-01
    2.3570000000E+04    1.3572278722E-01
    2.3580000000E+04    1.3083507067E-01
    2.3590000000E+04    1.2532703340E-01
    2.3600000000E+04    1.1944326162E-01
    2.3610000000E+04    1.1265320002E-01
    2.3620000000E+04    1.0528139046E-01
    2.3630000000E+04    9.7206633939E-02
    2.3640000000E+04    8.9130442489E-02
    2.3650000000E+04    8.1066204683E-02
    2.3660000000E+04    7.2964193272E-02
    2.3670000000E+04    6.4928940559E-02
    2.3680000000E+04    5.7027862967E-02
    2.3690000000E+04    4.9526114636E-02
    2.3700000000E+04    4.2612781067E-02
    2.3710000000E+04    3.6411439105E-02
    2.3720000000E+04    3.0924679981E-02
    2.3730000000E+04    2.6115312594E-02
    2.3740000000E+04    2.2110955201E-02
    2.3750000000E+04    2.1707567257E-02
    2.3760000000E+04    2.1010862678E-02
    2.3770000000E+04    2.0332290430E-02
    2.3780000000E+04    1.9717161748E-02
    2.3790000000E+04    1.9142751322E-02
    2.3800000000E+04    1.8609605544E-02
    2.3810000000E+04    1.6406954731E-02
    2.3820000000E+04    1.4511165824E-02
    2.3830000000E+04    1.2863053198E-02
    2.3840000000E+04    1.1380927966E-02
    2.3850000000E+04    1.0191489507E-02
    2.3860000000E+04    9.1407648270E-03
    2.3870000000E+04    8.2224142675E-03
    2.3880000000E+04    7.4042675726E-03
    2.3890000000E+04    6.6375248620E-03
    2.3900000000E+04    5.9522230677E-03
    2.3910000000E+04    5.3454647460E-03
    2.3920000000E+04    4.8116918337E-03
    2.3930000000E+04    4.3292962590E-03
    2.3940000000E+04    3.8814331640E-03
    2.3950000000E+04    3.4639147995E-03
    2.3960000000E+04    3.0934283342E-03
    2.3970000000E+04    2.7729922425E-03
    2.3980000000E+04    2.4889181282E-03
    2.3990000000E+04    2.2293136312E-03
    2.4000000000E+04    1.9914250189E-03
    2.4010000000E+04    1.7743042198E-03
    2.4020000000E+04    1.5815307015E-03
    2.4030000000E+04    1.4092563220E-03
    2.4040000000E+04    1.2555421361E-03
    2.4050000000E+04    1.1125561898E-03
    2.4060000000E+04    9.8527673804E-04
    2.4070000000E+04    8.7223125408E-04
    2.4080000000E+04    7.7343328063E-04
    2.4090000000E+04    6.8469250539E-04
    2.4100000000E+04    6.0532508951E-04
    2.4110000000E+04    5.3328143530E-04
    2.4120000000E+04    4.6861439839E-04
    2.4130000000E+04    4.1207621838E-04
    2.4140000000E+04    3.6289893726E-04
    2.4150000000E+04    3.1965667393E-04
    2.4160000000E+04    2.8113860188E-04
    2.4170000000E+04    2.4642701288E-04
    2.4180000000E+04    2.1581661712E-04
    2.4190000000E+04    1.8875583891E-04
    2.4200000000E+04    1.6515500719E-04
    2.4210000000E+04    1.4442471938E-04
    2.4220000000E+04    1.2631811878E-04
    2.4230000000E+04    1.1023130174E-04
    2.4240000000E+04    9.6200790782E-05
    2.4250000000E+04    8.4195674701E-05
    2.4260000000E+04    7.3573637086E-05
    2.4270000000E+04    6.4138035955E-05
    2.4280000000E+04    5.5696982562E-05
    2.4290000000E+04    4.8373251786E-05
    2.4300000000E+04    4.2054382827E-05
    2.4310000000E+04    3.6550249851E-05
    2.4320000000E+04    3.1794809354E-05
    2.4330000000E+04    2.7569804764E-05
    2.4340000000E+04    2.3895077659E-05
    2.4350000000E+04    2.0692135415E-05
    2.4360000000E+04    1.7904831044E-05
    2.4370000000E+04    1.5470790880E-05
    2.4380000000E+04    1.3335101973E-05
    2.4390000000E+04    1.1469658095E-05
    2.4400000000E+04    9.8255561347E-06
    2.4410000000E+04    8.4267007795E-06
    2.4420000000E+04    7.2034500148E-06
    2.4430000000E+04    6.1368889222E-06
    2.4440000000E+04    5.1927837717E-06
    2.4450000000E+04    4.3694273987E-06
    2.4460000000E+04    3.6606832042E-06
    2.4470000000E+04    3.0519393519E-06
    2.4480000000E+04    2.5307446370E-06
    2.4490000000E+04    2.0743636295E-06
    2.4500000000E+04    2.0249467876E-06
    2.4510000000E+04    1.9596077710E-06
    2.4520000000E+04    1.8884232833E-06
    2.4530000000E+04    1.8097180086E-06
    2.4540000000E+04    1.7250654399E-06
    2.4550000000E+04    1.6373729674E-06
    2.4560000000E+04    1.5495945335E-06
    2.4570000000E+04    1.4644395656E-06
    2.4580000000E+04    1.3836578190E-06
    2.4590000000E+04    1.3030182943E-06
    2.4600000000E+04    1.2225152176E-06
    2.4610000000E+04    1.1413867930E-06
    2.4620000000E+04    1.0653266696E-06
    2.4630000000E+04    9.9511068778E-07
    2.4640000000E+04    9.3011821575E-07
    2.4650000000E+04    8.6616263309E-07
    2.4660000000E+04    8.0380667407E-07
    2.4670000000E+04    7.4539539225E-07
    2.4680000000E+04    6.9048507341E-07
    2.4690000000E+04    6.1525873899E-07
    2.4700000000E+04    5.7089395603E-07
    2.4710000000E+04    5.0875160796E-07
    2.4720000000E+04    4.7083418223E-07
    2.4730000000E+04    4.1970877231E-07
    2.4740000000E+04    3.9002576815E-07
    2.4750000000E+04    3.4761356091E-07
    2.4760000000E+04    3.2110184703E-07
    2.4770000000E+04    2.8570689305E-07
    2.4780000000E+04    2.6390087244E-07
    2.4790000000E+04    2.3495485630E-07
    2.4800000000E+04    2.0929427791E-07
    2.4810000000E+04    1.9387641872E-07
    2.4820000000E+04    1.7318596469E-07
    2.4830000000E+04    1.5449449398E-07
    2.4840000000E+04    1.3762696423E-07
    2.4850000000E+04    1.2737882810E-07
    2.4860000000E+04    1.1379350516E-07
    2.4870000000E+04    1.0154027703E-07
    2.4880000000E+04    9.0541179438E-08
    2.4890000000E+04    8.3759580174E-08
    2.4900000000E+04    7.4793311789E-08
    2.4910000000E+04    6.6891973050E-08
    2.4920000000E+04    5.9784123588E-08
    2.4930000000E+04    5.3339526490E-08
    2.4940000000E+04    4.7492788795E-08
    2.4950000000E+04    4.2408956766E-08
    2.4960000000E+04    3.7871487339E-08
    2.4970000000E+04    3.3893319265E-08
    2.4980000000E+04    3.0288320178E-08
    2.4990000000E+04    2.7039292096E-08
    2.5000000000E+04    2.4100528479E-08
    2.5010000000E+04    2.1481427636E-08
    2.5020000000E+04    1.9182093613E-08
    2.5030000000E+04    1.7093891971E-08
    2.5040000000E+04    1.5222926140E-08
    2.5050000000E+04    1.3585825938E-08
    2.5060000000E+04    1.2170473500E-08
    2.5070000000E+04    1.0916277774E-08
    2.5080000000E+04    9.7594316284E-09
    2.5090000000E+04    8.7182906903E-09
    2.5100000000E+04    7.7788400297E-09
    2.5110000000E+04    6.9614154527E-09
    2.5120000000E+04    6.2398876640E-09
    2.5130000000E+04    5.5976185571E-09
    2.5140000000E+04    5.0125889580E-09
    2.5150000000E+04    4.4858332550E-09
    2.5160000000E+04    4.0203785102E-09
    2.5170000000E+04    3.6069006263E-09
    2.5180000000E+04    3.2358305140E-09
    2.5190000000E+04    2.8984772641E-09
    2.5200000000E+04    2.5978839050E-09
    2.5210000000E+04    2.3284503283E-09
    2.5220000000E+04    2.0914150650E-09
    2.5230000000E+04    1.8773975854E-09
    2.5240000000E+04    1.6869022151E-09
    2.5250000000E+04    1.5125625581E-09
    2.5260000000E+04    1.3574167574E-09
    2.5270000000E+04    1.2199918956E-09
    2.5280000000E+04    1.0992371253E-09
    2.5290000000E+04    9.9253429061E-10
    2.5300000000E+04    8.9462459165E-10
    2.5310000000E+04    8.0297006942E-10
    2.5320000000E+04    7.2161436019E-10
    2.5330000000E+04    6.5021843232E-10
    2.5340000000E+04    5.8675445058E-10
    2.5350000000E+04    5.2855018339E-10
    2.5360000000E+04    4.7649876085E-10
    2.5370000000E+04    4.2865813564E-10
    2.5380000000E+04    3.8630156098E-10
    2.5390000000E+04    3.4822951752E-10
    2.5400000000E+04    3.1450357016E-10
    2.5410000000E+04    2.8351647541E-10
    2.5420000000E+04    2.5579682912E-10
    2.5430000000E+04    2.3035941300E-10
    2.5440000000E+04    2.0774326730E-10
    2.5450000000E+04    1.8713014747E-10
    2.5460000000E+04    1.6824519728E-10
    2.5470000000E+04    1.5101720415E-10
    2.5480000000E+04    1.3593065244E-10
    2.5490000000E+04    1.2276270602E-10
    2.5500000000E+04    1.1097767630E-10
    2.5510000000E+04    9.9112749130E-11
    2.5520000000E+04    8.8564602889E-11
    2.5530000000E+04    7.9169987184E-11
    2.5540000000E+04    7.0689332332E-11
    2.5550000000E+04    6.3025107235E-11
    2.5560000000E+04    5.6175413183E-11
    2.5570000000E+04    5.0035287546E-11
    2.5580000000E+04    4.4620950044E-11
    2.5590000000E+04    3.9949429634E-11
    2.5600000000E+04    3.5766504002E-11
    2.5610000000E+04    3.1874120251E-11
    2.5620000000E+04    2.8327176501E-11
    2.5630000000E+04    2.5178460063E-11
    2.5640000000E+04    2.2449286573E-11
    2.5650000000E+04    2.0036189724E-11
    2.5660000000E+04    1.7850741581E-11
    2.5670000000E+04    1.5904010747E-11
    2.5680000000E+04    1.4184921503E-11
    2.5690000000E+04    1.2636193683E-11
    2.5700000000E+04    1.1231447738E-11
    2.5710000000E+04    9.9348311374E-12
    2.5720000000E+04    8.8291866792E-12
    2.5730000000E+04    7.8652140297E-12
    2.5740000000E+04    7.0268184238E-12
    2.5750000000E+04    6.2549975339E-12
    2.5760000000E+04    5.5751636753E-12
    2.5770000000E+04    4.9615873997E-12
    2.5780000000E+04    4.4095188758E-12
    2.5790000000E+04    3.9242462273E-12
    2.5800000000E+04    3.4811500061E-12
    2.5810000000E+04    3.0867289203E-12
    2.5820000000E+04    2.7420433428E-12
    2.5830000000E+04    2.3942976130E-12
    2.5840000000E+04    2.0832456582E-12
    2.5850000000E+04    1.8159533413E-12
    2.5860000000E+04    1.5794270129E-12
    2.5870000000E+04    1.3649480253E-12
    2.5880000000E+04    1.1710562361E-12
    2.5890000000E+04    1.0082581692E-12
    2.5900000000E+04    8.7066779064E-13
    2.5910000000E+04    7.5027846029E-13
    2.5920000000E+04    6.4161614909E-13
    2.5930000000E+04    5.4667070543E-13
    2.5940000000E+04    4.6334407041E-13
    2.5950000000E+04    3.8981679960E-13
    2.5960000000E+04    3.2659045136E-13
    2.5970000000E+04    2.7296826628E-13
    2.5980000000E+04    2.2700068605E-13
