###   Wavelength (A)        Transmission
    5.5040002441E+03    9.0053287467E-13
    5.5140002441E+03    7.4771660817E-13
    5.5240002441E+03    5.8617940968E-13
    5.5340002441E+03    3.5315416378E-13
    5.5440002441E+03    2.1485425460E-12
    5.5540002441E+03    1.5844190858E-12
    5.5640002441E+03    3.0035081116E-12
    5.5740002441E+03    1.2336458434E-12
    5.5840002441E+03    1.9711121612E-12
    5.5940002441E+03    5.0611825761E-13
    5.6040002441E+03    1.1706021114E-12
    5.6140002441E+03    9.4660214231E-13
    5.6240002441E+03    3.9187301480E-13
    5.6340002441E+03    4.3573123522E-13
    5.6440002441E+03    1.0256944962E-12
    5.6540002441E+03    7.6321603712E-13
    5.6640002441E+03    1.4654107658E-12
    5.6740002441E+03    1.6766849431E-12
    5.6840002441E+03    1.3532383503E-12
    5.6940002441E+03    9.4099313615E-13
    5.7040002441E+03    7.6308276709E-16
    5.7140002441E+03    8.3638266712E-16
    5.7240002441E+03    9.8409612106E-16
    5.7340002441E+03    3.2170275687E-13
    5.7440002441E+03    2.4749953282E-13
    5.7540002441E+03    2.4854449578E-13
    5.7640002441E+03    4.9482741969E-13
    5.7740002441E+03    1.7561174182E-15
    5.7840002441E+03    1.3544453148E-12
    5.7940002441E+03    1.9392277216E-15
    5.8040002441E+03    2.5162846753E-12
    5.8140002441E+03    5.4612095965E-12
    5.8240002441E+03    7.2599562166E-13
    5.8340002441E+03    1.4426420134E-12
    5.8440002441E+03    4.1489287418E-12
    5.8540002441E+03    5.5992336571E-12
    5.8640002441E+03    3.7654791869E-14
    5.8740002441E+03    4.1776720671E-12
    5.8840002441E+03    1.7416621886E-11
    5.8940002441E+03    1.5484009082E-12
    5.9040002441E+03    2.2338672930E-11
    5.9140002441E+03    6.7651828616E-12
    5.9240002441E+03    5.6060044028E-12
    5.9340002441E+03    1.9255737117E-12
    5.9440002441E+03    3.3330440723E-15
    5.9540002441E+03    3.1718569813E-15
    5.9640002441E+03    1.4277562613E-12
    5.9740002441E+03    2.9161995327E-12
    5.9840002441E+03    4.3189312533E-12
    5.9940002441E+03    3.5107795489E-15
    6.0040002441E+03    2.8328079518E-12
    6.0140002441E+03    3.6485200400E-12
    6.0240002441E+03    4.0988522738E-12
    6.0340002441E+03    4.4151519196E-12
    6.0440002441E+03    7.5966552454E-15
    6.0540002441E+03    3.4148941755E-12
    6.0640002441E+03    1.1722566936E-11
    6.0740002441E+03    6.4728134238E-12
    6.0840002441E+03    9.1494455868E-12
    6.0940002441E+03    6.7482955840E-12
    6.1040002441E+03    1.5944084571E-13
    6.1140002441E+03    6.9959757695E-12
    6.1240002441E+03    9.2912115053E-12
    6.1340002441E+03    9.0495669684E-12
    6.1440002441E+03    5.2271935339E-15
    6.1540002441E+03    4.1757970777E-12
    6.1640002441E+03    2.1091617187E-12
    6.1740002441E+03    8.2306975722E-13
    6.1840002441E+03    2.9640218157E-12
    6.1940002441E+03    1.6693119508E-12
    6.2040002441E+03    1.6988393490E-12
    6.2140002441E+03    3.4491535836E-12
    6.2240002441E+03    4.0923367297E-13
    6.2340002441E+03    4.3585233881E-15
    6.2440002441E+03    1.6720564032E-12
    6.2540002441E+03    6.0649080011E-15
    6.2640002441E+03    7.0489811632E-12
    6.2740002441E+03    1.0409581991E-14
    6.2840002441E+03    8.4317141590E-12
    6.2940002441E+03    2.2191807951E-14
    6.3040002441E+03    3.2281633810E-14
    6.3140002441E+03    1.9756522002E-11
    6.3240002441E+03    2.8413754536E-11
    6.3340002441E+03    2.4445605382E-11
    6.3440002441E+03    3.7442107020E-14
    6.3540002441E+03    2.9108072112E-14
    6.3640002441E+03    2.3181893436E-14
    6.3740002441E+03    1.5611197125E-11
    6.3840002441E+03    4.0222392540E-12
    6.3940002441E+03    2.2278167471E-11
    6.4040002441E+03    1.2642300807E-12
    6.4140002441E+03    1.4138589043E-12
    6.4240002441E+03    3.9374512207E-12
    6.4340002441E+03    1.6056567928E-11
    6.4440002441E+03    9.3507479769E-12
    6.4540002441E+03    4.2893327720E-12
    6.4640002441E+03    1.2104793450E-12
    6.4740002441E+03    2.1789364457E-11
    6.4840002441E+03    1.6797360242E-12
    6.4940002441E+03    3.1103810754E-12
    6.5040002441E+03    6.6092434012E-12
    6.5140002441E+03    9.1972358762E-12
    6.5240002441E+03    8.1290486030E-15
    6.5340002441E+03    5.8108638264E-12
    6.5440002441E+03    9.0526837272E-12
    6.5540002441E+03    4.6287012480E-12
    6.5640002441E+03    7.2076955132E-12
    6.5740002441E+03    1.1054305858E-14
    6.5840002441E+03    1.3163002064E-14
    6.5940002441E+03    4.1438953214E-11
    6.6040002441E+03    1.6920575859E-11
    6.6140002441E+03    8.1714532978E-12
    6.6240002441E+03    1.1256013428E-11
    6.6340002441E+03    3.2214561443E-11
    6.6440002441E+03    1.3928459134E-11
    6.6540002441E+03    9.0583021317E-12
    6.6640002441E+03    1.9102872900E-11
    6.6740002441E+03    7.3832333399E-12
    6.6840002441E+03    7.7303551675E-12
    6.6940002441E+03    1.1640747385E-11
    6.7040002441E+03    5.3765732197E-12
    6.7140002441E+03    7.7240799847E-12
    6.7240002441E+03    2.3989016332E-11
    6.7340002441E+03    5.8273779581E-12
    6.7440002441E+03    2.9899078331E-11
    6.7540002441E+03    2.6309371738E-11
    6.7640002441E+03    1.3048048380E-11
    6.7740002441E+03    1.5701748482E-11
    6.7840002441E+03    3.1894357463E-11
    6.7940002441E+03    1.8793116809E-11
    6.8040002441E+03    2.5417989465E-11
    6.8140002441E+03    2.9230194094E-11
    6.8240002441E+03    1.5924518732E-11
    6.8340002441E+03    2.4437679241E-11
    6.8440002441E+03    2.2877112129E-11
    6.8540002441E+03    2.2027434376E-11
    6.8640002441E+03    8.1931532674E-12
    6.8740002441E+03    4.2124587647E-11
    6.8840002441E+03    2.9855226724E-11
    6.8940002441E+03    2.1414252274E-11
    6.9040002441E+03    4.6421086725E-11
    6.9140002441E+03    4.2634353398E-11
    6.9240002441E+03    3.6580337904E-11
    6.9340002441E+03    6.3532640134E-11
    6.9440002441E+03    8.1689978396E-11
    6.9540002441E+03    4.5400529650E-11
    6.9640002441E+03    8.3938522203E-11
    6.9740002441E+03    8.5711016896E-11
    6.9840002441E+03    8.8775704971E-11
    6.9940002441E+03    9.3386477913E-11
    7.0040002441E+03    1.0649459674E-10
    7.0140002441E+03    1.1621732747E-10
    7.0240002441E+03    1.6359612819E-10
    7.0340002441E+03    1.7814878525E-10
    7.0440002441E+03    2.3608534101E-10
    7.0540002441E+03    3.7487663602E-10
    7.0640002441E+03    5.2327611748E-10
    7.0740002441E+03    8.6704529702E-10
    7.0840002441E+03    1.3321000574E-09
    7.0940002441E+03    2.0647336640E-09
    7.1040002441E+03    3.1845194572E-09
    7.1140002441E+03    4.3516075275E-09
    7.1240002441E+03    5.2336165804E-09
    7.1340002441E+03    6.1729946518E-09
    7.1440002441E+03    5.8746940673E-09
    7.1540002441E+03    6.4315624006E-09
    7.1640002441E+03    5.6594797295E-09
    7.1740002441E+03    4.5686045992E-09
    7.1840002441E+03    3.3950189579E-09
    7.1940002441E+03    2.3317154549E-09
    7.2040002441E+03    1.5496954792E-09
    7.2140002441E+03    1.0535902584E-09
    7.2240002441E+03    5.7649904405E-10
    7.2340002441E+03    3.1407452738E-10
    7.2440002441E+03    2.5288546053E-10
    7.2540002441E+03    1.5509491201E-10
    7.2640002441E+03    9.3257755294E-11
    7.2740002441E+03    7.7547963333E-11
    7.2840002441E+03    6.1497054205E-11
    7.2940002441E+03    1.9073614207E-11
    7.3040002441E+03    3.4674303189E-11
    7.3140002441E+03    2.6772264700E-11
    7.3240002441E+03    3.5404076301E-11
    7.3340002441E+03    2.6488370024E-11
    7.3440002441E+03    2.9743281815E-11
    7.3540002441E+03    3.0744490710E-11
    7.3640002441E+03    3.2850344823E-11
    7.3740002441E+03    2.7254263708E-11
    7.3840002441E+03    6.3318979852E-11
    7.3940002441E+03    8.6618810894E-11
    7.4040002441E+03    1.2166078711E-10
    7.4140002441E+03    1.5894616907E-10
    7.4240002441E+03    2.0939260100E-10
    7.4340002441E+03    3.9667894220E-10
    7.4440002441E+03    3.4649129527E-10
    7.4540002441E+03    3.1838731816E-10
    7.4640002441E+03    9.0835218192E-11
    7.4740002441E+03    2.6295651897E-10
    7.4840002441E+03    1.7761988126E-10
    7.4940002441E+03    3.2588464270E-10
    7.5040002441E+03    2.8657615557E-10
    7.5140002441E+03    1.2492724489E-10
    7.5240002441E+03    4.5496164351E-10
    7.5340002441E+03    3.2077734954E-10
    7.5440002441E+03    5.3635539414E-10
    7.5540002441E+03    1.4189130870E-09
    7.5640002441E+03    9.4908025744E-10
    7.5740002441E+03    3.0794337405E-10
    7.5840002441E+03    9.6745316067E-11
    7.5940002441E+03    8.2253029547E-11
    7.6040002441E+03    4.6185707353E-11
    7.6140002441E+03    2.7195297768E-11
    7.6240002441E+03    6.9097267169E-12
    7.6340002441E+03    2.5714309645E-11
    7.6440002441E+03    1.3466308586E-11
    7.6540002441E+03    4.2263807332E-12
    7.6640002441E+03    2.5663289591E-12
    7.6740002441E+03    4.2252402312E-12
    7.6840002441E+03    2.4460830037E-12
    7.6940002441E+03    2.9809272426E-12
    7.7040002441E+03    1.4848454436E-12
    7.7140002441E+03    1.6857960638E-12
    7.7240002441E+03    1.7250943695E-13
    7.7340002441E+03    1.5562888456E-12
    7.7440002441E+03    9.2871376562E-13
    7.7540002441E+03    3.0381742684E-12
    7.7640002441E+03    1.8012824776E-12
    7.7740002441E+03    2.8806736481E-12
    7.7840002441E+03    9.5395316581E-13
    7.7940002441E+03    3.5044328056E-12
    7.8040002441E+03    8.5586108662E-12
    7.8140002441E+03    6.1603905458E-12
    7.8240002441E+03    5.2325270374E-12
    7.8340002441E+03    2.9528305266E-12
    7.8440002441E+03    8.6067774107E-12
    7.8540002441E+03    4.3785702475E-12
    7.8640002441E+03    8.7612633740E-12
    7.8740002441E+03    1.1279894744E-11
    7.8840002441E+03    7.7447649248E-12
    7.8940002441E+03    1.8632786340E-11
    7.9040002441E+03    3.0914169290E-11
    7.9140002441E+03    1.5209524746E-11
    7.9240002441E+03    1.5380515470E-11
    7.9340002441E+03    3.3860814916E-11
    7.9440002441E+03    2.6169494083E-11
    7.9540002441E+03    2.4358810158E-11
    7.9640002441E+03    0.0000000000E+00
    7.9740002441E+03    2.5362441187E-11
    7.9840002441E+03    4.0050778869E-10
    7.9940002441E+03    3.9056486489E-10
    8.0040002441E+03    2.3489873029E-09
    8.0140002441E+03    2.1774656537E-09
    8.0240002441E+03    2.1489226344E-09
    8.0340002441E+03    2.4394383962E-09
    8.0440002441E+03    1.4520226036E-09
    8.0540002441E+03    2.0468347532E-10
    8.0640002441E+03    3.1204955661E-10
    8.0740002441E+03    1.2729167511E-09
    8.0840002441E+03    2.0284375145E-09
    8.0940002441E+03    1.3844884329E-09
    8.1040002441E+03    8.4572157819E-10
    8.1140002441E+03    1.1433399535E-09
    8.1240002441E+03    1.6280306201E-09
    8.1340002441E+03    2.1121597579E-09
    8.1440002441E+03    2.0735468634E-09
    8.1540002441E+03    1.5612328163E-09
    8.1640002441E+03    1.1300501511E-09
    8.1740002441E+03    1.1729491529E-09
    8.1840002441E+03    1.0641359290E-09
    8.1940002441E+03    1.2671810555E-09
    8.2040002441E+03    9.1090934936E-10
    8.2140002441E+03    9.4212168304E-10
    8.2240002441E+03    1.0809122678E-09
    8.2340002441E+03    1.6558768016E-10
    8.2440002441E+03    0.0000000000E+00
    8.2540002441E+03    4.3328042214E-10
    8.2640002441E+03    1.1760806599E-09
    8.2740002441E+03    8.9680090791E-10
    8.2840002441E+03    4.4418256816E-10
    8.2940002441E+03    2.1395236679E-10
    8.3040002441E+03    4.5564425519E-10
    8.3140002441E+03    1.3289343698E-09
    8.3240002441E+03    1.1232116251E-09
    8.3340002441E+03    4.3911961432E-10
    8.3440002441E+03    9.0359865959E-10
    8.3540002441E+03    9.7838452892E-10
    8.3640002441E+03    5.8384535173E-10
    8.3740002441E+03    1.0235469578E-09
    8.3840002441E+03    1.1779987877E-09
    8.3940002441E+03    4.9839559097E-10
    8.4040002441E+03    2.8149168700E-10
    8.4140002441E+03    1.8101665333E-10
    8.4240002441E+03    6.3471323705E-10
    8.4340002441E+03    8.8593266471E-10
    8.4440002441E+03    3.0440087500E-10
    8.4540002441E+03    3.2962884080E-10
    8.4640002441E+03    3.7124295523E-10
    8.4740002441E+03    6.0490549662E-10
    8.4840002441E+03    7.4011900639E-10
    8.4940002441E+03    4.6343023589E-10
    8.5040002441E+03    5.1028408250E-10
    8.5140002441E+03    6.2538255299E-10
    8.5240002441E+03    9.7239127179E-10
    8.5340002441E+03    1.0091014955E-09
    8.5440002441E+03    7.5484586432E-10
    8.5540002441E+03    5.8786585521E-10
    8.5640002441E+03    3.6318812376E-10
    8.5740002441E+03    3.0949094810E-10
    8.5840002441E+03    7.3611431583E-10
    8.5940002441E+03    5.6900279043E-10
    8.6040002441E+03    7.9067252784E-10
    8.6140002441E+03    5.4420607074E-10
    8.6240002441E+03    2.0821213796E-10
    8.6340002441E+03    4.9557621112E-10
    8.6440002441E+03    1.0116277632E-09
    8.6540002441E+03    7.1508811139E-10
    8.6640002441E+03    6.4199614161E-10
    8.6740002441E+03    5.7584662383E-10
    8.6840002441E+03    6.8098246033E-10
    8.6940002441E+03    1.0214643234E-09
    8.7040002441E+03    8.8226980043E-10
    8.7140002441E+03    9.1208171854E-10
    8.7240002441E+03    9.9313969040E-10
    8.7340002441E+03    1.0361126161E-09
    8.7440002441E+03    8.8732732390E-10
    8.7540002441E+03    9.0693529694E-10
    8.7640002441E+03    1.1945249743E-09
    8.7740002441E+03    1.1120116914E-09
    8.7840002441E+03    1.0112647237E-09
    8.7940002441E+03    1.1549479231E-09
    8.8040002441E+03    7.6999780526E-10
    8.8140002441E+03    6.8929820488E-10
    8.8240002441E+03    7.7836103190E-10
    8.8340002441E+03    8.9679858923E-10
    8.8440002441E+03    7.6412276413E-10
    8.8540002441E+03    5.4165171532E-10
    8.8640002441E+03    6.4715211345E-10
    8.8740002441E+03    7.4941174849E-10
    8.8840002441E+03    6.4836559871E-10
    8.8940002441E+03    6.9848962856E-10
    8.9040002441E+03    8.6994151496E-10
    8.9140002441E+03    8.0703858481E-10
    8.9240002441E+03    1.0115728163E-09
    8.9340002441E+03    8.7285152835E-10
    8.9440002441E+03    1.2824835714E-09
    8.9540002441E+03    9.6617769155E-10
    8.9640002441E+03    1.1860108353E-09
    8.9740002441E+03    1.3449041617E-09
    8.9840002441E+03    1.2742427840E-09
    8.9940002441E+03    1.0677530835E-09
    9.0040002441E+03    1.2772465755E-09
    9.0140002441E+03    1.4318828379E-09
    9.0240002441E+03    1.5829965684E-09
    9.0340002441E+03    1.3773456106E-09
    9.0440002441E+03    8.2847795037E-10
    9.0540002441E+03    1.1899377227E-09
    9.0640002441E+03    8.7653111996E-10
    9.0740002441E+03    8.1384243017E-10
    9.0840002441E+03    1.0052601612E-09
    9.0940002441E+03    1.1647178678E-09
    9.1040002441E+03    1.1147764082E-09
    9.1140002441E+03    8.0971653453E-10
    9.1240002441E+03    8.8755272498E-10
    9.1340002441E+03    1.1228035255E-09
    9.1440002441E+03    9.6760308547E-10
    9.1540002441E+03    6.6508846227E-10
    9.1640002441E+03    5.3489163563E-10
    9.1740002441E+03    3.0312965382E-10
    9.1840002441E+03    3.4564898728E-10
    9.1940002441E+03    4.9073873614E-10
    9.2040002441E+03    3.8170525854E-10
    9.2140002441E+03    2.5896534841E-10
    9.2240002441E+03    3.8314886413E-10
    9.2340002441E+03    4.5961322423E-10
    9.2440002441E+03    5.1272707751E-10
    9.2540002441E+03    5.3673508171E-10
    9.2640002441E+03    6.4561110895E-10
    9.2740002441E+03    6.4896116605E-10
    9.2840002441E+03    7.1462896291E-10
    9.2940002441E+03    1.3264475151E-09
    9.3040002441E+03    1.5428501963E-09
    9.3140002441E+03    2.0734910355E-09
    9.3240002441E+03    2.5505839422E-09
    9.3340002441E+03    2.6667747113E-09
    9.3440002441E+03    2.8452582751E-09
    9.3540002441E+03    2.8340197357E-09
    9.3640002441E+03    2.2269101920E-09
    9.3740002441E+03    1.9745634627E-09
    9.3840002441E+03    1.8176183386E-09
    9.3940002441E+03    1.8482525375E-09
    9.4040002441E+03    1.3727878301E-09
    9.4140002441E+03    6.9732005230E-10
    9.4240002441E+03    4.1701784383E-10
    9.4340002441E+03    4.8285220770E-10
    9.4440002441E+03    8.4273711555E-10
    9.4540002441E+03    9.3842210128E-10
    9.4640002441E+03    4.6220132166E-10
    9.4740002441E+03    9.5516976727E-10
    9.4840002441E+03    7.7427841834E-10
    9.4940002441E+03    4.2979011325E-10
    9.5040002441E+03    1.0843661405E-09
    9.5140002441E+03    1.0165757318E-09
    9.5240002441E+03    7.3924367123E-10
    9.5340002441E+03    6.7870516981E-10
    9.5440002441E+03    8.9245412708E-10
    9.5540002441E+03    1.0264965304E-09
    9.5640002441E+03    1.0243273512E-09
    9.5740002441E+03    1.0200809738E-09
    9.5840002441E+03    9.0321636126E-10
    9.5940002441E+03    8.5501348540E-10
    9.6040002441E+03    7.5257672571E-10
    9.6140002441E+03    9.8814321704E-10
    9.6240002441E+03    7.7745600453E-10
    9.6340002441E+03    7.7586830233E-10
    9.6440002441E+03    9.3967430705E-10
    9.6540002441E+03    9.9769923088E-10
    9.6640002441E+03    8.9545417257E-10
    9.6740002441E+03    1.1724977934E-09
    9.6840002441E+03    1.0827034678E-09
    9.6940002441E+03    9.2101590542E-10
    9.7040002441E+03    1.3429807884E-09
    9.7140002441E+03    6.6929723072E-10
    9.7240002441E+03    3.1434410183E-09
    9.7340002441E+03    1.8947014080E-09
    9.7440002441E+03    2.8758629182E-09
    9.7540002441E+03    3.8373370562E-09
    9.7640002441E+03    5.5164692615E-09
    9.7740002441E+03    6.6258270212E-09
    9.7840002441E+03    7.9608020303E-09
    9.7940002441E+03    8.4129456549E-09
    9.8040002441E+03    9.6210627006E-09
    9.8140002441E+03    2.0344696911E-08
    9.8240002441E+03    1.9390154189E-08
    9.8340002441E+03    2.4496117247E-08
    9.8440002441E+03    2.7537092775E-08
    9.8540002441E+03    3.9591806898E-08
    9.8640002441E+03    5.0573654752E-08
    9.8740002441E+03    5.0207852426E-08
    9.8840002441E+03    7.1652416782E-08
    9.8940002441E+03    7.4034857830E-08
    9.9040002441E+03    8.7607339256E-08
    9.9140002441E+03    9.3962872242E-08
    9.9240002441E+03    1.3106873025E-07
    9.9340002441E+03    1.1962287670E-07
    9.9440002441E+03    1.3752918888E-07
    9.9540002441E+03    1.1409547518E-07
    9.9640002441E+03    1.4801982698E-07
    9.9740002441E+03    1.7845268021E-07
    9.9840002441E+03    9.9807361109E-08
    9.9940002441E+03    1.5817605896E-07
    1.0004000244E+04    1.7590198784E-07
    1.0014000244E+04    3.0768990870E-07
    1.0024000244E+04    6.9181363965E-07
    1.0034000244E+04    2.5846488818E-07
    1.0044000244E+04    6.3559817626E-07
    1.0054000244E+04    4.7472624000E-07
    1.0064000244E+04    4.2139472406E-07
    1.0074000244E+04    6.2440961032E-07
    1.0084000244E+04    3.1762181611E-07
    1.0094000244E+04    1.1182557850E-06
    1.0104000244E+04    1.0537794838E-06
    1.0114000244E+04    4.5871101598E-07
    1.0124000244E+04    7.4477929625E-07
    1.0134000244E+04    2.6056244269E-07
    1.0144000244E+04    2.2923877461E-07
    1.0154000244E+04    2.9896961702E-07
    1.0164000244E+04    6.2314684691E-07
    1.0174000244E+04    7.4296292573E-07
    1.0184000244E+04    6.4439206545E-07
    1.0194000244E+04    7.3382649823E-08
    1.0204000244E+04    6.3825559663E-07
    1.0214000244E+04    8.9934705966E-07
    1.0224000244E+04    1.3701920987E-06
    1.0234000244E+04    2.1565343993E-07
    1.0244000244E+04    8.3414401718E-07
    1.0254000244E+04    5.3436827151E-07
    1.0264000244E+04    1.4815533022E-07
    1.0274000244E+04    5.9935655962E-07
    1.0284000244E+04    1.6267566366E-07
    1.0294000244E+04    7.4874797385E-07
    1.0304000244E+04    5.4875249479E-07
    1.0314000244E+04    3.1529078383E-07
    1.0324000244E+04    6.9904823893E-07
    1.0334000244E+04    3.5810152066E-07
    1.0344000244E+04    3.7897953715E-07
    1.0354000244E+04    7.8511317087E-07
    1.0364000244E+04    1.1674754936E-06
    1.0374000244E+04    5.7203959425E-07
    1.0384000244E+04    3.8682344941E-07
    1.0394000244E+04    5.3468641694E-07
    1.0404000244E+04    3.1103723780E-11
    1.0414000244E+04    1.7857406418E-06
    1.0424000244E+04    8.8906364480E-07
    1.0434000244E+04    9.2861457165E-07
    1.0444000244E+04    6.8985441866E-07
    1.0454000244E+04    3.7635891442E-07
    1.0464000244E+04    6.5079339815E-07
    1.0474000244E+04    4.8809759893E-07
    1.0484000244E+04    8.3125012387E-07
    1.0494000244E+04    1.6220769054E-07
    1.0504000244E+04    5.0807170734E-07
    1.0514000244E+04    1.2794557463E-06
    1.0524000244E+04    1.5330652361E-08
    1.0534000244E+04    1.3542540700E-06
    1.0544000244E+04    9.7049395297E-07
    1.0554000244E+04    3.1700778509E-11
    1.0564000244E+04    7.6616263573E-07
    1.0574000244E+04    1.8199218186E-07
    1.0584000244E+04    2.4787511865E-07
    1.0594000244E+04    6.9899426879E-07
    1.0604000244E+04    3.2876938702E-07
    1.0614000244E+04    3.3898695816E-08
    1.0624000244E+04    6.0165956591E-07
    1.0634000244E+04    4.2072755110E-07
    1.0644000244E+04    1.0970876506E-06
    1.0654000244E+04    3.5154522187E-07
    1.0664000244E+04    5.8388240495E-07
    1.0674000244E+04    3.1842928507E-11
    1.0684000244E+04    7.5783348555E-07
    1.0694000244E+04    3.8165993767E-07
    1.0704000244E+04    3.1849305525E-11
    1.0714000244E+04    9.2220681314E-07
    1.0724000244E+04    3.1862248401E-11
    1.0734000244E+04    3.9997748255E-07
    1.0744000244E+04    1.1989631699E-06
    1.0754000244E+04    1.0386628299E-06
    1.0764000244E+04    2.2518175514E-07
    1.0774000244E+04    8.9329206846E-07
    1.0784000244E+04    7.3874118194E-07
    1.0794000244E+04    8.6580553837E-07
    1.0804000244E+04    7.3005470483E-07
    1.0814000244E+04    2.3350835970E-07
    1.0824000244E+04    7.7794512723E-07
    1.0834000244E+04    4.6671439276E-08
    1.0844000244E+04    2.4403597580E-07
    1.0854000244E+04    7.6949172036E-07
    1.0864000244E+04    4.6810215967E-07
    1.0874000244E+04    1.0359184021E-06
    1.0884000244E+04    6.0385154081E-07
    1.0894000244E+04    3.4259264147E-07
    1.0904000244E+04    2.4504511648E-07
    1.0914000244E+04    4.1163228766E-07
    1.0924000244E+04    7.2452958827E-07
    1.0934000244E+04    2.7696081740E-07
    1.0944000244E+04    1.5717936479E-07
    1.0954000244E+04    7.5451056748E-07
    1.0964000244E+04    4.5608708275E-07
    1.0974000244E+04    2.8114941611E-07
    1.0984000244E+04    6.0752562401E-07
    1.0994000244E+04    2.7398150274E-07
    1.1004000244E+04    4.3652323010E-07
    1.1014000244E+04    3.2744277337E-07
    1.1024000244E+04    3.4205063223E-11
    1.1034000244E+04    6.1954811575E-07
    1.1044000244E+04    1.2975410317E-07
    1.1054000244E+04    1.5006555069E-06
    1.1064000244E+04    1.7502692014E-07
    1.1074000244E+04    3.8338920215E-07
    1.1084000244E+04    8.5776136950E-08
    1.1094000244E+04    1.7159307777E-07
    1.1104000244E+04    2.0389442982E-07
    1.1114000244E+04    7.2530110018E-07
    1.1124000244E+04    4.7291254529E-07
    1.1134000244E+04    1.4173012950E-07
    1.1144000244E+04    8.4974661079E-07
    1.1154000244E+04    6.7522164116E-07
    1.1164000244E+04    3.4601508358E-11
    1.1174000244E+04    2.5227933679E-07
    1.1184000244E+04    2.7664562794E-07
    1.1194000244E+04    1.4677654204E-06
    1.1204000244E+04    6.8041947545E-08
    1.1214000244E+04    2.3064888917E-07
    1.1224000244E+04    9.8032196814E-07
    1.1234000244E+04    2.2936383102E-08
    1.1244000244E+04    9.2023501263E-07
    1.1254000244E+04    2.7657877700E-07
    1.1264000244E+04    7.2426525197E-07
    1.1274000244E+04    2.9580707185E-07
    1.1284000244E+04    4.0468552775E-07
    1.1294000244E+04    8.3537032228E-07
    1.1304000244E+04    7.9070309716E-07
    1.1314000244E+04    3.4634025012E-11
    1.1324000244E+04    5.2633707048E-07
    1.1334000244E+04    9.0740966328E-07
    1.1344000244E+04    8.1620252204E-07
    1.1354000244E+04    3.0901195067E-07
    1.1364000244E+04    8.7555364934E-07
    1.1374000244E+04    3.4756569931E-11
    1.1384000244E+04    4.6552596367E-07
    1.1394000244E+04    4.8196477849E-07
    1.1404000244E+04    6.8122107908E-07
    1.1414000244E+04    8.7360350219E-08
    1.1424000244E+04    3.1964382537E-07
    1.1434000244E+04    3.5363672428E-11
    1.1444000244E+04    1.0289051684E-06
    1.1454000244E+04    9.7001658039E-07
    1.1464000244E+04    3.5482863159E-11
    1.1474000244E+04    7.7894150105E-07
    1.1484000244E+04    5.9219749083E-07
    1.1494000244E+04    7.3043696925E-08
    1.1504000244E+04    6.0958398241E-07
    1.1514000244E+04    1.9279329080E-07
    1.1524000244E+04    3.0363190151E-07
    1.1534000244E+04    3.5961007064E-11
    1.1544000244E+04    3.1577305761E-07
    1.1554000244E+04    3.6073400726E-11
    1.1564000244E+04    7.1711149299E-07
    1.1574000244E+04    1.2587006528E-07
    1.1584000244E+04    5.0412372034E-07
    1.1594000244E+04    1.7162563362E-07
    1.1604000244E+04    1.0331045919E-07
    1.1614000244E+04    1.6870229913E-07
    1.1624000244E+04    3.8002084986E-07
    1.1634000244E+04    3.6093829967E-07
    1.1644000244E+04    7.0334386543E-09
    1.1654000244E+04    5.6479268418E-07
    1.1664000244E+04    4.8274710361E-07
    1.1674000244E+04    1.1391420638E-06
    1.1684000244E+04    2.3936480365E-08
    1.1694000244E+04    4.8671541172E-07
    1.1704000244E+04    1.1806785329E-06
    1.1714000244E+04    9.4409779878E-08
    1.1724000244E+04    1.7869385609E-07
    1.1734000244E+04    1.3101660641E-06
    1.1744000244E+04    8.1574763920E-07
    1.1754000244E+04    7.8999445588E-07
    1.1764000244E+04    1.1963941572E-06
    1.1774000244E+04    7.9471139320E-07
    1.1784000244E+04    1.1760408886E-07
    1.1794000244E+04    4.1648728782E-07
    1.1804000244E+04    4.6359462902E-07
    1.1814000244E+04    2.4552179452E-09
    1.1824000244E+04    8.1150732044E-08
    1.1834000244E+04    6.5079972116E-07
    1.1844000244E+04    5.1503308731E-07
    1.1854000244E+04    2.0821872219E-07
    1.1864000244E+04    1.1524836797E-06
    1.1874000244E+04    1.1785331292E-07
    1.1884000244E+04    6.4411008242E-07
    1.1894000244E+04    2.1924858998E-07
    1.1904000244E+04    5.4628968041E-07
    1.1914000244E+04    2.6320099850E-07
    1.1924000244E+04    4.6737730985E-07
    1.1934000244E+04    8.2758443706E-08
    1.1944000244E+04    2.0205967763E-07
    1.1954000244E+04    4.4782539515E-07
    1.1964000244E+04    4.0726557519E-08
    1.1974000244E+04    1.4716453876E-07
    1.1984000244E+04    2.7233230661E-07
    1.1994000244E+04    5.9061747788E-07
    1.2004000244E+04    6.7366356557E-08
    1.2014000244E+04    2.8062280029E-07
    1.2024000244E+04    2.4462679102E-07
    1.2034000244E+04    1.2635389912E-07
    1.2044000244E+04    1.8596141006E-07
    1.2054000244E+04    6.2268070682E-07
    1.2064000244E+04    5.2188328995E-07
    1.2074000244E+04    3.8193058288E-07
    1.2084000244E+04    2.8799658599E-07
    1.2094000244E+04    6.4971442856E-07
    1.2104000244E+04    1.5598910413E-07
    1.2114000244E+04    5.9265216842E-07
    1.2124000244E+04    1.4679123246E-07
    1.2134000244E+04    7.1263270087E-07
    1.2144000244E+04    7.9428209200E-08
    1.2154000244E+04    3.4881036503E-11
    1.2164000244E+04    3.5495655149E-11
    1.2174000244E+04    3.3137039773E-07
    1.2184000244E+04    7.1795247309E-07
    1.2194000244E+04    3.1095392998E-08
    1.2204000244E+04    2.1154124614E-07
    1.2214000244E+04    3.4411480547E-07
    1.2224000244E+04    3.7763217056E-07
    1.2234000244E+04    3.3189131062E-07
    1.2244000244E+04    4.1443851730E-07
    1.2254000244E+04    1.9678536943E-07
    1.2264000244E+04    6.0436051991E-07
    1.2274000244E+04    3.1993419040E-07
    1.2284000244E+04    8.4026745940E-07
    1.2294000244E+04    3.7827538035E-11
    1.2304000244E+04    3.7768428676E-11
    1.2314000244E+04    4.9713248988E-07
    1.2324000244E+04    3.0506379402E-07
    1.2334000244E+04    5.2758968469E-08
    1.2344000244E+04    1.0823282601E-07
    1.2354000244E+04    3.7879763531E-11
    1.2364000244E+04    4.6129450128E-07
    1.2374000244E+04    9.9885313664E-07
    1.2384000244E+04    3.7934600598E-11
    1.2394000244E+04    3.1383429395E-09
    1.2404000244E+04    3.9921192734E-08
    1.2414000244E+04    5.4207836812E-07
    1.2424000244E+04    7.8347506570E-07
    1.2434000244E+04    5.4931685165E-08
    1.2444000244E+04    4.7015946329E-07
    1.2454000244E+04    5.4374724514E-07
    1.2464000244E+04    3.8090102400E-11
    1.2474000244E+04    3.8260408548E-07
    1.2484000244E+04    4.3828030098E-08
    1.2494000244E+04    1.8829039937E-07
    1.2504000244E+04    9.7378883113E-07
    1.2514000244E+04    1.1002097391E-06
    1.2524000244E+04    6.2250645562E-07
    1.2534000244E+04    1.1336705572E-07
    1.2544000244E+04    4.9628590674E-07
    1.2554000244E+04    1.9423556701E-07
    1.2564000244E+04    4.9314018315E-07
    1.2574000244E+04    3.8205422186E-11
    1.2584000244E+04    3.4360460569E-07
    1.2594000244E+04    6.4403052753E-07
    1.2604000244E+04    3.6760213962E-07
    1.2614000244E+04    7.9989107009E-07
    1.2624000244E+04    1.5846605242E-07
    1.2634000244E+04    1.0286513020E-06
    1.2644000244E+04    9.5529855171E-07
    1.2654000244E+04    1.6370457250E-07
    1.2664000244E+04    7.2043539627E-07
    1.2674000244E+04    3.8485810469E-11
    1.2684000244E+04    1.9295735978E-07
    1.2694000244E+04    7.0929592088E-07
    1.2704000244E+04    5.2191146507E-08
    1.2714000244E+04    5.0076499201E-08
    1.2724000244E+04    3.8392419349E-11
    1.2734000244E+04    6.6088777669E-07
    1.2744000244E+04    1.5172786592E-07
    1.2754000244E+04    5.2967940700E-07
    1.2764000244E+04    1.6072749467E-07
    1.2774000244E+04    3.3746212118E-07
    1.2784000244E+04    5.9054032623E-07
    1.2794000244E+04    4.5209551840E-07
    1.2804000244E+04    1.9459916664E-07
    1.2814000244E+04    1.1173643235E-06
    1.2824000244E+04    3.8485460099E-11
    1.2834000244E+04    6.7845469832E-07
    1.2844000244E+04    1.0811439784E-06
    1.2854000244E+04    3.0647619127E-07
    1.2864000244E+04    1.3373122818E-07
    1.2874000244E+04    3.3998638917E-07
    1.2884000244E+04    1.0373485422E-06
    1.2894000244E+04    2.5008484423E-07
    1.2904000244E+04    9.6492153805E-07
    1.2914000244E+04    6.5363872783E-07
    1.2924000244E+04    4.0447858973E-07
    1.2934000244E+04    5.1701412316E-08
    1.2944000244E+04    7.9205420730E-07
    1.2954000244E+04    8.1159771793E-08
    1.2964000244E+04    5.4272966844E-07
    1.2974000244E+04    6.2350405733E-07
    1.2984000244E+04    3.3784568083E-07
    1.2994000244E+04    4.5340088093E-07
    1.3004000244E+04    2.2481183167E-07
    1.3014000244E+04    8.5785227006E-07
    1.3024000244E+04    7.6924445434E-07
    1.3034000244E+04    4.1051168918E-07
    1.3044000244E+04    3.8412797297E-07
    1.3054000244E+04    6.1375895306E-07
    1.3064000244E+04    8.9329321324E-07
    1.3074000244E+04    2.4387380429E-07
    1.3084000244E+04    8.7558669640E-07
    1.3094000244E+04    4.8348691458E-07
    1.3104000244E+04    2.9610468485E-07
    1.3114000244E+04    3.8838207752E-11
    1.3124000244E+04    2.4393493929E-07
    1.3134000244E+04    4.9889494444E-07
    1.3144000244E+04    1.1951171882E-07
    1.3154000244E+04    5.5589949705E-07
    1.3164000244E+04    2.0941532575E-07
    1.3174000244E+04    8.9094692959E-07
    1.3184000244E+04    6.9254259650E-07
    1.3194000244E+04    8.6517337596E-08
    1.3204000244E+04    4.1534831467E-07
    1.3214000244E+04    1.6759215245E-07
    1.3224000244E+04    5.3045133501E-07
    1.3234000244E+04    3.8871108696E-07
    1.3244000244E+04    3.6857271807E-08
    1.3254000244E+04    1.3824343392E-09
    1.3264000244E+04    1.6471395912E-08
    1.3274000244E+04    2.3616404960E-07
    1.3284000244E+04    1.8406486534E-08
    1.3294000244E+04    8.8157673872E-07
    1.3304000244E+04    6.4892892313E-07
    1.3314000244E+04    7.3199857517E-07
    1.3324000244E+04    5.0951833821E-07
    1.3334000244E+04    4.1325191935E-07
    1.3344000244E+04    2.1599738403E-07
    1.3354000244E+04    7.5105409460E-09
    1.3364000244E+04    7.6181910672E-07
    1.3374000244E+04    6.6896018093E-07
    1.3384000244E+04    2.2282493390E-07
    1.3394000244E+04    9.8817251046E-07
    1.3404000244E+04    5.6005992179E-08
    1.3414000244E+04    1.6784581137E-07
    1.3424000244E+04    2.7523920259E-07
    1.3434000244E+04    2.6930340753E-07
    1.3444000244E+04    6.3693024344E-07
    1.3454000244E+04    3.6234100735E-07
    1.3464000244E+04    4.6821007214E-07
    1.3474000244E+04    9.2042299724E-07
    1.3484000244E+04    1.2589937698E-06
    1.3494000244E+04    8.0134379920E-07
    1.3504000244E+04    6.4480049680E-07
    1.3514000244E+04    4.5767840931E-07
    1.3524000244E+04    1.4937900155E-07
    1.3534000244E+04    1.3074313470E-06
    1.3544000244E+04    4.0096828893E-11
    1.3554000244E+04    1.1195465528E-06
    1.3564000244E+04    2.6846137795E-07
    1.3574000244E+04    5.3679183774E-07
    1.3584000244E+04    7.1669185625E-07
    1.3594000244E+04    7.9464237911E-07
    1.3604000244E+04    2.0376286760E-07
    1.3614000244E+04    7.0197712048E-07
    1.3624000244E+04    1.7503735588E-06
    1.3634000244E+04    4.4907235791E-07
    1.3644000244E+04    1.0234997224E-06
    1.3654000244E+04    2.6671322269E-07
    1.3664000244E+04    1.2813566097E-06
    1.3674000244E+04    1.8321989193E-06
    1.3684000244E+04    3.9023884745E-07
    1.3694000244E+04    5.2618680319E-07
    1.3704000244E+04    4.5009708869E-07
    1.3714000244E+04    1.0902489572E-06
    1.3724000244E+04    4.4968178967E-07
    1.3734000244E+04    2.2180646506E-06
    1.3744000244E+04    8.2383808320E-07
    1.3754000244E+04    1.4480823899E-06
    1.3764000244E+04    8.4476864472E-07
    1.3774000244E+04    9.7093306172E-07
    1.3784000244E+04    1.4611623477E-06
    1.3794000244E+04    2.6135443824E-07
    1.3804000244E+04    1.4061133105E-06
    1.3814000244E+04    2.9861418751E-07
    1.3824000244E+04    1.6783599970E-06
    1.3834000244E+04    6.2342574174E-07
    1.3844000244E+04    1.9575525730E-07
    1.3854000244E+04    4.4520437511E-07
    1.3864000244E+04    8.2164028351E-07
    1.3874000244E+04    1.9701685253E-06
    1.3884000244E+04    9.8206582376E-07
    1.3894000244E+04    6.2244623710E-07
    1.3904000244E+04    1.4750075144E-06
    1.3914000244E+04    1.0069369328E-06
    1.3924000244E+04    1.1792200451E-07
    1.3934000244E+04    1.1259533057E-06
    1.3944000244E+04    3.5452498797E-07
    1.3954000244E+04    1.8452944951E-06
    1.3964000244E+04    1.0556237140E-06
    1.3974000244E+04    1.3351118426E-06
    1.3984000244E+04    5.2669208144E-07
    1.3994000244E+04    7.9770284511E-07
    1.4004000244E+04    4.4578229686E-07
    1.4014000244E+04    5.8116130680E-07
    1.4024000244E+04    4.6680282827E-07
    1.4034000244E+04    1.3785896047E-06
    1.4044000244E+04    1.0966456403E-06
    1.4054000244E+04    9.7689182429E-07
    1.4064000244E+04    5.1966803864E-07
    1.4074000244E+04    6.7940213816E-07
    1.4084000244E+04    4.9311457953E-07
    1.4094000244E+04    3.4588784827E-09
    1.4104000244E+04    1.0944523335E-06
    1.4114000244E+04    5.2601519586E-07
    1.4124000244E+04    8.9080496070E-07
    1.4134000244E+04    3.1674395744E-07
    1.4144000244E+04    1.1668876383E-06
    1.4154000244E+04    4.4570978346E-07
    1.4164000244E+04    3.9224987107E-07
    1.4174000244E+04    5.1759408105E-07
    1.4184000244E+04    6.3819548372E-07
    1.4194000244E+04    6.5028493266E-07
    1.4204000244E+04    4.7302358347E-07
    1.4214000244E+04    7.9439781742E-07
    1.4224000244E+04    1.0752859519E-06
    1.4234000244E+04    1.2423460419E-06
    1.4244000244E+04    2.1049610367E-07
    1.4254000244E+04    1.7949233995E-06
    1.4264000244E+04    6.3833341435E-07
    1.4274000244E+04    1.1118824479E-06
    1.4284000244E+04    9.1603143911E-07
    1.4294000244E+04    3.9215577655E-07
    1.4304000244E+04    9.1389897159E-07
    1.4314000244E+04    7.6164521940E-07
    1.4324000244E+04    1.2862963913E-06
    1.4334000244E+04    6.7781413029E-07
    1.4344000244E+04    7.0068239219E-07
    1.4354000244E+04    8.5161086079E-07
    1.4364000244E+04    6.5327821582E-07
    1.4374000244E+04    7.5023162884E-07
    1.4384000244E+04    1.2823996699E-06
    1.4394000244E+04    6.2471401067E-07
    1.4404000244E+04    1.0237202279E-06
    1.4414000244E+04    1.1145872409E-06
    1.4424000244E+04    7.7009649317E-07
    1.4434000244E+04    2.0279466063E-06
    1.4444000244E+04    1.8201713683E-06
    1.4454000244E+04    1.9319171350E-06
    1.4464000244E+04    1.2452130046E-06
    1.4474000244E+04    1.5534030930E-06
    1.4484000244E+04    1.7587541171E-06
    1.4494000244E+04    1.6899622100E-06
    1.4504000244E+04    2.2638169057E-06
    1.4514000244E+04    2.1099395534E-06
    1.4524000244E+04    2.2469473121E-06
    1.4534000244E+04    2.5339969292E-06
    1.4544000244E+04    1.9696962749E-06
    1.4554000244E+04    2.8275712239E-06
    1.4564000244E+04    2.8649427947E-06
    1.4574000244E+04    3.3039586979E-06
    1.4584000244E+04    3.4150891035E-06
    1.4594000244E+04    3.3517226591E-06
    1.4604000244E+04    4.7188317838E-06
    1.4614000244E+04    4.8472943593E-06
    1.4624000244E+04    5.3278508564E-06
    1.4634000244E+04    6.4269243725E-06
    1.4644000244E+04    6.6936906266E-06
    1.4654000244E+04    7.6693277628E-06
    1.4664000244E+04    1.0049275072E-05
    1.4674000244E+04    9.3875118624E-06
    1.4684000244E+04    1.1697201921E-05
    1.4694000244E+04    1.3056721395E-05
    1.4704000244E+04    1.3820223910E-05
    1.4714000244E+04    1.7837724435E-05
    1.4724000244E+04    1.9812508926E-05
    1.4734000244E+04    2.2010537415E-05
    1.4744000244E+04    2.4932199716E-05
    1.4754000244E+04    2.8780016371E-05
    1.4764000244E+04    3.1379928807E-05
    1.4774000244E+04    3.6259521340E-05
    1.4784000244E+04    3.9626027362E-05
    1.4794000244E+04    4.6266401188E-05
    1.4804000244E+04    5.0798607944E-05
    1.4814000244E+04    5.5693922323E-05
    1.4824000244E+04    6.4621314803E-05
    1.4834000244E+04    7.0096702503E-05
    1.4844000244E+04    7.9589470920E-05
    1.4854000244E+04    8.8678885209E-05
    1.4864000244E+04    9.9999290174E-05
    1.4874000244E+04    1.1298129771E-04
    1.4884000244E+04    1.2476754186E-04
    1.4894000244E+04    1.4367986359E-04
    1.4904000244E+04    1.6371288587E-04
    1.4914000244E+04    1.8567369486E-04
    1.4924000244E+04    2.1266270203E-04
    1.4934000244E+04    2.4049139262E-04
    1.4944000244E+04    2.8412242035E-04
    1.4954000244E+04    3.1452353117E-04
    1.4964000244E+04    3.6741684833E-04
    1.4974000244E+04    4.2693534355E-04
    1.4984000244E+04    5.0315073639E-04
    1.4994000244E+04    5.8018571804E-04
    1.5004000244E+04    6.8803672599E-04
    1.5014000244E+04    7.9999327392E-04
    1.5024000244E+04    9.3205516915E-04
    1.5034000244E+04    1.0959981163E-03
    1.5044000244E+04    1.2760703454E-03
    1.5054000244E+04    1.5195313170E-03
    1.5064000244E+04    1.7864770760E-03
    1.5074000244E+04    2.1143035172E-03
    1.5084000244E+04    2.4413030836E-03
    1.5094000244E+04    2.8556314663E-03
    1.5104000244E+04    3.3325679352E-03
    1.5114000244E+04    3.9817282537E-03
    1.5124000244E+04    4.5283761428E-03
    1.5134000244E+04    5.3980260287E-03
    1.5144000244E+04    6.0448023755E-03
    1.5154000244E+04    7.2632443544E-03
    1.5164000244E+04    8.4690635288E-03
    1.5174000244E+04    9.8242622821E-03
    1.5184000244E+04    1.1403212126E-02
    1.5194000244E+04    1.2790157828E-02
    1.5204000244E+04    1.4158245280E-02
    1.5214000244E+04    1.5535349772E-02
    1.5224000244E+04    1.7314456321E-02
    1.5234000244E+04    1.9191180971E-02
    1.5244000244E+04    2.0802547948E-02
    1.5254000244E+04    2.3905746771E-02
    1.5264000244E+04    2.6374617596E-02
    1.5274000244E+04    2.9605114790E-02
    1.5284000244E+04    3.3804562014E-02
    1.5294000244E+04    3.8184019674E-02
    1.5304000244E+04    4.3724676963E-02
    1.5314000244E+04    4.9654136183E-02
    1.5324000244E+04    5.6931094487E-02
    1.5334000244E+04    6.5997062321E-02
    1.5344000244E+04    7.4955346119E-02
    1.5354000244E+04    8.8968171237E-02
    1.5364000244E+04    1.0117421473E-01
    1.5374000244E+04    1.1468429653E-01
    1.5384000244E+04    1.3881319327E-01
    1.5394000244E+04    1.5749664577E-01
    1.5404000244E+04    1.8040285850E-01
    1.5414000244E+04    2.0632586241E-01
    1.5424000244E+04    2.3247244085E-01
    1.5434000244E+04    2.5741928473E-01
    1.5444000244E+04    2.8340205442E-01
    1.5454000244E+04    3.1178162347E-01
    1.5464000244E+04    3.3028019531E-01
    1.5474000244E+04    3.4898543555E-01
    1.5484000244E+04    3.6542322720E-01
    1.5494000244E+04    3.7502432531E-01
    1.5504000244E+04    3.8220251266E-01
    1.5514000244E+04    3.8766562417E-01
    1.5524000244E+04    3.9246538028E-01
    1.5534000244E+04    3.9609348572E-01
    1.5544000244E+04    3.9815132730E-01
    1.5554000244E+04    4.0512180632E-01
    1.5564000244E+04    4.0271437571E-01
    1.5574000244E+04    4.0465393239E-01
    1.5584000244E+04    3.9939831900E-01
    1.5594000244E+04    4.1199552201E-01
    1.5604000244E+04    4.0717197360E-01
    1.5614000244E+04    4.0955301659E-01
    1.5624000244E+04    4.1502579061E-01
    1.5634000244E+04    4.2094970292E-01
    1.5644000244E+04    4.1086055166E-01
    1.5654000244E+04    4.1537640772E-01
    1.5664000244E+04    4.1391222965E-01
    1.5674000244E+04    4.2024300498E-01
    1.5684000244E+04    4.1427534439E-01
    1.5694000244E+04    4.1696152569E-01
    1.5704000244E+04    4.1692600910E-01
    1.5714000244E+04    4.1948096599E-01
    1.5724000244E+04    4.1954598237E-01
    1.5734000244E+04    4.1114387160E-01
    1.5744000244E+04    4.1923555973E-01
    1.5754000244E+04    4.2742198096E-01
    1.5764000244E+04    4.2022729909E-01
    1.5774000244E+04    4.2000314335E-01
    1.5784000244E+04    4.1784280562E-01
    1.5794000244E+04    4.1613470976E-01
    1.5804000244E+04    4.3555137447E-01
    1.5814000244E+04    4.1919819529E-01
    1.5824000244E+04    4.3202864232E-01
    1.5834000244E+04    4.2415758950E-01
    1.5844000244E+04    4.2124658022E-01
    1.5854000244E+04    4.3137168836E-01
    1.5864000244E+04    4.2452905319E-01
    1.5874000244E+04    4.2675578561E-01
    1.5884000244E+04    4.2151120020E-01
    1.5894000244E+04    4.2351273256E-01
    1.5904000244E+04    4.2506978955E-01
    1.5914000244E+04    4.2484683075E-01
    1.5924000244E+04    4.2108513394E-01
    1.5934000244E+04    4.2470128264E-01
    1.5944000244E+04    4.1940922438E-01
    1.5954000244E+04    4.2214685124E-01
    1.5964000244E+04    4.2082777741E-01
    1.5974000244E+04    4.2275757862E-01
    1.5984000244E+04    4.1767598544E-01
    1.5994000244E+04    4.2011775942E-01
    1.6004000244E+04    4.1869113043E-01
    1.6014000244E+04    4.2167822260E-01
    1.6024000244E+04    4.2209632133E-01
    1.6034000244E+04    4.2094713998E-01
    1.6044000244E+04    4.2346291686E-01
    1.6054000244E+04    4.2523308358E-01
    1.6064000244E+04    4.1646838625E-01
    1.6074000244E+04    4.1537022858E-01
    1.6084000244E+04    4.2092650451E-01
    1.6094000244E+04    4.2221382378E-01
    1.6104000244E+04    4.1789672256E-01
    1.6114000244E+04    4.1927756955E-01
    1.6124000244E+04    4.1629533310E-01
    1.6134000244E+04    4.1431969934E-01
    1.6144000244E+04    4.1394804636E-01
    1.6154000244E+04    4.2418572014E-01
    1.6164000244E+04    4.1203119157E-01
    1.6174000244E+04    4.2064976997E-01
    1.6184000244E+04    4.1145529126E-01
    1.6194000244E+04    4.1661132374E-01
    1.6204000244E+04    4.2093641513E-01
    1.6214000244E+04    4.1822116228E-01
    1.6224000244E+04    4.1634682613E-01
    1.6234000244E+04    4.2022626332E-01
    1.6244000244E+04    4.1874941285E-01
    1.6254000244E+04    4.1194454109E-01
    1.6264000244E+04    4.3421617047E-01
    1.6274000244E+04    4.2094589036E-01
    1.6284000244E+04    4.2567343713E-01
    1.6294000244E+04    4.2579159292E-01
    1.6304000244E+04    4.2599093482E-01
    1.6314000244E+04    4.2407414824E-01
    1.6324000244E+04    4.2755860962E-01
    1.6334000244E+04    4.2770589073E-01
    1.6344000244E+04    4.2252164017E-01
    1.6354000244E+04    4.3457120650E-01
    1.6364000244E+04    4.3468180857E-01
    1.6374000244E+04    4.2653142547E-01
    1.6384000244E+04    4.2933065316E-01
    1.6394000244E+04    4.3275718696E-01
    1.6404000244E+04    4.3177684948E-01
    1.6414000244E+04    4.3228629270E-01
    1.6424000244E+04    4.3505080493E-01
    1.6434000244E+04    4.2889214947E-01
    1.6444000244E+04    4.3332326648E-01
    1.6454000244E+04    4.3327843256E-01
    1.6464000244E+04    4.2785407218E-01
    1.6474000244E+04    4.3133669113E-01
    1.6484000244E+04    4.3519159324E-01
    1.6494000244E+04    4.3307521761E-01
    1.6504000244E+04    4.3409100030E-01
    1.6514000244E+04    4.4043210371E-01
    1.6524000244E+04    4.2868446087E-01
    1.6534000244E+04    4.3060848370E-01
    1.6544000244E+04    4.3257323299E-01
    1.6554000244E+04    4.3284683627E-01
    1.6564000244E+04    4.2966560574E-01
    1.6574000244E+04    4.3364157826E-01
    1.6584000244E+04    4.2412200647E-01
    1.6594000244E+04    4.3360454534E-01
    1.6604000244E+04    4.3322526855E-01
    1.6614000244E+04    4.2695980775E-01
    1.6624000244E+04    4.2885429596E-01
    1.6634000244E+04    4.2492407845E-01
    1.6644000244E+04    4.2772768569E-01
    1.6654000244E+04    4.2203740424E-01
    1.6664000244E+04    4.2384764036E-01
    1.6674000244E+04    4.2700077942E-01
    1.6684000244E+04    4.2357467728E-01
    1.6694000244E+04    4.2093445685E-01
    1.6704000244E+04    4.2078967345E-01
    1.6714000244E+04    4.1896172444E-01
    1.6724000244E+04    4.1538496507E-01
    1.6734000244E+04    4.2261580595E-01
    1.6744000244E+04    4.2273016878E-01
    1.6754000244E+04    4.2440941636E-01
    1.6764000244E+04    4.2999354023E-01
    1.6774000244E+04    4.1962977203E-01
    1.6784000244E+04    4.2778464785E-01
    1.6794000244E+04    4.3129007306E-01
    1.6804000244E+04    4.3300893648E-01
    1.6814000244E+04    4.2615233270E-01
    1.6824000244E+04    4.2852630794E-01
    1.6834000244E+04    4.4025339703E-01
    1.6844000244E+04    4.3527843487E-01
    1.6854000244E+04    4.3759863371E-01
    1.6864000244E+04    4.3192603734E-01
    1.6874000244E+04    4.3835366637E-01
    1.6884000244E+04    4.3682595618E-01
    1.6894000244E+04    4.3268064846E-01
    1.6904000244E+04    4.2925749504E-01
    1.6914000244E+04    4.3764876076E-01
    1.6924000244E+04    4.3780563774E-01
    1.6934000244E+04    4.3573421171E-01
    1.6944000244E+04    4.2794882810E-01
    1.6954000244E+04    4.4078190164E-01
    1.6964000244E+04    4.2811480093E-01
    1.6974000244E+04    4.2784162281E-01
    1.6984000244E+04    4.2845831171E-01
    1.6994000244E+04    4.1886430459E-01
    1.7004000244E+04    4.1871655038E-01
    1.7014000244E+04    4.1604018272E-01
    1.7024000244E+04    4.0558991239E-01
    1.7034000244E+04    3.9759917814E-01
    1.7044000244E+04    3.8673515357E-01
    1.7054000244E+04    3.7703391134E-01
    1.7064000244E+04    3.6271290222E-01
    1.7074000244E+04    3.5027161441E-01
    1.7084000244E+04    3.2965285023E-01
    1.7094000244E+04    3.0682442338E-01
    1.7104000244E+04    2.8665917510E-01
    1.7114000244E+04    2.6515412261E-01
    1.7124000244E+04    2.3496681579E-01
    1.7134000244E+04    2.2777044406E-01
    1.7144000244E+04    1.9783924993E-01
    1.7154000244E+04    1.7767002764E-01
    1.7164000244E+04    1.5845778630E-01
    1.7174000244E+04    1.3995803335E-01
    1.7184000244E+04    1.2228034991E-01
    1.7194000244E+04    1.1065000480E-01
    1.7204000244E+04    9.7691605256E-02
    1.7214000244E+04    8.6239023185E-02
    1.7224000244E+04    7.5698681490E-02
    1.7234000244E+04    6.7565671077E-02
    1.7244000244E+04    5.9825616718E-02
    1.7254000244E+04    5.1847559614E-02
    1.7264000244E+04    4.8446334862E-02
    1.7274000244E+04    4.3111544110E-02
    1.7284000244E+04    3.8879760754E-02
    1.7294000244E+04    3.4675320939E-02
    1.7304000244E+04    3.2432612290E-02
    1.7314000244E+04    2.8793650713E-02
    1.7324000244E+04    2.5914971882E-02
    1.7334000244E+04    2.2738501343E-02
    1.7344000244E+04    1.9427284100E-02
    1.7354000244E+04    1.6587268064E-02
    1.7364000244E+04    1.4262407878E-02
    1.7374000244E+04    1.1807927127E-02
    1.7384000244E+04    1.0601894147E-02
    1.7394000244E+04    8.9431891203E-03
    1.7404000244E+04    7.8456424989E-03
    1.7414000244E+04    6.5887972675E-03
    1.7424000244E+04    5.7452906708E-03
    1.7434000244E+04    4.9315290600E-03
    1.7444000244E+04    4.1354310155E-03
    1.7454000244E+04    3.6348799884E-03
    1.7464000244E+04    3.2184425139E-03
    1.7474000244E+04    2.8487636449E-03
    1.7484000244E+04    2.4535382900E-03
    1.7494000244E+04    2.1561672496E-03
    1.7504000244E+04    1.8809964018E-03
    1.7514000244E+04    1.6690785884E-03
    1.7524000244E+04    1.4674271919E-03
    1.7534000244E+04    1.2873018527E-03
    1.7544000244E+04    1.1741539229E-03
    1.7554000244E+04    1.0131819510E-03
    1.7564000244E+04    9.0438713664E-04
    1.7574000244E+04    8.3179514381E-04
    1.7584000244E+04    7.4240092018E-04
    1.7594000244E+04    6.7017959444E-04
    1.7604000244E+04    5.8884728027E-04
    1.7614000244E+04    5.3781899803E-04
    1.7624000244E+04    4.8049610845E-04
    1.7634000244E+04    4.3047524075E-04
    1.7644000244E+04    3.9143217558E-04
    1.7654000244E+04    3.6432461819E-04
    1.7664000244E+04    3.3375310016E-04
    1.7674000244E+04    3.0190758181E-04
    1.7684000244E+04    2.7533922981E-04
    1.7694000244E+04    2.5202450157E-04
    1.7704000244E+04    2.2609660192E-04
    1.7714000244E+04    2.0989583943E-04
    1.7724000244E+04    1.9697450559E-04
    1.7734000244E+04    1.7782331116E-04
    1.7744000244E+04    1.6855416198E-04
    1.7754000244E+04    1.4730498872E-04
    1.7764000244E+04    1.4429948471E-04
    1.7774000244E+04    1.2699218221E-04
    1.7784000244E+04    1.1946360567E-04
    1.7794000244E+04    1.1212993227E-04
    1.7804000244E+04    1.0200170934E-04
    1.7814000244E+04    9.8234524321E-05
    1.7824000244E+04    8.8612842661E-05
    1.7834000244E+04    8.2371574506E-05
    1.7844000244E+04    7.5978593595E-05
    1.7854000244E+04    7.0470923791E-05
    1.7864000244E+04    6.8537608499E-05
    1.7874000244E+04    6.0969478508E-05
    1.7884000244E+04    5.7037037566E-05
    1.7894000244E+04    5.2670181250E-05
    1.7904000244E+04    5.1024950315E-05
    1.7914000244E+04    4.5032528384E-05
    1.7924000244E+04    4.4411116907E-05
    1.7934000244E+04    4.2059949473E-05
    1.7944000244E+04    3.7216079664E-05
    1.7954000244E+04    3.4248653876E-05
    1.7964000244E+04    3.3561936878E-05
    1.7974000244E+04    3.1665976149E-05
    1.7984000244E+04    2.9545030436E-05
    1.7994000244E+04    2.7042573454E-05
    1.8004000244E+04    2.6301747794E-05
    1.8014000244E+04    2.5974211369E-05
    1.8024000244E+04    2.2783044757E-05
    1.8034000244E+04    1.9422933471E-05
    1.8044000244E+04    2.1941910263E-05
    1.8054000244E+04    1.9310396441E-05
    1.8064000244E+04    1.5315541605E-05
    1.8074000244E+04    1.9414800775E-05
    1.8084000244E+04    1.9838042530E-05
    1.8094000244E+04    1.5516091241E-05
    1.8104000244E+04    1.5353404015E-05
    1.8114000244E+04    1.4845468165E-05
    1.8124000244E+04    1.4796616893E-05
    1.8134000244E+04    1.2913940629E-05
    1.8144000244E+04    1.2680981341E-05
    1.8154000244E+04    1.4075989346E-05
    1.8164000244E+04    1.0204878349E-05
    1.8174000244E+04    1.4326398878E-05
    1.8184000244E+04    1.1166965269E-05
    1.8194000244E+04    8.5924354064E-06
    1.8204000244E+04    9.3664799399E-06
    1.8214000244E+04    1.1951375687E-05
    1.8224000244E+04    7.8392476735E-06
    1.8234000244E+04    9.8971488361E-06
    1.8244000244E+04    1.1039136086E-05
    1.8254000244E+04    8.0428066026E-06
    1.8264000244E+04    6.8832921751E-06
    1.8274000244E+04    8.1269508308E-06
    1.8284000244E+04    1.0123422224E-05
    1.8294000244E+04    7.8098755614E-06
    1.8304000244E+04    4.8234630341E-06
    1.8314000244E+04    8.8689705943E-06
    1.8324000244E+04    1.1323153262E-05
    1.8334000244E+04    7.4402245991E-06
    1.8344000244E+04    3.3653900032E-06
    1.8354000244E+04    9.6438334003E-06
    1.8364000244E+04    6.5931655597E-06
    1.8374000244E+04    5.8346203144E-06
    1.8384000244E+04    1.0111831548E-05
    1.8394000244E+04    7.9395198735E-06
    1.8404000244E+04    8.6678522799E-06
    1.8414000244E+04    5.0314858298E-06
    1.8424000244E+04    1.1292846482E-05
    1.8434000244E+04    5.8661693681E-06
    1.8444000244E+04    6.3963743219E-06
    1.8454000244E+04    1.1078813468E-05
    1.8464000244E+04    1.8516745392E-06
    1.8474000244E+04    7.8884131604E-06
    1.8484000244E+04    7.6958490512E-06
    1.8494000244E+04    5.7294372336E-06
    1.8504000244E+04    3.9233995909E-06
    1.8514000244E+04    4.9764705193E-06
    1.8524000244E+04    7.9049462041E-06
    1.8534000244E+04    5.4050117426E-06
    1.8544000244E+04    2.3171875463E-06
    1.8554000244E+04    4.8339235293E-06
    1.8564000244E+04    7.3660457185E-06
    1.8574000244E+04    5.8657093057E-06
    1.8584000244E+04    2.7683563835E-06
    1.8594000244E+04    8.8542300179E-06
    1.8604000244E+04    7.2180985811E-06
    1.8614000244E+04    4.0270141576E-06
    1.8624000244E+04    7.0512677988E-06
    1.8634000244E+04    6.1836739382E-06
    1.8644000244E+04    4.4807578494E-06
    1.8654000244E+04    3.8422820157E-06
    1.8664000244E+04    8.0028922982E-06
    1.8674000244E+04    6.6343250681E-06
    1.8684000244E+04    4.0358474120E-06
    1.8694000244E+04    7.9893276372E-06
    1.8704000244E+04    5.9984115991E-06
    1.8714000244E+04    5.2420747310E-06
    1.8724000244E+04    7.2275263773E-06
    1.8734000244E+04    3.6301949660E-06
    1.8744000244E+04    5.9110832857E-06
    1.8754000244E+04    7.9639185694E-06
    1.8764000244E+04    5.6033467022E-06
    1.8774000244E+04    7.2806699132E-06
    1.8784000244E+04    7.5539121331E-06
    1.8794000244E+04    2.8764807904E-06
    1.8804000244E+04    5.3622769062E-06
    1.8814000244E+04    4.3353417618E-06
    1.8824000244E+04    2.1325620193E-06
    1.8834000244E+04    4.5883887751E-06
    1.8844000244E+04    4.7518354785E-06
    1.8854000244E+04    1.5227456202E-06
    1.8864000244E+04    3.3256468559E-06
    1.8874000244E+04    5.0395081934E-06
    1.8884000244E+04    1.4589688815E-06
    1.8894000244E+04    3.0139129433E-06
    1.8904000244E+04    6.5551002381E-06
    1.8914000244E+04    4.9563344367E-06
    1.8924000244E+04    1.3470501683E-06
    1.8934000244E+04    3.5992372476E-06
    1.8944000244E+04    6.3051147966E-06
    1.8954000244E+04    6.1326252267E-06
    1.8964000244E+04    5.3812772440E-06
    1.8974000244E+04    1.0269632611E-07
    1.8984000244E+04    2.4847046566E-06
    1.8994000244E+04    7.6627622621E-06
    1.9004000244E+04    4.3287221598E-06
    1.9014000244E+04    4.7006681399E-06
    1.9024000244E+04    2.0874237056E-06
    1.9034000244E+04    4.6177099877E-06
    1.9044000244E+04    4.3642642603E-06
    1.9054000244E+04    4.9099891569E-06
    1.9064000244E+04    6.3210681709E-06
    1.9074000244E+04    3.2701675597E-06
    1.9084000244E+04    5.7142983447E-06
    1.9094000244E+04    2.0733859381E-06
    1.9104000244E+04    1.1249023623E-07
    1.9114000244E+04    1.2182911138E-05
    1.9124000244E+04    7.5945726720E-07
    1.9134000244E+04    3.3228419656E-06
    1.9144000244E+04    3.4480486833E-06
    1.9154000244E+04    6.8376332583E-06
    1.9164000244E+04    1.8158444958E-06
    1.9174000244E+04    5.5613793847E-06
    1.9184000244E+04    4.2586315023E-06
    1.9194000244E+04    3.9606541000E-06
    1.9204000244E+04    4.3749834864E-06
    1.9214000244E+04    3.8079923790E-06
    1.9224000244E+04    5.2696893769E-06
    1.9234000244E+04    4.4674325700E-06
    1.9244000244E+04    2.9311351098E-06
    1.9254000244E+04    2.4328220346E-06
    1.9264000244E+04    1.4474921891E-07
    1.9274000244E+04    1.2732243735E-06
    1.9284000244E+04    4.1217800030E-06
    1.9294000244E+04    6.7839962308E-07
    1.9304000244E+04    4.6927463667E-06
    1.9314000244E+04    2.6947839305E-06
    1.9324000244E+04    2.1804782014E-06
    1.9334000244E+04    4.0025401479E-06
    1.9344000244E+04    1.1711380682E-06
    1.9354000244E+04    4.2291415561E-06
    1.9364000244E+04    1.7788683380E-06
    1.9374000244E+04    8.6609063662E-07
    1.9384000244E+04    3.0275108998E-06
    1.9394000244E+04    4.5555074061E-11
    1.9404000244E+04    3.2885883762E-06
    1.9414000244E+04    6.0554138621E-06
    1.9424000244E+04    9.5003819454E-08
    1.9434000244E+04    6.3334260673E-07
    1.9444000244E+04    4.4623106349E-06
    1.9454000244E+04    2.9278444553E-06
    1.9464000244E+04    1.3535109448E-06
    1.9474000244E+04    3.1214418643E-06
    1.9484000244E+04    2.4474299561E-06
    1.9494000244E+04    1.2526959698E-06
    1.9504000244E+04    2.2089146217E-06
    1.9514000244E+04    4.7227458962E-06
    1.9524000244E+04    8.9941135075E-07
    1.9534000244E+04    4.2338520281E-06
    1.9544000244E+04    2.3713375728E-06
    1.9554000244E+04    2.2150050132E-07
    1.9564000244E+04    5.6511822170E-06
    1.9574000244E+04    1.7675168071E-06
    1.9584000244E+04    3.9312671519E-08
    1.9594000244E+04    2.0017650102E-06
    1.9604000244E+04    3.0138334703E-06
    1.9614000244E+04    4.6139137604E-11
    1.9624000244E+04    4.2590560148E-06
    1.9634000244E+04    2.9077159313E-06
    1.9644000244E+04    4.6129296447E-11
    1.9654000244E+04    5.8309460680E-07
    1.9664000244E+04    4.6160571709E-11
    1.9674000244E+04    4.3435519556E-06
    1.9684000244E+04    2.0988503107E-07
    1.9694000244E+04    4.8772296820E-06
    1.9704000244E+04    4.6143088294E-11
    1.9714000244E+04    8.2022629979E-06
    1.9724000244E+04    5.4595209760E-06
    1.9734000244E+04    4.6090403083E-11
    1.9744000244E+04    2.9018921902E-07
    1.9754000244E+04    4.0463829225E-07
    1.9764000244E+04    2.2336485125E-06
    1.9774000244E+04    7.0569991225E-06
    1.9784000244E+04    4.0403487589E-06
    1.9794000244E+04    3.4997748842E-06
    1.9804000244E+04    1.6168694551E-06
    1.9814000244E+04    1.2109733573E-07
    1.9824000244E+04    2.6116846357E-06
    1.9834000244E+04    7.5005705860E-07
    1.9844000244E+04    4.6282631685E-11
    1.9854000244E+04    3.7522147519E-06
    1.9864000244E+04    3.3023672159E-06
    1.9874000244E+04    4.6407552194E-11
    1.9884000244E+04    4.3382245062E-06
    1.9894000244E+04    5.5693702818E-06
    1.9904000244E+04    5.5712238562E-06
    1.9914000244E+04    4.6349354422E-11
    1.9924000244E+04    5.1989346317E-06
    1.9934000244E+04    4.6290260236E-11
    1.9944000244E+04    3.7569181798E-06
    1.9954000244E+04    2.6401012365E-06
    1.9964000244E+04    3.7070856027E-07
    1.9974000244E+04    2.4825116702E-06
    1.9984000244E+04    4.4430986194E-06
    1.9994000244E+04    1.4328817433E-06
    2.0004000244E+04    3.1400402533E-06
    2.0014000244E+04    1.1638184337E-06
    2.0024000244E+04    2.2190530420E-06
    2.0034000244E+04    4.0050426539E-06
    2.0044000244E+04    3.5500743350E-06
    2.0054000244E+04    1.8215941820E-06
    2.0064000244E+04    3.6251681221E-06
    2.0074000244E+04    5.8868372506E-06
    2.0084000244E+04    4.6211899306E-11
    2.0094000244E+04    1.3779982981E-06
    2.0104000244E+04    1.2841631598E-06
    2.0114000244E+04    4.3625799202E-06
    2.0124000244E+04    4.0295665600E-07
    2.0134000244E+04    1.4017529404E-06
    2.0144000244E+04    4.6119374654E-11
    2.0154000244E+04    3.6983082349E-06
    2.0164000244E+04    4.2809703889E-06
    2.0174000244E+04    1.3312397795E-06
    2.0184000244E+04    1.6017541887E-06
    2.0194000244E+04    7.7746125913E-07
    2.0204000244E+04    4.5945185171E-11
    2.0214000244E+04    3.3709112824E-06
    2.0224000244E+04    3.7066566038E-06
    2.0234000244E+04    9.4283045776E-07
    2.0244000244E+04    3.1251907534E-06
    2.0254000244E+04    4.8777659993E-06
    2.0264000244E+04    2.7959714288E-08
    2.0274000244E+04    4.6172322451E-06
    2.0284000244E+04    7.0355999732E-06
    2.0294000244E+04    1.9668051412E-06
    2.0304000244E+04    6.6368236688E-06
    2.0314000244E+04    1.4974085508E-06
    2.0324000244E+04    2.3596594010E-06
    2.0334000244E+04    4.6049718776E-11
    2.0344000244E+04    2.4953424460E-06
    2.0354000244E+04    4.6174275825E-07
    2.0364000244E+04    4.5982741507E-11
    2.0374000244E+04    6.5425435071E-07
    2.0384000244E+04    4.6855586036E-06
    2.0394000244E+04    2.4799768479E-06
    2.0404000244E+04    5.7090499311E-06
    2.0414000244E+04    5.2565123978E-07
    2.0424000244E+04    1.7573760486E-06
    2.0434000244E+04    1.1789986460E-06
    2.0444000244E+04    3.9748656384E-06
    2.0454000244E+04    9.5977277340E-07
    2.0464000244E+04    5.7246515533E-06
    2.0474000244E+04    1.6867197052E-06
    2.0483999023E+04    2.4874550299E-06
    2.0493999023E+04    4.1301782993E-06
    2.0503999023E+04    9.1166230326E-07
    2.0513999023E+04    1.0165423175E-06
    2.0523999023E+04    3.1457996262E-06
    2.0533999023E+04    2.7339926636E-06
    2.0543999023E+04    5.3741546440E-06
    2.0553999023E+04    3.0392106799E-06
    2.0563999023E+04    4.5690034137E-11
    2.0573999023E+04    3.6709397149E-06
    2.0583999023E+04    4.5824783051E-11
    2.0593999023E+04    3.0273122296E-06
    2.0603999023E+04    6.3533937706E-06
    2.0613999023E+04    4.5783237793E-11
    2.0623999023E+04    2.2295104950E-06
    2.0633999023E+04    2.6473170833E-06
    2.0643999023E+04    7.9103997871E-07
    2.0653999023E+04    3.3555640083E-06
    2.0663999023E+04    8.1481707483E-06
    2.0673999023E+04    1.9188944198E-06
    2.0683999023E+04    4.5811578307E-11
    2.0693999023E+04    6.4268747707E-06
    2.0703999023E+04    9.5077144902E-07
    2.0713999023E+04    2.1929991290E-06
    2.0723999023E+04    1.5904977576E-07
    2.0733999023E+04    4.8607675611E-06
    2.0743999023E+04    4.6302709270E-11
    2.0753999023E+04    3.9258125501E-06
    2.0763999023E+04    4.6319050580E-11
    2.0773999023E+04    3.8215493833E-07
    2.0783999023E+04    4.6123328372E-11
    2.0793999023E+04    4.3615003601E-06
    2.0803999023E+04    2.6011731335E-06
    2.0813999023E+04    1.3886540488E-06
    2.0823999023E+04    1.5902647142E-06
    2.0833999023E+04    4.6575819305E-11
    2.0843999023E+04    4.2604137116E-06
    2.0853999023E+04    1.6390568214E-06
    2.0863999023E+04    7.1962107768E-06
    2.0873999023E+04    5.3970180347E-07
    2.0883999023E+04    2.6486833041E-06
    2.0893999023E+04    2.0908336931E-06
    2.0903999023E+04    7.3247889217E-07
    2.0913999023E+04    2.8209988733E-06
    2.0923999023E+04    3.4319851065E-06
    2.0933999023E+04    9.4437573868E-07
    2.0943999023E+04    4.6461029331E-11
    2.0953999023E+04    6.1426889235E-06
    2.0963999023E+04    4.6404213228E-11
    2.0973999023E+04    3.3237192918E-06
    2.0983999023E+04    7.1165526848E-06
    2.0993999023E+04    4.6545939934E-11
    2.1003999023E+04    1.1118414802E-06
    2.1013999023E+04    4.7038699184E-06
    2.1023999023E+04    9.6377949111E-08
    2.1033999023E+04    7.6711064054E-06
    2.1043999023E+04    4.2859601659E-07
    2.1053999023E+04    3.9893748654E-06
    2.1063999023E+04    4.6538907864E-11
    2.1073999023E+04    4.3042165416E-06
    2.1083999023E+04    4.6587180805E-11
    2.1093999023E+04    6.7980072781E-06
    2.1103999023E+04    4.7685502144E-06
    2.1113999023E+04    7.2300755171E-06
    2.1123999023E+04    4.6503762370E-11
    2.1133999023E+04    4.3950331128E-07
    2.1143999023E+04    1.2175590019E-05
    2.1153999023E+04    4.6600566771E-11
    2.1163999023E+04    4.6610180043E-11
    2.1173999023E+04    6.5231844823E-07
    2.1183999023E+04    8.3663711886E-06
    2.1193999023E+04    4.2996137848E-06
    2.1203999023E+04    4.1357946859E-09
    2.1213999023E+04    4.6885975824E-11
    2.1223999023E+04    8.7422450676E-06
    2.1233999023E+04    7.7265768890E-06
    2.1243999023E+04    1.2507025073E-06
    2.1253999023E+04    7.3215513212E-07
    2.1263999023E+04    5.7876515263E-06
    2.1273999023E+04    4.6961516476E-11
    2.1283999023E+04    6.9779257148E-07
    2.1293999023E+04    2.4720147445E-06
    2.1303999023E+04    4.1203086312E-06
    2.1313999023E+04    1.0128066214E-05
    2.1323999023E+04    4.6951628527E-11
    2.1333999023E+04    1.1938813443E-06
    2.1343999023E+04    1.6102436928E-06
    2.1353999023E+04    1.4684429681E-06
    2.1363999023E+04    4.6745084243E-11
    2.1373999023E+04    1.5100706454E-05
    2.1383999023E+04    8.8237467546E-06
    2.1393999023E+04    1.9460172122E-06
    2.1403999023E+04    4.8034779402E-06
    2.1413999023E+04    9.5319344934E-06
    2.1423999023E+04    7.7753551724E-06
    2.1433999023E+04    2.6148539957E-07
    2.1443999023E+04    4.6242292386E-11
    2.1453999023E+04    9.3829654288E-06
    2.1463999023E+04    7.3897701553E-06
    2.1473999023E+04    5.1710248068E-06
    2.1483999023E+04    3.5388286549E-07
    2.1493999023E+04    2.1280989799E-06
    2.1503999023E+04    4.6242627569E-11
    2.1513999023E+04    1.9856398731E-06
    2.1523999023E+04    6.1296262067E-06
    2.1533999023E+04    4.6382714448E-06
    2.1543999023E+04    2.2819279827E-05
    2.1553999023E+04    4.5933915392E-11
    2.1563999023E+04    4.5242916772E-07
    2.1573999023E+04    5.5984508316E-06
    2.1583999023E+04    2.9722360437E-06
    2.1593999023E+04    4.8716474787E-06
    2.1603999023E+04    5.1630677775E-06
    2.1613999023E+04    1.4412962359E-06
    2.1623999023E+04    8.5544836623E-07
    2.1633999023E+04    2.8206645079E-06
    2.1643999023E+04    1.8096701566E-06
    2.1653999023E+04    8.9168562340E-06
    2.1663999023E+04    4.5373436520E-11
    2.1673999023E+04    6.8509587785E-06
    2.1683999023E+04    8.0826153296E-07
    2.1693999023E+04    5.0719583224E-06
    2.1703999023E+04    1.9475691277E-07
    2.1713999023E+04    4.5160070190E-11
    2.1723999023E+04    1.3271390770E-06
    2.1733999023E+04    9.4036806023E-06
    2.1743999023E+04    7.0012930409E-07
    2.1753999023E+04    4.4975664947E-11
    2.1763999023E+04    3.9521437072E-06
    2.1773999023E+04    3.5651965733E-06
    2.1783999023E+04    4.2572184128E-06
    2.1793999023E+04    2.4221820845E-06
    2.1803999023E+04    2.9967982275E-06
    2.1813999023E+04    1.1785673205E-06
    2.1823999023E+04    4.3495622066E-06
    2.1833999023E+04    9.6661551672E-06
    2.1843999023E+04    1.8399270459E-06
    2.1853999023E+04    4.3048252947E-11
    2.1863999023E+04    1.5408267514E-06
    2.1873999023E+04    7.9283409205E-06
    2.1883999023E+04    6.9971913144E-06
    2.1893999023E+04    1.0970404359E-07
    2.1903999023E+04    1.4085021126E-06
    2.1913999023E+04    7.2704404598E-07
    2.1923999023E+04    4.1395437730E-11
    2.1933999023E+04    5.9296174248E-06
    2.1943999023E+04    3.7577114551E-06
    2.1953999023E+04    6.0052527139E-06
    2.1963999023E+04    6.8540583371E-06
    2.1973999023E+04    6.8995002149E-06
    2.1983999023E+04    3.9676913025E-11
    2.1993999023E+04    9.8586261357E-07
    2.2003999023E+04    3.9059886081E-11
    2.2013999023E+04    6.2048328177E-06
    2.2023999023E+04    4.8164805725E-06
    2.2033999023E+04    7.3536516237E-06
    2.2043999023E+04    4.3433067068E-06
    2.2053999023E+04    1.8207057421E-06
    2.2063999023E+04    3.7215548748E-11
    2.2073999023E+04    1.8631526004E-06
    2.2083999023E+04    7.3564012532E-06
    2.2093999023E+04    7.5967283962E-06
    2.2103999023E+04    1.4873367220E-07
    2.2113999023E+04    1.2812850839E-06
    2.2123999023E+04    9.1964409179E-08
    2.2133999023E+04    3.5820930983E-06
    2.2143999023E+04    3.6186028253E-11
    2.2153999023E+04    3.6129706393E-11
    2.2163999023E+04    3.9219020718E-06
    2.2173999023E+04    3.9633584233E-07
    2.2183999023E+04    7.6468927869E-07
    2.2193999023E+04    1.3106978559E-06
    2.2203999023E+04    1.1670234154E-05
    2.2213999023E+04    5.4493660620E-06
    2.2223999023E+04    2.3771238623E-06
    2.2233999023E+04    3.6965387975E-11
    2.2243999023E+04    3.7101867580E-11
    2.2253999023E+04    2.4006866576E-06
    2.2263999023E+04    9.9549747663E-06
    2.2273999023E+04    6.8578432130E-07
    2.2283999023E+04    1.0958455352E-06
    2.2293999023E+04    3.7409845021E-11
    2.2303999023E+04    6.8710937907E-06
    2.2313999023E+04    1.0965033480E-05
    2.2323999023E+04    2.3373197847E-07
    2.2333999023E+04    3.7681738124E-11
    2.2343999023E+04    5.0907112704E-06
    2.2353999023E+04    2.1080906179E-06
    2.2363999023E+04    3.7916311436E-11
    2.2373999023E+04    2.1964682794E-06
    2.2383999023E+04    1.3932592893E-05
    2.2393999023E+04    1.3341300873E-05
    2.2403999023E+04    3.8182324390E-11
    2.2413999023E+04    1.2771319828E-05
    2.2423999023E+04    9.7465662511E-06
    2.2433999023E+04    5.0534130750E-06
    2.2443999023E+04    3.8130656354E-11
    2.2453999023E+04    5.2804329013E-06
    2.2463999023E+04    1.1404305391E-05
    2.2473999023E+04    2.7114959752E-06
    2.2483999023E+04    3.8209958515E-11
    2.2493999023E+04    7.1752171349E-06
    2.2503999023E+04    6.1550925123E-06
    2.2513999023E+04    3.0356888707E-06
    2.2523999023E+04    7.9571306582E-06
    2.2533999023E+04    1.2315203428E-05
    2.2543999023E+04    3.8268568514E-11
    2.2553999023E+04    1.1825611583E-05
    2.2563999023E+04    1.5474393066E-05
    2.2573999023E+04    1.3887355297E-06
    2.2583999023E+04    6.3403774151E-07
    2.2593999023E+04    1.1052831955E-05
    2.2603999023E+04    3.8399603545E-11
    2.2613999023E+04    1.3799814596E-05
    2.2623999023E+04    3.0894484185E-06
    2.2633999023E+04    8.2409237142E-06
    2.2643999023E+04    1.3492694671E-05
    2.2653999023E+04    1.1000741808E-05
    2.2663999023E+04    4.2151359261E-06
    2.2673999023E+04    2.0336903273E-06
    2.2683999023E+04    1.9107184021E-05
    2.2693999023E+04    3.8933820093E-11
    2.2703999023E+04    6.1671332210E-06
    2.2713999023E+04    4.7700194115E-06
    2.2723999023E+04    2.9585488514E-06
    2.2733999023E+04    1.2640872766E-05
    2.2743999023E+04    1.6113183243E-06
    2.2753999023E+04    1.0952756945E-06
    2.2763999023E+04    1.5067243128E-05
    2.2773999023E+04    1.7461578410E-05
    2.2783999023E+04    4.3005238083E-06
    2.2793999023E+04    2.2686589640E-06
    2.2803999023E+04    1.0565020197E-05
    2.2813999023E+04    6.3773216454E-06
    2.2823999023E+04    1.0154200001E-06
    2.2833999023E+04    2.0368126067E-06
    2.2843999023E+04    4.0957712232E-11
    2.2853999023E+04    9.3009507519E-07
    2.2863999023E+04    1.2279636194E-06
    2.2873999023E+04    1.8852857855E-06
    2.2883999023E+04    9.3352099791E-07
    2.2893999023E+04    4.5469889448E-07
    2.2903999023E+04    3.9772643281E-06
    2.2913999023E+04    7.7486469050E-06
    2.2923999023E+04    2.1359359373E-06
    2.2933999023E+04    4.2875133760E-07
    2.2943999023E+04    4.1741991160E-11
    2.2953999023E+04    6.5231840191E-06
    2.2963999023E+04    1.2062635982E-06
    2.2973999023E+04    2.4656446594E-06
    2.2983999023E+04    3.1284407089E-06
    2.2993999023E+04    5.7663066374E-06
    2.3003999023E+04    2.5165930673E-06
    2.3013999023E+04    4.7232945147E-06
    2.3023999023E+04    5.7513344495E-06
    2.3033999023E+04    1.6915817976E-06
    2.3043999023E+04    8.3909007744E-07
    2.3053999023E+04    4.4017751831E-07
    2.3063999023E+04    1.8629360279E-06
    2.3073999023E+04    3.5791717514E-06
    2.3083999023E+04    5.4495520003E-06
    2.3093999023E+04    3.4465871627E-07
    2.3103999023E+04    6.1926055473E-06
    2.3113999023E+04    4.2644567378E-06
    2.3123999023E+04    2.4495324989E-06
    2.3133999023E+04    4.0656917820E-11
    2.3143999023E+04    1.0855458749E-06
    2.3153999023E+04    5.8885010148E-06
    2.3163999023E+04    3.3193715875E-06
    2.3173999023E+04    2.5326965588E-06
    2.3183999023E+04    3.8197318641E-11
    2.3193999023E+04    3.8480056400E-06
    2.3203999023E+04    5.1434798991E-06
    2.3213999023E+04    3.5776519122E-11
    2.3223999023E+04    2.1449404898E-06
    2.3233999023E+04    7.3087036904E-07
    2.3243999023E+04    5.5222517743E-07
    2.3253999023E+04    1.6230447819E-06
    2.3263999023E+04    2.4182004759E-06
    2.3273999023E+04    1.8933583825E-06
    2.3283999023E+04    1.3141081016E-06
    2.3293999023E+04    2.1222712126E-06
    2.3303999023E+04    1.8434552467E-06
    2.3313999023E+04    6.3024737545E-07
    2.3323999023E+04    2.4204886684E-07
    2.3333999023E+04    1.8620649150E-06
    2.3343999023E+04    1.2659740651E-06
    2.3353999023E+04    3.2026885269E-07
    2.3363999023E+04    5.5511881836E-07
    2.3373999023E+04    1.9370175810E-06
    2.3383999023E+04    2.8865280937E-06
    2.3393999023E+04    4.7888027031E-07
    2.3403999023E+04    1.8576509846E-06
    2.3413999023E+04    8.4535891807E-07
    2.3423999023E+04    2.0507858680E-06
    2.3433999023E+04    1.5972566992E-11
    2.3443999023E+04    1.3518342258E-06
    2.3453999023E+04    1.0825111522E-06
    2.3463999023E+04    5.1701529936E-07
    2.3473999023E+04    4.2103381002E-08
    2.3483999023E+04    1.2817705402E-06
    2.3493999023E+04    1.9884723997E-06
    2.3503999023E+04    1.2907845275E-06
    2.3513999023E+04    5.2387949686E-07
    2.3523999023E+04    1.5639248469E-06
    2.3533999023E+04    1.2344016700E-06
    2.3543999023E+04    1.6311473389E-06
    2.3553999023E+04    3.0318098830E-07
    2.3563999023E+04    1.5841495926E-06
    2.3573999023E+04    4.6009001741E-07
    2.3583999023E+04    1.3748412628E-06
    2.3593999023E+04    5.2611045349E-07
    2.3603999023E+04    1.0685090294E-06
    2.3613999023E+04    8.5774313765E-07
    2.3623999023E+04    1.0655933059E-06
    2.3633999023E+04    9.5780458286E-07
    2.3643999023E+04    6.3426358967E-07
    2.3653999023E+04    8.1284541803E-07
    2.3663999023E+04    1.9071355089E-07
    2.3673999023E+04    4.5543904336E-07
    2.3683999023E+04    2.4134697416E-07
    2.3693999023E+04    2.1294834820E-07
    2.3703999023E+04    5.1770676244E-07
    2.3713999023E+04    1.6057219237E-07
    2.3723999023E+04    5.4431813975E-07
    2.3733999023E+04    2.4512098705E-12
    2.3743999023E+04    3.2646003187E-07
    2.3753999023E+04    1.6705223958E-07
    2.3763999023E+04    2.0462729144E-07
    2.3773999023E+04    2.7511281620E-07
    2.3783999023E+04    2.0844375908E-07
    2.3793999023E+04    3.4058316968E-07
    2.3803999023E+04    8.4408673094E-08
    2.3813999023E+04    2.2760287372E-07
    2.3823999023E+04    1.2420435916E-07
    2.3833999023E+04    6.9512916061E-08
    2.3843999023E+04    4.8681596758E-08
    2.3853999023E+04    2.4650960308E-07
    2.3863999023E+04    1.3952636797E-07
    2.3873999023E+04    7.6177506487E-08
    2.3883999023E+04    3.5832131785E-08
    2.3893999023E+04    6.3545096462E-13
    2.3903999023E+04    1.4862487393E-08
    2.3913999023E+04    3.5376997345E-09
    2.3923999023E+04    7.9001230110E-09
    2.3933999023E+04    2.6553068170E-08
    2.3943999023E+04    1.0451191788E-08
    2.3953999023E+04    6.1040639525E-08
    2.3963999023E+04    9.9940425059E-10
    2.3973999023E+04    5.1565480612E-08
    2.3983999023E+04    4.9609120096E-08
    2.3993999023E+04    1.2243886229E-08
    2.4003999023E+04    7.5753599207E-09
    2.4013999023E+04    4.1185082406E-09
    2.4023999023E+04    1.4383250867E-08
    2.4033999023E+04    3.3171008173E-08
    2.4043999023E+04    5.2276703645E-09
    2.4053999023E+04    1.5620719758E-08
    2.4063999023E+04    4.4844137145E-09
    2.4073999023E+04    6.4078811508E-09
    2.4083999023E+04    9.8943825623E-09
    2.4093999023E+04    1.2996292404E-08
    2.4103999023E+04    2.5903381451E-09
    2.4113999023E+04    1.8669659865E-09
    2.4123999023E+04    9.1978381905E-09
    2.4133999023E+04    1.4965563083E-09
    2.4143999023E+04    1.6563591962E-09
    2.4153999023E+04    1.7968706166E-09
    2.4163999023E+04    1.9667778373E-09
    2.4173999023E+04    2.0554206004E-09
    2.4183999023E+04    2.9565428597E-09
    2.4193999023E+04    3.8428757741E-09
    2.4203999023E+04    1.5416318574E-09
    2.4213999023E+04    1.4159801772E-09
    2.4223999023E+04    3.4114585942E-11
    2.4233999023E+04    8.8167987093E-10
    2.4243999023E+04    1.6100745922E-09
    2.4253999023E+04    3.0946110329E-10
    2.4263999023E+04    5.3242459330E-10
    2.4273999023E+04    1.1779768513E-09
    2.4283999023E+04    8.2089451840E-10
    2.4293999023E+04    1.0849137755E-09
    2.4303999023E+04    5.7680310675E-10
    2.4313999023E+04    1.9666632536E-10
    2.4323999023E+04    9.6431338290E-10
    2.4333999023E+04    2.6041705473E-15
    2.4343999023E+04    1.4335373695E-10
    2.4353999023E+04    3.1320480911E-10
    2.4363999023E+04    3.6868189249E-10
    2.4373999023E+04    4.6788503366E-11
    2.4383999023E+04    8.6532162215E-11
    2.4393999023E+04    3.4474062843E-10
    2.4403999023E+04    1.7013348801E-10
    2.4413999023E+04    1.1977272925E-10
    2.4423999023E+04    5.2779750703E-11
    2.4433999023E+04    1.9443032170E-11
    2.4443999023E+04    8.9802828502E-11
    2.4453999023E+04    8.6939404670E-11
    2.4463999023E+04    1.5356731378E-11
    2.4473999023E+04    7.6827975974E-11
    2.4483999023E+04    8.3601405062E-11
    2.4493999023E+04    1.8843611583E-11
    2.4503999023E+04    2.8191881922E-11
    2.4513999023E+04    4.2884242450E-11
    2.4523999023E+04    5.5274532750E-12
    2.4533999023E+04    2.0668146316E-13
    2.4543999023E+04    3.8528813217E-11
    2.4553999023E+04    6.8282576716E-11
    2.4563999023E+04    3.0202190547E-11
    2.4573999023E+04    1.4268806028E-11
    2.4583999023E+04    3.6286181086E-11
    2.4593999023E+04    1.0206658226E-11
    2.4603999023E+04    1.1895940811E-16
    2.4613999023E+04    6.2501027564E-12
    2.4623999023E+04    2.7944193030E-11
    2.4633999023E+04    2.0384771555E-11
    2.4643999023E+04    1.2249643126E-11
    2.4653999023E+04    2.0600251315E-11
    2.4663999023E+04    2.8500643883E-11
    2.4673999023E+04    7.2299513909E-17
    2.4683999023E+04    6.0928904760E-12
    2.4693999023E+04    9.6524369445E-12
    2.4703999023E+04    8.8998181594E-12
    2.4713999023E+04    5.6166582997E-12
    2.4723999023E+04    1.8252378291E-13
    2.4733999023E+04    1.1446806383E-11
    2.4743999023E+04    6.3524628432E-13
    2.4753999023E+04    5.0762131773E-12
    2.4763999023E+04    1.7618896490E-12
    2.4773999023E+04    3.3021159577E-13
    2.4783999023E+04    7.9796281812E-12
    2.4793999023E+04    5.2025878653E-13
    2.4803999023E+04    6.6345179607E-12
    2.4813999023E+04    1.8532434272E-17
    2.4823999023E+04    1.1030624891E-12
    2.4833999023E+04    1.4751704923E-17
    2.4843999023E+04    4.4238389170E-12
    2.4853999023E+04    1.2176347528E-17
    2.4863999023E+04    1.0972747141E-13
    2.4873999023E+04    3.6906118276E-12
    2.4883999023E+04    8.7123146925E-13
    2.4893999023E+04    2.1258909177E-12
    2.4903999023E+04    7.1528311996E-18
    2.4913999023E+04    3.1023028257E-12
    2.4923999023E+04    5.7119227109E-18
    2.4933999023E+04    2.6044407749E-13
    2.4943999023E+04    1.4417946617E-12
    2.4953999023E+04    7.9117439087E-14
    2.4963999023E+04    1.0222579322E-12
    2.4973999023E+04    1.8162597946E-13
    2.4983999023E+04    6.0755642947E-13
    2.4993999023E+04    1.8096889337E-13
    2.5003999023E+04    8.2718702945E-13
    2.5013999023E+04    2.0530837468E-18
    2.5023999023E+04    1.8318302356E-18
    2.5033999023E+04    5.6410689158E-13
    2.5043999023E+04    4.9688990774E-13
    2.5053999023E+04    1.3001215705E-18
    2.5063999023E+04    7.8731646303E-13
    2.5073999023E+04    2.1235235871E-14
    2.5083999023E+04    9.3290385084E-19
    2.5093999023E+04    3.6792972845E-13
    2.5103999023E+04    1.5700586109E-13
    2.5113999023E+04    1.4002329665E-13
    2.5123999023E+04    2.3702244317E-14
    2.5133999023E+04    2.2984585841E-13
    2.5143999023E+04    3.7904278839E-14
    2.5153999023E+04    7.0231701125E-14
    2.5163999023E+04    3.8496510112E-19
    2.5173999023E+04    1.9045298779E-14
    2.5183999023E+04    3.0964710228E-19
    2.5193999023E+04    2.7743237238E-19
    2.5203999023E+04    2.4865994595E-19
    2.5213999023E+04    1.0495625898E-14
    2.5223999023E+04    7.9325935396E-14
    2.5233999023E+04    1.7852796011E-14
    2.5243999023E+04    4.4413151214E-15
    2.5253999023E+04    1.4361385124E-14
    2.5263999023E+04    9.2342069770E-15
    2.5273999023E+04    1.1701899230E-19
    2.5283999023E+04    3.6056215004E-14
    2.5293999023E+04    6.1803513388E-14
    2.5303999023E+04    3.9469834812E-14
    2.5313999023E+04    5.6772140432E-14
    2.5323999023E+04    2.0809510495E-14
    2.5333999023E+04    7.1905316648E-14
    2.5343999023E+04    2.9740526073E-14
    2.5353999023E+04    1.6695073511E-14
    2.5363999023E+04    2.3533551860E-14
    2.5373999023E+04    9.0501812674E-15
    2.5383999023E+04    1.0439876372E-14
    2.5393999023E+04    8.7577270410E-15
    2.5403999023E+04    9.1151933078E-15
    2.5413999023E+04    2.7208827182E-20
    2.5423999023E+04    2.4530391714E-20
    2.5433999023E+04    7.2321666782E-15
    2.5443999023E+04    3.9833068424E-15
    2.5453999023E+04    1.2660133015E-14
    2.5463999023E+04    2.0238145030E-15
    2.5473999023E+04    9.2301048130E-15
    2.5483999023E+04    7.5180963934E-15
    2.5493999023E+04    5.8522398606E-15
    2.5503999023E+04    2.6419148429E-15
    2.5513999023E+04    9.5233692946E-15
    2.5523999023E+04    1.0164515500E-16
    2.5533999023E+04    6.1846201110E-15
    2.5543999023E+04    4.9359564813E-15
    2.5553999023E+04    8.9208028371E-15
    2.5563999023E+04    6.7308627198E-15
    2.5573999023E+04    6.6274937327E-15
    2.5583999023E+04    6.7025273826E-15
    2.5593999023E+04    6.7772071718E-15
    2.5603999023E+04    5.0615775614E-15
    2.5613999023E+04    3.9564693590E-15
    2.5623999023E+04    3.4684266725E-15
    2.5633999023E+04    5.0825804735E-15
    2.5643999023E+04    3.8478135309E-15
    2.5653999023E+04    1.5591075395E-15
    2.5663999023E+04    1.0929075642E-15
    2.5673999023E+04    1.3914794223E-15
    2.5683999023E+04    3.7467583583E-15
    2.5693999023E+04    1.2067978804E-15
    2.5703999023E+04    8.0804718647E-16
    2.5713999023E+04    2.4292646936E-15
    2.5723999023E+04    1.7310212456E-15
    2.5733999023E+04    9.7828379977E-16
    2.5743999023E+04    1.3408945555E-15
    2.5753999023E+04    3.4454705237E-16
    2.5763999023E+04    1.0499090238E-15
    2.5773999023E+04    9.6448627816E-16
    2.5783999023E+04    6.1019656747E-16
    2.5793999023E+04    5.8264656515E-16
    2.5803999023E+04    7.8093017499E-16
    2.5813999023E+04    5.5154882854E-16
    2.5823999023E+04    2.3101768164E-16
    2.5833999023E+04    6.4743603588E-16
    2.5843999023E+04    2.4418076774E-16
    2.5853999023E+04    3.7534806535E-16
    2.5863999023E+04    1.7083198090E-16
    2.5873999023E+04    3.4160601646E-16
    2.5883999023E+04    3.0566521039E-16
    2.5893999023E+04    1.4480778009E-16
    2.5903999023E+04    4.0529550256E-17
    2.5913999023E+04    2.0767910376E-16
    2.5923999023E+04    8.6291393504E-17
    2.5933999023E+04    1.8313985589E-16
    2.5943999023E+04    3.4218160343E-17
    2.5953999023E+04    1.2571186918E-16
    2.5963999023E+04    1.0328437311E-16
    2.5973999023E+04    3.0401986603E-17
    2.5983999023E+04    5.2540378209E-17
    2.5993999023E+04    5.7132718333E-17
    2.6003999023E+04    3.8878105144E-17
