###   Wavelength (A)        Transmission
    5.5059997559E+03    9.4712226099E-11
    5.5159997559E+03    4.8924171868E-13
    5.5259997559E+03    6.9325957682E-13
    5.5359997559E+03    7.2461772862E-13
    5.5459997559E+03    3.0516008905E-11
    5.5559997559E+03    2.0302190229E-10
    5.5659997559E+03    7.4950365297E-11
    5.5759997559E+03    8.8126572434E-13
    5.5859997559E+03    1.1097457702E-10
    5.5959997559E+03    1.2856329224E-12
    5.6059997559E+03    1.4704984341E-12
    5.6159997559E+03    4.2981836970E-10
    5.6259997559E+03    1.7891654424E-12
    5.6359997559E+03    8.9405863363E-11
    5.6459997559E+03    2.3147577781E-10
    5.6559997559E+03    3.2497581258E-11
    5.6659997559E+03    4.5581450208E-10
    5.6759997559E+03    2.4236815407E-10
    5.6859997559E+03    2.2245093434E-12
    5.6959997559E+03    2.2641418404E-12
    5.7059997559E+03    2.3160480976E-12
    5.7159997559E+03    6.9703153597E-11
    5.7259997559E+03    2.4518216838E-12
    5.7359997559E+03    2.5277112346E-12
    5.7459997559E+03    3.4813641995E-12
    5.7559997559E+03    1.6920878468E-10
    5.7659997559E+03    4.3438575416E-12
    5.7759997559E+03    1.1579779250E-11
    5.7859997559E+03    1.3568000306E-10
    5.7959997559E+03    1.2874971531E-10
    5.8059997559E+03    4.6535463168E-12
    5.8159997559E+03    5.0643967036E-12
    5.8259997559E+03    2.7300566751E-10
    5.8359997559E+03    7.2411637383E-11
    5.8459997559E+03    6.3620584738E-12
    5.8559997559E+03    1.6772574476E-10
    5.8659997559E+03    7.4487005024E-12
    5.8759997559E+03    7.8797519619E-12
    5.8859997559E+03    1.3087604498E-11
    5.8959997559E+03    2.8487421089E-10
    5.9059997559E+03    8.7006018089E-12
    5.9159997559E+03    3.0610516749E-10
    5.9259997559E+03    1.4662322940E-10
    5.9359997559E+03    9.2409338769E-12
    5.9459997559E+03    3.6477904432E-10
    5.9559997559E+03    9.5246217637E-12
    5.9659997559E+03    9.6451052409E-12
    5.9759997559E+03    7.4592323627E-11
    5.9859997559E+03    9.8731415462E-12
    5.9959997559E+03    8.6633596360E-11
    6.0059997559E+03    1.0138520604E-11
    6.0159997559E+03    1.8183481885E-11
    6.0259997559E+03    5.4609372099E-11
    6.0359997559E+03    1.8315630250E-10
    6.0459997559E+03    1.4659619017E-10
    6.0559997559E+03    1.1170564713E-11
    6.0659997559E+03    1.1359687818E-11
    6.0759997559E+03    1.9092033984E-10
    6.0859997559E+03    1.1738359256E-11
    6.0959997559E+03    1.5191133930E-10
    6.1059997559E+03    9.0483664323E-11
    6.1159997559E+03    1.3901758379E-10
    6.1259997559E+03    1.3881231442E-10
    6.1359997559E+03    3.0829544874E-10
    6.1459997559E+03    1.2669489867E-11
    6.1559997559E+03    1.2783463506E-11
    6.1659997559E+03    4.5441483774E-10
    6.1759997559E+03    1.3170856813E-11
    6.1859997559E+03    1.3380985506E-11
    6.1959997559E+03    1.9130842325E-10
    6.2059997559E+03    1.3726303265E-11
    6.2159997559E+03    4.7556764227E-11
    6.2259997559E+03    6.3094752090E-10
    6.2359997559E+03    1.4181386194E-11
    6.2459997559E+03    1.1715783225E-09
    6.2559997559E+03    1.4485093303E-11
    6.2659997559E+03    1.4637638230E-11
    6.2759997559E+03    2.8606551537E-10
    6.2859997559E+03    4.6285254426E-10
    6.2959997559E+03    1.5076347590E-11
    6.3059997559E+03    1.5231939538E-11
    6.3159997559E+03    1.1951838541E-09
    6.3259997559E+03    1.6069971139E-09
    6.3359997559E+03    1.8159419805E-09
    6.3459997559E+03    7.2493447176E-10
    6.3559997559E+03    1.5899297049E-11
    6.3659997559E+03    2.0014095867E-09
    6.3759997559E+03    6.8215003444E-11
    6.3859997559E+03    1.0941779343E-09
    6.3959997559E+03    1.6410661177E-11
    6.4059997559E+03    1.9303892933E-09
    6.4159997559E+03    2.0846784297E-10
    6.4259997559E+03    8.0799422759E-10
    6.4359997559E+03    6.5487122322E-11
    6.4459997559E+03    2.0168457541E-09
    6.4559997559E+03    2.0175756729E-09
    6.4659997559E+03    9.1780246010E-10
    6.4759997559E+03    1.0520988641E-09
    6.4859997559E+03    6.2719099600E-11
    6.4959997559E+03    1.7810314171E-09
    6.5059997559E+03    5.3668658423E-10
    6.5159997559E+03    6.3685312715E-11
    6.5259997559E+03    8.5515044929E-10
    6.5359997559E+03    9.4379646722E-10
    6.5459997559E+03    5.8698715436E-10
    6.5559997559E+03    3.1892759829E-09
    6.5659997559E+03    9.2551149969E-10
    6.5759997559E+03    1.5469179587E-09
    6.5859997559E+03    2.3220685170E-09
    6.5959997559E+03    4.6708238109E-10
    6.6059997559E+03    6.5547212307E-10
    6.6159997559E+03    1.8818318517E-11
    6.6259997559E+03    3.7104229022E-09
    6.6359997559E+03    1.1673487168E-09
    6.6459997559E+03    1.2492375201E-09
    6.6559997559E+03    1.5144856957E-09
    6.6659997559E+03    1.9181178426E-11
    6.6759997559E+03    3.0042410038E-09
    6.6859997559E+03    2.8213879606E-09
    6.6959997559E+03    2.7365142460E-10
    6.7059997559E+03    7.2650985351E-11
    6.7159997559E+03    8.2950089971E-10
    6.7259997559E+03    1.0306152533E-09
    6.7359997559E+03    7.6012773060E-10
    6.7459997559E+03    3.0865676081E-11
    6.7559997559E+03    8.5000449116E-10
    6.7659997559E+03    3.8337734888E-09
    6.7759997559E+03    1.5948753911E-09
    6.7859997559E+03    1.7605092441E-09
    6.7959997559E+03    2.5454854146E-09
    6.8059997559E+03    1.0927686970E-09
    6.8159997559E+03    2.0218488982E-11
    6.8259997559E+03    3.5354889634E-09
    6.8359997559E+03    3.9537879579E-09
    6.8459997559E+03    1.5849387243E-09
    6.8559997559E+03    1.9849550527E-09
    6.8659997559E+03    3.8504472072E-09
    6.8759997559E+03    1.9283640847E-09
    6.8859997559E+03    2.0626536020E-11
    6.8959997559E+03    2.5427341720E-09
    6.9059997559E+03    2.7667279103E-09
    6.9159997559E+03    8.7952126774E-10
    6.9259997559E+03    2.9229835520E-09
    6.9359997559E+03    2.3011501868E-09
    6.9459997559E+03    1.4190987636E-09
    6.9559997559E+03    1.5377195575E-10
    6.9659997559E+03    4.2729103111E-09
    6.9759997559E+03    1.1496744971E-09
    6.9859997559E+03    8.9886249884E-10
    6.9959997559E+03    1.2760002972E-09
    7.0059997559E+03    1.3559533193E-09
    7.0159997559E+03    1.5254201229E-09
    7.0259997559E+03    7.3338310309E-10
    7.0359997559E+03    8.4271710355E-11
    7.0459997559E+03    1.7397045994E-09
    7.0559997559E+03    2.1792333342E-11
    7.0659997559E+03    8.5445210460E-10
    7.0759997559E+03    5.8928112921E-10
    7.0859997559E+03    2.5493602894E-09
    7.0959997559E+03    1.9444531574E-09
    7.1059997559E+03    2.4399138721E-09
    7.1159997559E+03    1.9453459659E-09
    7.1259997559E+03    1.6241503001E-09
    7.1359997559E+03    2.4983779665E-09
    7.1459997559E+03    9.3062639050E-10
    7.1559997559E+03    2.2145745370E-09
    7.1659997559E+03    9.6867557731E-10
    7.1759997559E+03    2.2766528476E-11
    7.1859997559E+03    9.1375717035E-10
    7.1959997559E+03    4.1569823423E-09
    7.2059997559E+03    1.9844051383E-09
    7.2159997559E+03    6.9883527954E-10
    7.2259997559E+03    3.6131424581E-09
    7.2359997559E+03    1.7559766835E-10
    7.2459997559E+03    1.9419227658E-10
    7.2559997559E+03    1.8270218393E-09
    7.2659997559E+03    1.1317521011E-09
    7.2759997559E+03    4.3286395579E-10
    7.2859997559E+03    2.3747564745E-11
    7.2959997559E+03    2.3851447061E-11
    7.3059997559E+03    2.5480983182E-09
    7.3159997559E+03    5.8930046190E-10
    7.3259997559E+03    4.1375569723E-09
    7.3359997559E+03    6.2776876047E-09
    7.3459997559E+03    2.9729404493E-09
    7.3559997559E+03    4.3632184339E-09
    7.3659997559E+03    3.8334650735E-09
    7.3759997559E+03    4.2823058582E-09
    7.3859997559E+03    3.6603998601E-09
    7.3959997559E+03    6.8396716831E-09
    7.4059997559E+03    2.7949111857E-09
    7.4159997559E+03    3.6485472317E-09
    7.4259997559E+03    1.4926009570E-09
    7.4359997559E+03    5.0067453091E-10
    7.4459997559E+03    1.1194050054E-09
    7.4559997559E+03    2.1655003532E-09
    7.4659997559E+03    4.4300454094E-09
    7.4759997559E+03    2.5366192940E-11
    7.4859997559E+03    2.3953456315E-09
    7.4959997559E+03    1.8088185537E-09
    7.5059997559E+03    3.5394515996E-09
    7.5159997559E+03    9.9961315640E-11
    7.5259997559E+03    2.8283030557E-09
    7.5359997559E+03    2.5792083981E-11
    7.5459997559E+03    7.9095613437E-09
    7.5559997559E+03    2.2344812590E-10
    7.5659997559E+03    2.9186224353E-10
    7.5759997559E+03    2.0573692801E-09
    7.5859997559E+03    2.1729209444E-09
    7.5959997559E+03    2.6145904564E-11
    7.6059997559E+03    6.2562262753E-09
    7.6159997559E+03    2.6245743787E-11
    7.6259997559E+03    5.6641352819E-09
    7.6359997559E+03    2.6381496212E-11
    7.6459997559E+03    6.8938060135E-09
    7.6559997559E+03    1.8334196348E-09
    7.6659997559E+03    4.8841812591E-09
    7.6759997559E+03    2.6591047286E-11
    7.6859997559E+03    4.7335214076E-09
    7.6959997559E+03    1.1017916822E-09
    7.7059997559E+03    3.5453988736E-09
    7.7159997559E+03    1.1852480287E-10
    7.7259997559E+03    4.9984994046E-09
    7.7359997559E+03    2.1938593175E-09
    7.7459997559E+03    3.1921906621E-09
    7.7559997559E+03    1.2159233615E-08
    7.7659997559E+03    7.9191606316E-09
    7.7759997559E+03    3.1373681094E-09
    7.7859997559E+03    3.1393927868E-10
    7.7959997559E+03    4.5024541659E-09
    7.8059997559E+03    3.4763452988E-09
    7.8159997559E+03    4.9520531756E-09
    7.8259997559E+03    2.3163739921E-09
    7.8359997559E+03    4.0998101789E-09
    7.8459997559E+03    1.5664943075E-09
    7.8559997559E+03    3.5176126229E-09
    7.8659997559E+03    7.1690224854E-09
    7.8759997559E+03    3.6530770421E-09
    7.8859997559E+03    8.2673628563E-09
    7.8959997559E+03    1.9499265114E-09
    7.9059997559E+03    1.0690231995E-09
    7.9159997559E+03    2.7148167442E-11
    7.9259997559E+03    2.4852765138E-09
    7.9359997559E+03    1.2065485428E-08
    7.9459997559E+03    1.7710172507E-09
    7.9559997559E+03    9.4809921194E-10
    7.9659997559E+03    8.4515461036E-09
    7.9759997559E+03    6.9964713860E-10
    7.9859997559E+03    3.5055607994E-09
    7.9959997559E+03    2.7939989067E-11
    8.0059997559E+03    7.7318304459E-10
    8.0159997559E+03    2.8033780838E-11
    8.0259997559E+03    2.8098002059E-11
    8.0359997559E+03    1.4897983337E-09
    8.0459997559E+03    2.4024420543E-10
    8.0559997559E+03    1.9116428342E-08
    8.0659997559E+03    8.9165447565E-09
    8.0759997559E+03    8.6355769086E-09
    8.0859997559E+03    2.0730943135E-08
    8.0959997559E+03    2.4993288288E-08
    8.1059997559E+03    2.6007891368E-08
    8.1159997559E+03    5.1587116541E-09
    8.1259997559E+03    2.8536588848E-11
    8.1359997559E+03    3.1628948651E-11
    8.1459997559E+03    4.9787831309E-09
    8.1559997559E+03    2.8621580334E-11
    8.1659997559E+03    8.5800388875E-09
    8.1759997559E+03    9.4987656039E-09
    8.1859997559E+03    4.5379459928E-09
    8.1959997559E+03    1.1257560967E-08
    8.2059997559E+03    1.1798136904E-08
    8.2159997559E+03    9.1028266597E-09
    8.2259997559E+03    1.7765356581E-08
    8.2359997559E+03    4.2563320434E-10
    8.2459997559E+03    3.0039746500E-09
    8.2559997559E+03    2.8939663161E-11
    8.2659997559E+03    1.5357348168E-09
    8.2759997559E+03    9.9522390335E-09
    8.2859997559E+03    2.9041408593E-11
    8.2959997559E+03    2.9056320157E-11
    8.3059997559E+03    2.8944680723E-08
    8.3159997559E+03    2.9163987465E-11
    8.3259997559E+03    1.8289519968E-08
    8.3359997559E+03    1.0997183846E-08
    8.3459997559E+03    2.6615783198E-08
    8.3559997559E+03    2.9286263276E-11
    8.3659997559E+03    1.7619908558E-09
    8.3759997559E+03    1.3536505720E-08
    8.3859997559E+03    1.0769100189E-08
    8.3959997559E+03    2.9402244855E-11
    8.4059997559E+03    2.7585759332E-09
    8.4159997559E+03    2.9488388708E-11
    8.4259997559E+03    4.0963621929E-09
    8.4359997559E+03    8.2507868139E-09
    8.4459997559E+03    2.9619813551E-11
    8.4559997559E+03    2.9702436089E-11
    8.4659997559E+03    4.0734581550E-08
    8.4759997559E+03    1.6507473839E-08
    8.4859997559E+03    2.1390033462E-08
    8.4959997559E+03    6.3886847044E-08
    8.5059997559E+03    1.1763601083E-08
    8.5159997559E+03    1.8176036433E-09
    8.5259997559E+03    3.0006008529E-11
    8.5359997559E+03    3.0066972725E-11
    8.5459997559E+03    3.0103377103E-11
    8.5559997559E+03    1.0946263309E-07
    8.5659997559E+03    1.9509600234E-08
    8.5759997559E+03    8.6119327896E-08
    8.5859997559E+03    8.6153421314E-08
    8.5959997559E+03    3.0262925300E-11
    8.6059997559E+03    3.0291576033E-11
    8.6159997559E+03    1.3533951572E-07
    8.6259997559E+03    1.1257405262E-07
    8.6359997559E+03    3.3117440789E-07
    8.6459997559E+03    3.0387418546E-11
    8.6559997559E+03    5.6850746708E-08
    8.6659997559E+03    7.2186104947E-08
    8.6759997559E+03    3.5460879027E-08
    8.6859997559E+03    2.1514202240E-07
    8.6959997559E+03    3.6137019228E-07
    8.7059997559E+03    3.0482419982E-11
    8.7159997559E+03    1.2760774297E-07
    8.7259997559E+03    3.6925120683E-07
    8.7359997559E+03    3.9651985576E-08
    8.7459997559E+03    3.0743247211E-11
    8.7559997559E+03    2.5591399478E-07
    8.7659997559E+03    4.2746413100E-07
    8.7759997559E+03    3.0928553431E-11
    8.7859997559E+03    3.0974913180E-11
    8.7959997559E+03    3.1001428971E-11
    8.8059997559E+03    1.1311031757E-06
    8.8159997559E+03    8.1348932462E-07
    8.8259997559E+03    1.1766604770E-06
    8.8359997559E+03    3.4495346583E-06
    8.8459997559E+03    3.1140841021E-11
    8.8559997559E+03    9.1901794727E-08
    8.8659997559E+03    7.8132073935E-07
    8.8759997559E+03    2.1502795482E-06
    8.8859997559E+03    8.1925503506E-07
    8.8959997559E+03    8.2060232623E-07
    8.9059997559E+03    6.1234442529E-07
    8.9159997559E+03    3.1355639847E-11
    8.9259997559E+03    6.3306433433E-07
    8.9359997559E+03    5.7228480673E-07
    8.9459997559E+03    5.9227792481E-07
    8.9559997559E+03    1.1563965372E-06
    8.9659997559E+03    1.9649444958E-06
    8.9759997559E+03    6.2226382699E-07
    8.9859997559E+03    1.0101279186E-06
    8.9959997559E+03    4.2780357636E-07
    9.0059997559E+03    5.8624730410E-07
    9.0159997559E+03    2.2470517193E-06
    9.0259997559E+03    3.1547274852E-07
    9.0359997559E+03    8.9525981571E-07
    9.0459997559E+03    5.9952061742E-07
    9.0559997559E+03    1.0954114241E-06
    9.0659997559E+03    4.1674121173E-07
    9.0759997559E+03    1.3701875208E-06
    9.0859997559E+03    1.6583285396E-06
    9.0959997559E+03    1.1499157545E-06
    9.1059997559E+03    5.3193290750E-07
    9.1159997559E+03    6.9530314735E-08
    9.1259997559E+03    2.3617206890E-06
    9.1359997559E+03    1.1628521182E-06
    9.1459997559E+03    1.4521666122E-06
    9.1559997559E+03    3.1708076480E-07
    9.1659997559E+03    6.2661884171E-07
    9.1759997559E+03    9.4096951082E-07
    9.1859997559E+03    3.1392493358E-07
    9.1959997559E+03    8.9244373655E-07
    9.2059997559E+03    7.3545068985E-07
    9.2159997559E+03    7.5605348898E-07
    9.2259997559E+03    3.5079097537E-07
    9.2359997559E+03    1.1115923300E-06
    9.2459997559E+03    1.0171837115E-06
    9.2559997559E+03    2.1385023929E-07
    9.2659997559E+03    6.1201103153E-07
    9.2759997559E+03    9.9212496123E-07
    9.2859997559E+03    4.0471281273E-07
    9.2959997559E+03    6.4846103043E-07
    9.3059997559E+03    3.5798437647E-07
    9.3159997559E+03    6.9174065096E-07
    9.3259997559E+03    1.6486557973E-07
    9.3359997559E+03    4.6622215149E-07
    9.3459997559E+03    2.8659229385E-07
    9.3559997559E+03    6.8347633505E-07
    9.3659997559E+03    5.7261674220E-07
    9.3759997559E+03    4.2502857396E-07
    9.3859997559E+03    1.1155975460E-06
    9.3959997559E+03    7.7181455753E-07
    9.4059997559E+03    4.6713738343E-07
    9.4159997559E+03    4.3123370471E-07
    9.4259997559E+03    3.5412178496E-07
    9.4359997559E+03    9.2447877493E-07
    9.4459997559E+03    3.2883366857E-07
    9.4559997559E+03    4.1653615528E-07
    9.4659997559E+03    1.7306975747E-07
    9.4759997559E+03    3.5987948616E-08
    9.4859997559E+03    1.6390540117E-06
    9.4959997559E+03    1.5373164634E-07
    9.5059997559E+03    1.1256918843E-06
    9.5159997559E+03    3.2328858389E-11
    9.5259997559E+03    4.8409605017E-07
    9.5359997559E+03    2.8719451311E-07
    9.5459997559E+03    5.2289664426E-07
    9.5559997559E+03    6.3511444311E-07
    9.5659997559E+03    5.3038723318E-07
    9.5759997559E+03    4.7441878429E-07
    9.5859997559E+03    1.3496517932E-07
    9.5959997559E+03    6.7182589870E-07
    9.6059997559E+03    1.3834654836E-07
    9.6159997559E+03    2.5560261845E-07
    9.6259997559E+03    6.2097164960E-07
    9.6359997559E+03    1.1460540611E-07
    9.6459997559E+03    1.9521920689E-07
    9.6559997559E+03    8.0778290045E-07
    9.6659997559E+03    2.0993385097E-07
    9.6759997559E+03    5.7126318461E-07
    9.6859997559E+03    3.8655578158E-07
    9.6959997559E+03    4.0595967198E-07
    9.7059997559E+03    8.0447098540E-08
    9.7159997559E+03    6.5724873389E-07
    9.7259997559E+03    1.7468474413E-07
    9.7359997559E+03    4.6899507200E-07
    9.7459997559E+03    1.2248165759E-07
    9.7559997559E+03    8.0329524256E-07
    9.7659997559E+03    2.0759861416E-07
    9.7759997559E+03    3.7300783500E-07
    9.7859997559E+03    7.2644790893E-07
    9.7959997559E+03    2.4512671066E-07
    9.8059997559E+03    8.7338382578E-07
    9.8159997559E+03    1.1604002517E-08
    9.8259997559E+03    4.6300704955E-07
    9.8359997559E+03    7.0600748500E-07
    9.8459997559E+03    7.3197571590E-08
    9.8559997559E+03    2.9049066067E-07
    9.8659997559E+03    3.3600234780E-07
    9.8759997559E+03    1.7350524679E-07
    9.8859997559E+03    5.2129229362E-07
    9.8959997559E+03    1.1864462469E-07
    9.9059997559E+03    1.8287071156E-07
    9.9159997559E+03    4.9664483547E-08
    9.9259997559E+03    4.1747756932E-07
    9.9359997559E+03    3.1347075893E-07
    9.9459997559E+03    4.8915665580E-07
    9.9559997559E+03    9.7714388243E-08
    9.9659997559E+03    1.5689632758E-07
    9.9759997559E+03    4.0476555433E-07
    9.9859997559E+03    3.8841616698E-09
    9.9959997559E+03    3.6749811411E-07
    1.0005999756E+04    5.1135032821E-07
    1.0015999756E+04    3.3105779795E-07
    1.0025999756E+04    2.3904775277E-07
    1.0035999756E+04    1.2656636060E-07
    1.0045999756E+04    2.9479750299E-07
    1.0055999756E+04    1.0913043469E-07
    1.0065999756E+04    2.1891321331E-07
    1.0075999756E+04    1.6428909383E-07
    1.0085999756E+04    5.0644293746E-07
    1.0095999756E+04    5.6146818965E-08
    1.0105999756E+04    3.4496778295E-07
    1.0115999756E+04    3.1742894968E-07
    1.0125999756E+04    2.2608999037E-07
    1.0135999756E+04    2.2458988893E-07
    1.0145999756E+04    5.2228385316E-07
    1.0155999756E+04    4.5849766699E-07
    1.0165999756E+04    3.4805543556E-07
    1.0175999756E+04    2.2781302204E-07
    1.0185999756E+04    1.3067194083E-07
    1.0195999756E+04    1.7468439719E-07
    1.0205999756E+04    3.7596569288E-07
    1.0215999756E+04    3.3090044446E-07
    1.0225999756E+04    5.0167306110E-07
    1.0235999756E+04    3.2971628597E-11
    1.0245999756E+04    1.1425173752E-07
    1.0255999756E+04    2.2648522740E-07
    1.0265999756E+04    5.2981910792E-07
    1.0275999756E+04    9.5791281993E-08
    1.0285999756E+04    1.5594443990E-07
    1.0295999756E+04    3.8937986332E-07
    1.0305999756E+04    4.3455004938E-07
    1.0315999756E+04    1.3352407969E-07
    1.0325999756E+04    1.5894188050E-07
    1.0335999756E+04    3.9971585415E-07
    1.0345999756E+04    2.1224252811E-07
    1.0355999756E+04    2.7101069738E-07
    1.0365999756E+04    2.8865133070E-07
    1.0375999756E+04    4.0740985874E-07
    1.0385999756E+04    1.7776529988E-07
    1.0395999756E+04    2.5790061686E-07
    1.0405999756E+04    2.3505699364E-07
    1.0415999756E+04    1.9521387360E-07
    1.0425999756E+04    2.8618800302E-07
    1.0435999756E+04    2.1790235173E-07
    1.0445999756E+04    3.2885054540E-07
    1.0455999756E+04    3.0688616529E-07
    1.0465999756E+04    7.9742881626E-08
    1.0475999756E+04    2.2206939013E-07
    1.0485999756E+04    1.9889789150E-07
    1.0495999756E+04    3.3511504348E-07
    1.0505999756E+04    1.7042519099E-07
    1.0515999756E+04    2.3963725523E-07
    1.0525999756E+04    1.4423817580E-07
    1.0535999756E+04    2.5537897684E-07
    1.0545999756E+04    2.6840299914E-07
    1.0555999756E+04    3.0113254139E-07
    1.0565999756E+04    3.4343410157E-07
    1.0575999756E+04    3.8869758931E-07
    1.0585999756E+04    2.6306860336E-07
    1.0595999756E+04    2.4600726695E-07
    1.0605999756E+04    1.5207557688E-07
    1.0615999756E+04    3.0570289836E-07
    1.0625999756E+04    5.9766035455E-08
    1.0635999756E+04    2.1615653328E-07
    1.0645999756E+04    8.8572006309E-08
    1.0655999756E+04    2.5348352903E-07
    1.0665999756E+04    1.8360871701E-07
    1.0675999756E+04    2.7355407414E-07
    1.0685999756E+04    1.5861731136E-07
    1.0695999756E+04    1.8999957070E-07
    1.0705999756E+04    1.6090083853E-07
    1.0715999756E+04    9.8484512457E-08
    1.0725999756E+04    2.5746639262E-07
    1.0735999756E+04    1.8799942274E-07
    1.0745999756E+04    3.7670377138E-07
    1.0755999756E+04    2.2548717574E-07
    1.0765999756E+04    1.0059156935E-07
    1.0775999756E+04    9.4371200181E-08
    1.0785999756E+04    1.9003725681E-07
    1.0795999756E+04    2.0044532780E-07
    1.0805999756E+04    1.2613405155E-07
    1.0815999756E+04    1.0915532892E-07
    1.0825999756E+04    2.4747323347E-07
    1.0835999756E+04    1.2054298945E-07
    1.0845999756E+04    4.9496434406E-08
    1.0855999756E+04    3.9670650045E-07
    1.0865999756E+04    1.0806276016E-07
    1.0875999756E+04    1.2914724406E-07
    1.0885999756E+04    2.9302756333E-07
    1.0895999756E+04    1.4333789019E-07
    1.0905999756E+04    1.0757507757E-07
    1.0915999756E+04    2.2689297765E-07
    1.0925999756E+04    1.7546076978E-07
    1.0935999756E+04    1.9329455665E-07
    1.0945999756E+04    1.7906034617E-07
    1.0955999756E+04    5.1158155961E-08
    1.0965999756E+04    9.7750021541E-08
    1.0975999756E+04    2.3017431410E-07
    1.0985999756E+04    6.5939756551E-08
    1.0995999756E+04    2.4340986107E-07
    1.1005999756E+04    2.0828612901E-07
    1.1015999756E+04    1.3968885710E-07
    1.1025999756E+04    2.3385135361E-07
    1.1035999756E+04    1.6131288706E-07
    1.1045999756E+04    2.3968854899E-07
    1.1055999756E+04    1.6565784311E-07
    1.1065999756E+04    1.2130652512E-07
    1.1075999756E+04    2.4013151031E-07
    1.1085999756E+04    1.7492770467E-07
    1.1095999756E+04    3.4788424922E-07
    1.1105999756E+04    2.2764030018E-07
    1.1115999756E+04    1.0156309356E-07
    1.1125999756E+04    2.1581764247E-07
    1.1135999756E+04    1.6139627650E-07
    1.1145999756E+04    8.8007488380E-08
    1.1155999756E+04    1.2938131924E-07
    1.1165999756E+04    8.5777959625E-08
    1.1175999756E+04    1.7091059435E-07
    1.1185999756E+04    1.3124339038E-07
    1.1195999756E+04    7.8548556806E-08
    1.1205999756E+04    2.2349888970E-07
    1.1215999756E+04    7.2229826505E-08
    1.1225999756E+04    2.1395050625E-07
    1.1235999756E+04    1.1924509084E-07
    1.1245999756E+04    7.3136590788E-08
    1.1255999756E+04    2.3660830787E-07
    1.1265999756E+04    1.4061280833E-07
    1.1275999756E+04    1.6649443261E-07
    1.1285999756E+04    1.8582052004E-07
    1.1295999756E+04    1.0132456646E-07
    1.1305999756E+04    1.4806967029E-07
    1.1315999756E+04    2.3293032961E-07
    1.1325999756E+04    1.1993457592E-07
    1.1335999756E+04    2.5728068084E-07
    1.1345999756E+04    2.8278552424E-07
    1.1355999756E+04    5.7917072767E-08
    1.1365999756E+04    8.8276554161E-09
    1.1375999756E+04    3.9100183817E-07
    1.1385999756E+04    2.6203609760E-08
    1.1395999756E+04    2.4434889614E-07
    1.1405999756E+04    1.3726609647E-07
    1.1415999756E+04    1.8083400401E-07
    1.1425999756E+04    2.8826983907E-07
    1.1435999756E+04    6.6717303227E-08
    1.1445999756E+04    1.1239822392E-08
    1.1455999756E+04    2.3603768498E-07
    1.1465999756E+04    1.2225405404E-07
    1.1475999756E+04    1.8410307207E-07
    1.1485999756E+04    2.3458279864E-07
    1.1495999756E+04    3.7962500618E-11
    1.1505999756E+04    1.0824369684E-07
    1.1515999756E+04    8.0658508181E-08
    1.1525999756E+04    2.9943123042E-08
    1.1535999756E+04    6.7856052408E-08
    1.1545999756E+04    2.9894697943E-07
    1.1555999756E+04    1.3961307093E-07
    1.1565999756E+04    1.0711585344E-07
    1.1575999756E+04    1.5852903793E-07
    1.1585999756E+04    3.9554551211E-08
    1.1595999756E+04    1.1092642008E-07
    1.1605999756E+04    2.5675360895E-07
    1.1615999756E+04    1.7876433470E-07
    1.1625999756E+04    9.1637938081E-08
    1.1635999756E+04    1.7972604001E-07
    1.1645999756E+04    2.0820677047E-07
    1.1655999756E+04    1.4217295226E-07
    1.1665999756E+04    1.7769586575E-07
    1.1675999756E+04    1.1753227325E-07
    1.1685999756E+04    8.1307321581E-08
    1.1695999756E+04    1.1435252570E-07
    1.1705999756E+04    2.4995861516E-07
    1.1715999756E+04    4.8607124993E-08
    1.1725999756E+04    1.1611032612E-07
    1.1735999756E+04    7.2675985335E-08
    1.1745999756E+04    2.4034389476E-07
    1.1755999756E+04    1.9382752903E-07
    1.1765999756E+04    8.9104700975E-08
    1.1775999756E+04    2.0815612402E-07
    1.1785999756E+04    3.0668523418E-08
    1.1795999756E+04    1.7122248098E-07
    1.1805999756E+04    1.0511834713E-07
    1.1815999756E+04    3.1734917061E-07
    1.1825999756E+04    2.6451993731E-07
    1.1835999756E+04    2.5655447641E-07
    1.1845999756E+04    1.3187914679E-07
    1.1855999756E+04    1.8373127011E-07
    1.1865999756E+04    1.9002717942E-07
    1.1875999756E+04    2.4779057230E-07
    1.1885999756E+04    1.9592017388E-07
    1.1895999756E+04    4.2252398891E-08
    1.1905999756E+04    1.2677320521E-07
    1.1915999756E+04    8.1103263801E-08
    1.1925999756E+04    2.1790535126E-07
    1.1935999756E+04    1.6911072884E-07
    1.1945999756E+04    2.6621884150E-07
    1.1955999756E+04    3.8373027038E-11
    1.1965999756E+04    1.2438870115E-07
    1.1975999756E+04    8.0624215672E-08
    1.1985999756E+04    2.9193422746E-07
    1.1995999756E+04    7.7051156518E-08
    1.2005999756E+04    2.6327071672E-07
    1.2015999756E+04    2.2211102990E-07
    1.2025999756E+04    8.7829409514E-08
    1.2035999756E+04    2.3398409260E-07
    1.2045999756E+04    2.1236545414E-07
    1.2055999756E+04    2.2492914260E-07
    1.2065999756E+04    1.9499089917E-07
    1.2075999756E+04    7.2226290336E-08
    1.2085999756E+04    2.7325395461E-07
    1.2095999756E+04    3.5617226057E-07
    1.2105999756E+04    1.9334478591E-07
    1.2115999756E+04    9.1440221127E-08
    1.2125999756E+04    1.3841825267E-07
    1.2135999756E+04    3.0947317512E-07
    1.2145999756E+04    1.6438946344E-07
    1.2155999756E+04    1.1551168384E-07
    1.2165999756E+04    2.9351112916E-07
    1.2175999756E+04    2.4991144975E-07
    1.2185999756E+04    1.7527052803E-07
    1.2195999756E+04    2.1957309985E-07
    1.2205999756E+04    1.5670875215E-07
    1.2215999756E+04    1.5124563549E-07
    1.2225999756E+04    4.8480257193E-08
    1.2235999756E+04    3.9375390151E-07
    1.2245999756E+04    1.8345953844E-08
    1.2255999756E+04    2.6021201672E-07
    1.2265999756E+04    3.5879414621E-07
    1.2275999756E+04    2.4975476103E-07
    1.2285999756E+04    7.7822378752E-08
    1.2295999756E+04    2.7361245885E-07
    1.2305999756E+04    2.2227642112E-07
    1.2315999756E+04    1.3191335886E-07
    1.2325999756E+04    5.2211303335E-08
    1.2335999756E+04    2.6138883084E-07
    1.2345999756E+04    1.7595214940E-07
    1.2355999756E+04    2.2421554431E-07
    1.2365999756E+04    1.2495984258E-07
    1.2375999756E+04    2.4806839272E-07
    1.2385999756E+04    2.9316496117E-07
    1.2395999756E+04    1.7242509973E-07
    1.2405999756E+04    3.0318657892E-07
    1.2415999756E+04    1.2686460180E-07
    1.2425999756E+04    6.9871435835E-08
    1.2435999756E+04    1.8864757309E-07
    1.2445999756E+04    4.2816881767E-08
    1.2455999756E+04    2.9506006487E-07
    1.2465999756E+04    1.7451640191E-07
    1.2475999756E+04    1.2272045934E-07
    1.2485999756E+04    1.7189548847E-07
    1.2495999756E+04    3.4263763867E-07
    1.2505999756E+04    2.7105062090E-07
    1.2515999756E+04    1.8072809298E-07
    1.2525999756E+04    2.1789595896E-07
    1.2535999756E+04    2.8303210692E-07
    1.2545999756E+04    3.1059670178E-08
    1.2555999756E+04    1.6476825988E-07
    1.2565999756E+04    3.3588006281E-07
    1.2575999756E+04    3.5773561596E-07
    1.2585999756E+04    2.1451614288E-07
    1.2595999756E+04    2.9994737114E-07
    1.2605999756E+04    2.0680391663E-07
    1.2615999756E+04    3.5599768140E-07
    1.2625999756E+04    2.4866044478E-07
    1.2635999756E+04    1.4733443031E-07
    1.2645999756E+04    2.8613600593E-07
    1.2655999756E+04    2.5799072475E-07
    1.2665999756E+04    3.1748997045E-07
    1.2675999756E+04    3.3670963841E-07
    1.2685999756E+04    1.9150761005E-07
    1.2695999756E+04    2.8693012960E-07
    1.2705999756E+04    8.2631127250E-08
    1.2715999756E+04    2.5838016909E-07
    1.2725999756E+04    3.4594849129E-07
    1.2735999756E+04    1.2044654375E-07
    1.2745999756E+04    3.3014950496E-07
    1.2755999756E+04    1.7080996877E-07
    1.2765999756E+04    3.7711517164E-07
    1.2775999756E+04    2.5456123672E-07
    1.2785999756E+04    3.1312043612E-07
    1.2795999756E+04    2.2447952287E-07
    1.2805999756E+04    1.1273010934E-07
    1.2815999756E+04    1.9508602258E-07
    1.2825999756E+04    1.2690378999E-07
    1.2835999756E+04    3.2782630989E-07
    1.2845999756E+04    3.6926595937E-07
    1.2855999756E+04    1.9148563606E-07
    1.2865999756E+04    2.0532684426E-07
    1.2875999756E+04    2.2309060550E-07
    1.2885999756E+04    3.3391563430E-07
    1.2895999756E+04    1.0080671859E-07
    1.2905999756E+04    1.5212955101E-07
    1.2915999756E+04    2.7051776863E-07
    1.2925999756E+04    1.3651132022E-07
    1.2935999756E+04    1.9803701849E-07
    1.2945999756E+04    4.4211746555E-07
    1.2955999756E+04    2.4327552671E-07
    1.2965999756E+04    4.4736318733E-07
    1.2975999756E+04    1.3884588207E-07
    1.2985999756E+04    1.5517672521E-07
    1.2995999756E+04    1.4248519605E-07
    1.3005999756E+04    5.2129321199E-08
    1.3015999756E+04    4.5555625996E-08
    1.3025999756E+04    2.9399208172E-08
    1.3035999756E+04    3.6503367752E-07
    1.3045999756E+04    2.0670149862E-07
    1.3055999756E+04    2.1365414777E-07
    1.3065999756E+04    2.1891522914E-07
    1.3075999756E+04    1.9643630803E-07
    1.3085999756E+04    6.3831948415E-08
    1.3095999756E+04    2.1584401171E-07
    1.3105999756E+04    1.7841900288E-07
    1.3115999756E+04    1.6779920230E-07
    1.3125999756E+04    3.3725223015E-07
    1.3135999756E+04    2.2222276718E-07
    1.3145999756E+04    1.8284269045E-07
    1.3155999756E+04    5.7150091457E-08
    1.3165999756E+04    1.3926061279E-07
    1.3175999756E+04    1.0704701633E-07
    1.3185999756E+04    1.5428437034E-07
    1.3195999756E+04    1.1243779653E-07
    1.3205999756E+04    1.4521608781E-07
    1.3215999756E+04    1.7180977512E-07
    1.3225999756E+04    1.2974153325E-07
    1.3235999756E+04    8.5756266531E-08
    1.3245999756E+04    2.1519220673E-07
    1.3255999756E+04    1.2891048555E-07
    1.3265999756E+04    1.1204607405E-07
    1.3275999756E+04    2.3902475918E-07
    1.3285999756E+04    6.6893722714E-08
    1.3295999756E+04    2.0966582755E-07
    1.3305999756E+04    3.3130710731E-07
    1.3315999756E+04    4.4521908755E-08
    1.3325999756E+04    3.3429869519E-07
    1.3335999756E+04    7.3470113306E-08
    1.3345999756E+04    2.6677898648E-07
    1.3355999756E+04    1.9844159629E-07
    1.3365999756E+04    2.4837981525E-07
    1.3375999756E+04    3.1682689252E-07
    1.3385999756E+04    2.9744637699E-07
    1.3395999756E+04    1.9737422746E-07
    1.3405999756E+04    2.1454620283E-07
    1.3415999756E+04    1.5908974604E-07
    1.3425999756E+04    2.9984129021E-07
    1.3435999756E+04    3.3554918833E-07
    1.3445999756E+04    9.0993041441E-08
    1.3455999756E+04    2.5352513654E-07
    1.3465999756E+04    2.2175346541E-07
    1.3475999756E+04    2.7886969616E-07
    1.3485999756E+04    2.4376391025E-07
    1.3495999756E+04    1.6862537866E-07
    1.3505999756E+04    3.7500707594E-07
    1.3515999756E+04    2.3137853347E-07
    1.3525999756E+04    2.4329438973E-07
    1.3535999756E+04    2.8070528223E-07
    1.3545999756E+04    3.3558398999E-07
    1.3555999756E+04    8.2269263607E-08
    1.3565999756E+04    2.2381622806E-07
    1.3575999756E+04    6.4522902105E-08
    1.3585999756E+04    3.3893091534E-08
    1.3595999756E+04    2.1417035942E-07
    1.3605999756E+04    3.1923405744E-07
    1.3615999756E+04    1.5381686175E-07
    1.3625999756E+04    2.2222488860E-07
    1.3635999756E+04    1.8424818053E-07
    1.3645999756E+04    2.5894602025E-07
    1.3655999756E+04    1.1281645719E-07
    1.3665999756E+04    3.3264996064E-07
    1.3675999756E+04    4.5323474554E-08
    1.3685999756E+04    3.3508732610E-07
    1.3695999756E+04    7.7900943957E-08
    1.3705999756E+04    4.5580992438E-07
    1.3715999756E+04    1.9508544531E-07
    1.3725999756E+04    2.0611470864E-07
    1.3735999756E+04    2.8152754826E-07
    1.3745999756E+04    1.6141316978E-07
    1.3755999756E+04    2.4071444385E-07
    1.3765999756E+04    9.5083093307E-08
    1.3775999756E+04    2.7209090912E-07
    1.3785999756E+04    2.8523565969E-07
    1.3795999756E+04    5.1790862548E-08
    1.3805999756E+04    2.0221527504E-07
    1.3815999756E+04    1.1515105283E-07
    1.3825999756E+04    1.9496834696E-07
    1.3835999756E+04    5.4647441405E-07
    1.3845999756E+04    2.5790916050E-07
    1.3855999756E+04    2.7564626029E-07
    1.3865999756E+04    2.0401511344E-07
    1.3875999756E+04    2.5536121847E-07
    1.3885999756E+04    1.0311754523E-07
    1.3895999756E+04    3.0944529956E-07
    1.3905999756E+04    2.7821456749E-07
    1.3915999756E+04    8.2325978979E-08
    1.3925999756E+04    1.7037656218E-07
    1.3935999756E+04    7.0599217446E-08
    1.3945999756E+04    1.8621327135E-07
    1.3955999756E+04    3.4479623988E-07
    1.3965999756E+04    1.0561606520E-07
    1.3975999756E+04    1.8735950353E-07
    1.3985999756E+04    1.2395566953E-07
    1.3995999756E+04    3.1166064128E-07
    1.4005999756E+04    3.1177969717E-07
    1.4015999756E+04    3.7022496189E-07
    1.4025999756E+04    2.3499742217E-07
    1.4035999756E+04    2.3205183793E-07
    1.4045999756E+04    4.6703293179E-07
    1.4055999756E+04    1.4871908879E-07
    1.4065999756E+04    1.5859826247E-07
    1.4075999756E+04    1.9048101417E-07
    1.4085999756E+04    1.6133134897E-07
    1.4095999756E+04    4.1548478455E-07
    1.4105999756E+04    2.7880785403E-07
    1.4115999756E+04    2.0119568399E-07
    1.4125999756E+04    1.0304278885E-07
    1.4135999756E+04    4.5884817540E-07
    1.4145999756E+04    1.5664267197E-07
    1.4155999756E+04    1.1360540749E-07
    1.4165999756E+04    3.7738049232E-07
    1.4175999756E+04    8.6589221644E-08
    1.4185999756E+04    3.6961627942E-07
    1.4195999756E+04    1.9781343299E-07
    1.4205999756E+04    2.0704078388E-07
    1.4215999756E+04    3.6583188865E-07
    1.4225999756E+04    2.1832419825E-07
    1.4235999756E+04    3.1722982929E-07
    1.4245999756E+04    1.0361469629E-07
    1.4255999756E+04    2.0451529076E-07
    1.4265999756E+04    3.0007475939E-07
    1.4275999756E+04    1.1469692132E-07
    1.4285999756E+04    1.3214913780E-07
    1.4295999756E+04    2.4419335368E-07
    1.4305999756E+04    2.2947959362E-07
    1.4315999756E+04    1.9873978281E-07
    1.4325999756E+04    5.2196327429E-08
    1.4335999756E+04    2.3857499641E-07
    1.4345999756E+04    1.5615961513E-07
    1.4355999756E+04    2.0991733908E-07
    1.4365999756E+04    3.3489156125E-08
    1.4375999756E+04    2.5257755454E-07
    1.4385999756E+04    2.4387012033E-07
    1.4395999756E+04    1.5608998334E-07
    1.4405999756E+04    9.8380708845E-08
    1.4415999756E+04    1.6372833198E-07
    1.4425999756E+04    2.2483291844E-07
    1.4435999756E+04    2.4463416935E-07
    1.4445999756E+04    1.0990007953E-07
    1.4455999756E+04    1.9297984876E-07
    1.4465999756E+04    4.5922364406E-08
    1.4475999756E+04    4.0115155186E-07
    1.4485999756E+04    2.0344498918E-07
    1.4495999756E+04    2.9017183316E-07
    1.4505999756E+04    3.5689009774E-07
    1.4515999756E+04    6.8653596614E-08
    1.4525999756E+04    2.1209133447E-07
    1.4535999756E+04    3.4249526527E-07
    1.4545999756E+04    2.9692044638E-07
    1.4555999756E+04    3.0943650588E-07
    1.4565999756E+04    3.3604487132E-07
    1.4575999756E+04    1.7440532809E-07
    1.4585999756E+04    2.4380804903E-07
    1.4595999756E+04    2.6994455436E-07
    1.4605999756E+04    2.3162454819E-07
    1.4615999756E+04    4.4109390530E-07
    1.4625999756E+04    3.5253413925E-07
    1.4635999756E+04    1.9304253644E-07
    1.4645999756E+04    1.8778171529E-07
    1.4655999756E+04    2.9639251735E-07
    1.4665999756E+04    1.9334172088E-07
    1.4675999756E+04    2.8373565820E-07
    1.4685999756E+04    2.1936176441E-07
    1.4695999756E+04    1.8011634266E-07
    1.4705999756E+04    4.7024343282E-07
    1.4715999756E+04    3.8194565904E-07
    1.4725999756E+04    2.7073631525E-07
    1.4735999756E+04    1.9485412395E-07
    1.4745999756E+04    4.1246945721E-07
    1.4755999756E+04    5.3765402796E-07
    1.4765999756E+04    2.0749538085E-07
    1.4775999756E+04    2.9758959198E-07
    1.4785999756E+04    4.8279458312E-07
    1.4795999756E+04    4.7623334984E-07
    1.4805999756E+04    1.9375819263E-07
    1.4815999756E+04    5.2870807527E-07
    1.4825999756E+04    3.1094908698E-07
    1.4835999756E+04    3.8223533879E-07
    1.4845999756E+04    1.4106934617E-07
    1.4855999756E+04    3.5086754839E-07
    1.4865999756E+04    2.6733683183E-07
    1.4875999756E+04    5.2409807972E-07
    1.4885999756E+04    3.2549572946E-07
    1.4895999756E+04    1.2560165283E-07
    1.4905999756E+04    7.1636453893E-07
    1.4915999756E+04    5.1414398368E-07
    1.4925999756E+04    3.2234318804E-07
    1.4935999756E+04    3.4137042301E-07
    1.4945999756E+04    2.9270958101E-07
    1.4955999756E+04    4.6648545010E-07
    1.4965999756E+04    5.4932601609E-07
    1.4975999756E+04    3.4918770742E-07
    1.4985999756E+04    3.1962270605E-07
    1.4995999756E+04    3.1254080284E-07
    1.5005999756E+04    2.1320147828E-07
    1.5015999756E+04    6.3208111996E-07
    1.5025999756E+04    2.3364510081E-07
    1.5035999756E+04    4.6291051895E-07
    1.5045999756E+04    6.1475294226E-07
    1.5055999756E+04    1.5819284547E-07
    1.5065999756E+04    5.3896347826E-07
    1.5075999756E+04    4.7438776738E-07
    1.5085999756E+04    1.5290946167E-07
    1.5095999756E+04    2.2732217045E-07
    1.5105999756E+04    3.4280521817E-07
    1.5115999756E+04    2.6706437510E-07
    1.5125999756E+04    5.2770508666E-07
    1.5135999756E+04    1.1450596114E-07
    1.5145999756E+04    5.3966124032E-07
    1.5155999756E+04    2.8540569308E-07
    1.5165999756E+04    4.2582833149E-07
    1.5175999756E+04    3.9232934686E-07
    1.5185999756E+04    3.5321233734E-07
    1.5195999756E+04    3.7867091193E-07
    1.5205999756E+04    4.4090841248E-07
    1.5215999756E+04    6.4122790942E-07
    1.5225999756E+04    3.1609305790E-07
    1.5235999756E+04    3.4641109475E-07
    1.5245999756E+04    1.8881545945E-07
    1.5255999756E+04    4.8559224159E-07
    1.5265999756E+04    2.5855254043E-07
    1.5275999756E+04    4.9154759896E-07
    1.5285999756E+04    4.5844429679E-07
    1.5295999756E+04    2.6487473792E-07
    1.5305999756E+04    4.5675590628E-07
    1.5315999756E+04    4.3282863861E-07
    1.5325999756E+04    3.8429314856E-07
    1.5335999756E+04    4.7232390505E-07
    1.5345999756E+04    3.7367238919E-07
    1.5355999756E+04    2.7525999208E-07
    1.5365999756E+04    2.0360794162E-07
    1.5375999756E+04    2.6197245163E-07
    1.5385999756E+04    4.8411825090E-07
    1.5395999756E+04    3.8881436977E-07
    1.5405999756E+04    2.4224652433E-07
    1.5415999756E+04    5.6853804386E-07
    1.5425999756E+04    1.7944653202E-07
    1.5435999756E+04    2.8813275972E-07
    1.5445999756E+04    3.4414640276E-07
    1.5455999756E+04    4.6325261289E-07
    1.5465999756E+04    2.7299492551E-07
    1.5475999756E+04    2.4612215631E-07
    1.5485999756E+04    3.6686575526E-07
    1.5495999756E+04    3.5645186550E-07
    1.5505999756E+04    5.4133847792E-07
    1.5515999756E+04    4.7488294354E-07
    1.5525999756E+04    1.2165230025E-07
    1.5535999756E+04    1.5553482858E-07
    1.5545999756E+04    5.1341672332E-07
    1.5555999756E+04    4.3204498367E-07
    1.5565999756E+04    3.8318526355E-07
    1.5575999756E+04    2.2958522568E-07
    1.5585999756E+04    3.0131793616E-07
    1.5595999756E+04    8.1825682208E-07
    1.5605999756E+04    5.0974521080E-07
    1.5615999756E+04    2.8302608776E-07
    1.5625999756E+04    2.4898758973E-07
    1.5635999756E+04    3.4948102645E-07
    1.5645999756E+04    8.1787231921E-07
    1.5655999756E+04    4.4645985683E-11
    1.5665999756E+04    2.0567333043E-07
    1.5675999756E+04    3.0436986886E-07
    1.5685999756E+04    6.3206584084E-07
    1.5695999756E+04    2.2875675359E-07
    1.5705999756E+04    3.9070251144E-07
    1.5715999756E+04    2.4709306976E-07
    1.5725999756E+04    2.6598482312E-07
    1.5735999756E+04    2.8307627052E-07
    1.5745999756E+04    3.0547708299E-07
    1.5755999756E+04    3.9528985130E-07
    1.5765999756E+04    3.1357193319E-08
    1.5775999756E+04    3.6895121585E-07
    1.5785999756E+04    3.6803202005E-07
    1.5795999756E+04    3.8978249186E-07
    1.5805999756E+04    3.3051895580E-07
    1.5815999756E+04    7.0390823615E-07
    1.5825999756E+04    1.8297745663E-07
    1.5835999756E+04    4.5894127225E-07
    1.5845999756E+04    3.8763621436E-07
    1.5855999756E+04    4.6649114198E-07
    1.5865999756E+04    3.1578472257E-07
    1.5875999756E+04    4.5301609815E-07
    1.5885999756E+04    2.4497138249E-07
    1.5895999756E+04    5.3414958422E-07
    1.5905999756E+04    2.9393443151E-07
    1.5915999756E+04    2.6902672743E-07
    1.5925999756E+04    4.2250840699E-07
    1.5935999756E+04    1.9735048047E-07
    1.5945999756E+04    2.3682117462E-07
    1.5955999756E+04    4.0192632639E-07
    1.5965999756E+04    9.2118001338E-07
    1.5975999756E+04    2.2660914619E-07
    1.5985999756E+04    1.1763454572E-07
    1.5995999756E+04    6.7742023907E-07
    1.6005999756E+04    4.6077803859E-07
    1.6015999756E+04    5.6940725426E-07
    1.6025999756E+04    1.0927890124E-07
    1.6035999756E+04    2.7060921323E-07
    1.6045999756E+04    7.1658524724E-07
    1.6055999756E+04    1.7167365137E-07
    1.6065999756E+04    3.3473989134E-07
    1.6075999756E+04    4.2583185430E-07
    1.6085999756E+04    2.5473095109E-07
    1.6095999756E+04    4.9867760647E-07
    1.6105999756E+04    1.3072202100E-07
    1.6115999756E+04    2.1528111634E-07
    1.6125999756E+04    4.3640191760E-07
    1.6135999756E+04    3.6587209684E-07
    1.6145999756E+04    3.9268900753E-07
    1.6155999756E+04    3.5302263947E-07
    1.6165999756E+04    4.1493122069E-07
    1.6175999756E+04    2.1594817075E-07
    1.6185999756E+04    6.7546533709E-07
    1.6195999756E+04    2.2730303755E-07
    1.6205999756E+04    1.9128956838E-07
    1.6215999756E+04    4.1845320873E-07
    1.6225999756E+04    4.6160249258E-07
    1.6235999756E+04    1.4332930223E-07
    1.6245999756E+04    3.1258518372E-07
    1.6255999756E+04    5.5392385410E-07
    1.6265999756E+04    2.2314594563E-07
    1.6275999756E+04    4.9395068494E-07
    1.6285999756E+04    2.9040186880E-07
    1.6295999756E+04    5.9905414272E-07
    1.6305999756E+04    7.5240210938E-08
    1.6315999756E+04    5.4433846263E-07
    1.6325999756E+04    3.5017442837E-07
    1.6335999756E+04    4.3840040795E-07
    1.6345999756E+04    5.6625274193E-07
    1.6355999756E+04    3.0330172409E-07
    1.6365999756E+04    2.1597587281E-07
    1.6375999756E+04    3.3561619716E-07
    1.6385999756E+04    5.6924266181E-07
    1.6395999756E+04    4.8008301134E-07
    1.6405999756E+04    4.5299086393E-07
    1.6415999756E+04    6.6389916035E-07
    1.6425999756E+04    8.0223047964E-07
    1.6435999756E+04    4.2233200415E-07
    1.6445999756E+04    6.0811278951E-07
    1.6455999756E+04    6.8861645673E-08
    1.6465999756E+04    2.6144895937E-07
    1.6475999756E+04    7.8067582351E-07
    1.6485999756E+04    5.5817343233E-07
    1.6495999756E+04    4.4133351575E-07
    1.6505999756E+04    2.9116898964E-07
    1.6515999756E+04    7.8635355251E-07
    1.6525999756E+04    7.1479645154E-07
    1.6535999756E+04    3.3874975214E-07
    1.6545999756E+04    4.7730586894E-07
    1.6555999756E+04    3.5391011457E-07
    1.6565999756E+04    5.3094055170E-07
    1.6575999756E+04    4.6453617481E-07
    1.6585999756E+04    5.0143026158E-07
    1.6595999756E+04    2.5324340130E-07
    1.6605999756E+04    7.6097141987E-07
    1.6615999756E+04    4.7851469999E-07
    1.6625999756E+04    9.8784733301E-07
    1.6635999756E+04    9.7130028510E-08
    1.6645999756E+04    6.0335111998E-07
    1.6655999756E+04    4.1706889228E-07
    1.6665999756E+04    1.4441882904E-07
    1.6675999756E+04    7.9991445670E-07
    1.6685999756E+04    2.1405831289E-07
    1.6695999756E+04    5.2420369632E-07
    1.6705999756E+04    2.4520465715E-07
    1.6715999756E+04    4.9916476560E-07
    1.6725999756E+04    4.9687360396E-07
    1.6735999756E+04    3.6885543753E-07
    1.6745999756E+04    6.1146970099E-07
    1.6755999756E+04    3.0324197200E-07
    1.6765999756E+04    5.2013922579E-07
    1.6775999756E+04    3.2915794038E-07
    1.6785999756E+04    7.2509995129E-07
    1.6795999756E+04    5.2079391282E-07
    1.6805999756E+04    3.7407403259E-07
    1.6815999756E+04    7.3232697402E-07
    1.6825999756E+04    3.5555194787E-07
    1.6835999756E+04    8.2016541313E-08
    1.6845999756E+04    1.2236619073E-06
    1.6855999756E+04    5.3075734261E-08
    1.6865999756E+04    5.8816237640E-07
    1.6875999756E+04    6.5966516011E-07
    1.6885999756E+04    3.6308550912E-07
    1.6895999756E+04    5.3693145155E-07
    1.6905999756E+04    5.0100715933E-07
    1.6915999756E+04    1.6902667503E-07
    1.6925999756E+04    4.9238253520E-07
    1.6935999756E+04    4.3691669522E-07
    1.6945999756E+04    2.8380910158E-07
    1.6955999756E+04    9.1540267654E-08
    1.6965999756E+04    1.1164683043E-06
    1.6975999756E+04    5.1645390862E-07
    1.6985999756E+04    4.4148111169E-07
    1.6995999756E+04    5.5613256922E-07
    1.7005999756E+04    4.9635321198E-07
    1.7015999756E+04    5.9278218181E-07
    1.7025999756E+04    5.3133571000E-07
    1.7035999756E+04    5.4450721946E-07
    1.7045999756E+04    5.4154987882E-07
    1.7055999756E+04    3.7919729460E-07
    1.7065999756E+04    7.0962390878E-07
    1.7075999756E+04    4.2478344991E-07
    1.7085999756E+04    8.2722280912E-07
    1.7095999756E+04    5.0109064650E-07
    1.7105999756E+04    3.6777005354E-07
    1.7115999756E+04    1.8052468422E-07
    1.7125999756E+04    9.6670445138E-07
    1.7135999756E+04    4.0873564115E-07
    1.7145999756E+04    6.9672677572E-07
    1.7155999756E+04    5.1991755546E-07
    1.7165999756E+04    7.2256375532E-07
    1.7175999756E+04    5.6882092407E-07
    1.7185999756E+04    6.2846167829E-07
    1.7195999756E+04    5.7052667452E-07
    1.7205999756E+04    1.1603461225E-06
    1.7215999756E+04    3.1768937665E-07
    1.7225999756E+04    5.7607653022E-07
    1.7235999756E+04    2.8972740359E-07
    1.7245999756E+04    4.4627941163E-07
    1.7255999756E+04    9.2633140974E-07
    1.7265999756E+04    2.0052488870E-07
    1.7275999756E+04    6.0099787573E-07
    1.7285999756E+04    5.4821830760E-07
    1.7295999756E+04    4.7262814462E-07
    1.7305999756E+04    8.5662585186E-07
    1.7315999756E+04    6.6609665700E-07
    1.7325999756E+04    3.5820053122E-07
    1.7335999756E+04    7.5944020922E-07
    1.7345999756E+04    4.4259232761E-07
    1.7355999756E+04    7.0884982809E-07
    1.7365999756E+04    1.8237610456E-07
    1.7375999756E+04    1.0813570682E-06
    1.7385999756E+04    4.1499885849E-07
    1.7395999756E+04    5.2726748740E-07
    1.7405999756E+04    4.0735129019E-07
    1.7415999756E+04    4.0510555810E-07
    1.7425999756E+04    8.8586742536E-07
    1.7435999756E+04    8.9972714306E-07
    1.7445999756E+04    9.3904656098E-07
    1.7455999756E+04    1.2064340093E-06
    1.7465999756E+04    1.0169002972E-06
    1.7475999756E+04    1.5079771849E-07
    1.7485999756E+04    1.0757851713E-06
    1.7495999756E+04    1.4686405075E-07
    1.7505999756E+04    9.5828456385E-07
    1.7515999756E+04    6.2994997323E-07
    1.7525999756E+04    8.4849888560E-07
    1.7535999756E+04    6.3942385027E-07
    1.7545999756E+04    9.7021066687E-07
    1.7555999756E+04    4.6940719787E-07
    1.7565999756E+04    1.1683303489E-06
    1.7575999756E+04    7.8680377197E-07
    1.7585999756E+04    9.4207765528E-07
    1.7595999756E+04    3.1140347595E-07
    1.7605999756E+04    8.5752106283E-07
    1.7615999756E+04    1.0612912668E-06
    1.7625999756E+04    4.6998029306E-11
    1.7635999756E+04    9.1212733248E-07
    1.7645999756E+04    8.6444608450E-07
    1.7655999756E+04    1.2427103949E-06
    1.7665999756E+04    8.3003621896E-07
    1.7675999756E+04    6.1366332154E-07
    1.7685999756E+04    6.1640300464E-07
    1.7695999756E+04    9.6172691355E-07
    1.7705999756E+04    9.0453219880E-07
    1.7715999756E+04    5.2914045588E-07
    1.7725999756E+04    7.3986370175E-07
    1.7735999756E+04    4.5488441194E-07
    1.7745999756E+04    1.1892181278E-06
    1.7755999756E+04    1.0801858681E-06
    1.7765999756E+04    6.3480292127E-07
    1.7775999756E+04    2.0301306865E-07
    1.7785999756E+04    1.2823532633E-06
    1.7795999756E+04    1.0439780621E-06
    1.7805999756E+04    8.9771151222E-07
    1.7815999756E+04    6.9621442932E-07
    1.7825999756E+04    3.2167953727E-09
    1.7835999756E+04    9.6407408588E-07
    1.7845999756E+04    1.0392536968E-06
    1.7855999756E+04    4.1497408307E-07
    1.7865999756E+04    5.5915550817E-07
    1.7875999756E+04    6.4863689059E-07
    1.7885999756E+04    7.6065536239E-07
    1.7895999756E+04    9.5981220403E-07
    1.7905999756E+04    9.9338306698E-07
    1.7915999756E+04    1.6393505785E-07
    1.7925999756E+04    1.5617174622E-06
    1.7935999756E+04    5.3592506633E-07
    1.7945999756E+04    1.4977212278E-06
    1.7955999756E+04    1.6229455669E-06
    1.7965999756E+04    1.8744800450E-07
    1.7975999756E+04    5.3560177360E-07
    1.7985999756E+04    4.2887297595E-07
    1.7995999756E+04    5.1741618202E-07
    1.8005999756E+04    3.4110964084E-07
    1.8015999756E+04    1.1576514177E-06
    1.8025999756E+04    4.3138179463E-07
    1.8035999756E+04    1.7276712311E-07
    1.8045999756E+04    8.1510314917E-07
    1.8055999756E+04    1.4564268200E-06
    1.8065999756E+04    8.9450911154E-07
    1.8075999756E+04    1.1992351694E-06
    1.8085999756E+04    7.6718662444E-07
    1.8095999756E+04    6.8134624534E-07
    1.8105999756E+04    9.4183106471E-07
    1.8115999756E+04    4.9696702292E-07
    1.8125999756E+04    7.5572275130E-07
    1.8135999756E+04    8.2275746836E-07
    1.8145999756E+04    7.5132992688E-07
    1.8155999756E+04    1.8282819654E-06
    1.8165999756E+04    1.1851727669E-06
    1.8175999756E+04    4.7810322342E-07
    1.8185999756E+04    8.1760823577E-07
    1.8195999756E+04    6.5868485576E-07
    1.8205999756E+04    1.7089356180E-06
    1.8215999756E+04    1.3004198378E-06
    1.8225999756E+04    8.9699551267E-07
    1.8235999756E+04    1.6394567667E-06
    1.8245999756E+04    5.8803933808E-07
    1.8255999756E+04    6.0439163318E-07
    1.8265999756E+04    1.3245932819E-06
    1.8275999756E+04    6.2415206030E-07
    1.8285999756E+04    2.9423049859E-07
    1.8295999756E+04    1.2123976529E-06
    1.8305999756E+04    9.4578498786E-07
    1.8315999756E+04    1.1582248257E-06
    1.8325999756E+04    1.0044149887E-06
    1.8335999756E+04    5.9219144007E-07
    1.8345999756E+04    1.7930629899E-06
    1.8355999756E+04    3.0658434835E-07
    1.8365999756E+04    1.0770851687E-06
    1.8375999756E+04    1.2861111556E-06
    1.8385999756E+04    1.6354164340E-06
    1.8395999756E+04    1.0966758270E-06
    1.8405999756E+04    2.4782263691E-06
    1.8415999756E+04    1.0959589422E-06
    1.8425999756E+04    6.6059637966E-07
    1.8435999756E+04    2.5350698063E-07
    1.8445999756E+04    9.4991454943E-07
    1.8455999756E+04    1.5521928853E-06
    1.8465999756E+04    4.5937986793E-07
    1.8475999756E+04    1.5617364235E-06
    1.8485999756E+04    2.0515911176E-06
    1.8495999756E+04    9.1516410424E-07
    1.8505999756E+04    5.7131334754E-07
    1.8515999756E+04    1.0550694905E-06
    1.8525999756E+04    7.1434367583E-07
    1.8535999756E+04    1.5463623933E-06
    1.8545999756E+04    2.2237122963E-06
    1.8555999756E+04    6.4826216768E-07
    1.8565999756E+04    6.4748498491E-07
    1.8575999756E+04    8.3236842164E-07
    1.8585999756E+04    1.2820337627E-06
    1.8595999756E+04    2.1303917988E-06
    1.8605999756E+04    1.9713417746E-06
    1.8615999756E+04    4.0274251860E-07
    1.8625999756E+04    8.4789679905E-07
    1.8635999756E+04    1.0444098000E-06
    1.8645999756E+04    2.1366089758E-06
    1.8655999756E+04    1.6119061588E-06
    1.8665999756E+04    8.8332224755E-07
    1.8675999756E+04    1.1963637053E-06
    1.8685999756E+04    2.5498284995E-06
    1.8695999756E+04    2.3036545847E-06
    1.8705999756E+04    1.9469220574E-06
    1.8715999756E+04    3.9826300060E-07
    1.8725999756E+04    1.7133375887E-06
    1.8735999756E+04    1.4500480677E-06
    1.8745999756E+04    1.6867830025E-06
    1.8755999756E+04    2.9096813823E-06
    1.8765999756E+04    1.0931766021E-06
    1.8775999756E+04    2.0606311382E-06
    1.8785999756E+04    1.0249427770E-06
    1.8795999756E+04    1.8854564793E-06
    1.8805999756E+04    2.8281529313E-06
    1.8815999756E+04    2.3636652556E-06
    1.8825999756E+04    2.3372156026E-06
    1.8835999756E+04    2.2496281356E-06
    1.8845999756E+04    1.9847365065E-06
    1.8855999756E+04    1.8029626491E-06
    1.8865999756E+04    2.4197143095E-06
    1.8875999756E+04    2.4423592346E-06
    1.8885999756E+04    2.4056159246E-06
    1.8895999756E+04    2.1477711475E-06
    1.8905999756E+04    3.5263799612E-06
    1.8915999756E+04    3.2857691289E-06
    1.8925999756E+04    3.4926253633E-06
    1.8935999756E+04    4.9398987189E-06
    1.8945999756E+04    3.3496865442E-06
    1.8955999756E+04    4.1641529248E-06
    1.8965999756E+04    3.5196343712E-06
    1.8975999756E+04    5.2177444244E-06
    1.8985999756E+04    4.3945650387E-06
    1.8995999756E+04    5.0866473560E-06
    1.9005999756E+04    5.8787993846E-06
    1.9015999756E+04    5.7487457313E-06
    1.9025999756E+04    6.4503562223E-06
    1.9035999756E+04    6.6611495574E-06
    1.9045999756E+04    7.7931571218E-06
    1.9055999756E+04    8.3326155233E-06
    1.9065999756E+04    8.5200231501E-06
    1.9075999756E+04    8.9334065860E-06
    1.9085999756E+04    1.0771340070E-05
    1.9095999756E+04    1.0037293070E-05
    1.9105999756E+04    1.1983156536E-05
    1.9115999756E+04    1.3002660756E-05
    1.9125999756E+04    1.3647676828E-05
    1.9135999756E+04    1.6427563915E-05
    1.9145999756E+04    1.7136676649E-05
    1.9155999756E+04    1.9302975415E-05
    1.9165999756E+04    1.9195613004E-05
    1.9175999756E+04    2.1368339481E-05
    1.9185999756E+04    2.4134564474E-05
    1.9195999756E+04    2.6989206967E-05
    1.9205999756E+04    3.0075628517E-05
    1.9215999756E+04    3.2069324630E-05
    1.9225999756E+04    3.7168431857E-05
    1.9235999756E+04    4.0863464103E-05
    1.9245999756E+04    4.4208200965E-05
    1.9255999756E+04    5.1390961552E-05
    1.9265999756E+04    5.6798244707E-05
    1.9275999756E+04    6.2909208729E-05
    1.9285999756E+04    6.8638878064E-05
    1.9295999756E+04    8.0172507822E-05
    1.9305999756E+04    8.6145557291E-05
    1.9315999756E+04    9.7816646450E-05
    1.9325999756E+04    1.1147819117E-04
    1.9335999756E+04    1.2211837341E-04
    1.9345999756E+04    1.3908405919E-04
    1.9355999756E+04    1.5390237981E-04
    1.9365999756E+04    1.7732780789E-04
    1.9375999756E+04    1.9979870793E-04
    1.9385999756E+04    2.2291412272E-04
    1.9395999756E+04    2.4856105891E-04
    1.9405999756E+04    2.7972669072E-04
    1.9415999756E+04    3.2582526459E-04
    1.9425999756E+04    3.5472582623E-04
    1.9435999756E+04    4.0949232697E-04
    1.9445999756E+04    4.5852433645E-04
    1.9455999756E+04    5.2660737571E-04
    1.9465999756E+04    5.9427256796E-04
    1.9475999756E+04    6.6148280490E-04
    1.9485999756E+04    7.7042663705E-04
    1.9495999756E+04    8.3548001291E-04
    1.9505999756E+04    9.7802588273E-04
    1.9515999756E+04    1.0909617397E-03
    1.9525999756E+04    1.2691410650E-03
    1.9535999756E+04    1.4036148734E-03
    1.9545999756E+04    1.6219858187E-03
    1.9555999756E+04    1.9153548232E-03
    1.9565999756E+04    2.1207756328E-03
    1.9575999756E+04    2.3953609561E-03
    1.9585999756E+04    2.8059670616E-03
    1.9595999756E+04    3.1813254203E-03
    1.9605999756E+04    3.6921808209E-03
    1.9615999756E+04    4.1950749708E-03
    1.9625999756E+04    4.8541049334E-03
    1.9635999756E+04    5.6626099473E-03
    1.9645999756E+04    6.5743552653E-03
    1.9655999756E+04    7.6523548065E-03
    1.9665999756E+04    8.7951338207E-03
    1.9675999756E+04    1.0234661701E-02
    1.9685999756E+04    1.1893740042E-02
    1.9695999756E+04    1.3855922685E-02
    1.9705999756E+04    1.6574316887E-02
    1.9715999756E+04    1.8819432666E-02
    1.9725999756E+04    2.1820151713E-02
    1.9735999756E+04    2.4914498835E-02
    1.9745999756E+04    2.9000871992E-02
    1.9755999756E+04    3.1961207257E-02
    1.9765999756E+04    3.6487335034E-02
    1.9775999756E+04    4.1503246096E-02
    1.9785999756E+04    4.4112289312E-02
    1.9795999756E+04    5.0931858783E-02
    1.9805999756E+04    5.6239790927E-02
    1.9815999756E+04    6.3327653177E-02
    1.9825999756E+04    7.0237245770E-02
    1.9835999756E+04    7.8467159108E-02
    1.9845999756E+04    9.0314449856E-02
    1.9855999756E+04    9.9639600258E-02
    1.9865999756E+04    1.1297301649E-01
    1.9875999756E+04    1.2806741554E-01
    1.9885999756E+04    1.4719127628E-01
    1.9895999756E+04    1.6717184156E-01
    1.9905999756E+04    1.8241583347E-01
    1.9915999756E+04    2.0587933089E-01
    1.9925999756E+04    2.3105514798E-01
    1.9935999756E+04    2.5606229284E-01
    1.9945999756E+04    2.8413376840E-01
    1.9955999756E+04    3.0773391324E-01
    1.9965999756E+04    3.3357635626E-01
    1.9975999756E+04    3.5168366215E-01
    1.9985999756E+04    3.7451679888E-01
    1.9995999756E+04    3.9486871827E-01
    2.0005999756E+04    4.1880247188E-01
    2.0015999756E+04    4.2434253840E-01
    2.0025999756E+04    4.4231365771E-01
    2.0035999756E+04    4.4520542227E-01
    2.0045999756E+04    4.5710777946E-01
    2.0055999756E+04    4.5759243142E-01
    2.0065999756E+04    4.6776534427E-01
    2.0075999756E+04    4.7411161053E-01
    2.0085999756E+04    4.7407419324E-01
    2.0095999756E+04    4.7225394149E-01
    2.0105999756E+04    4.7143054807E-01
    2.0115999756E+04    4.7844118074E-01
    2.0125999756E+04    4.7522662428E-01
    2.0135999756E+04    4.7140676928E-01
    2.0145999756E+04    4.7884946250E-01
    2.0155999756E+04    4.7700033784E-01
    2.0165999756E+04    4.7719524438E-01
    2.0175999756E+04    4.7403698270E-01
    2.0185999756E+04    4.7618139793E-01
    2.0195999756E+04    4.8004540063E-01
    2.0205999756E+04    4.7296420915E-01
    2.0215999756E+04    4.7708222175E-01
    2.0225999756E+04    4.6830117498E-01
    2.0235999756E+04    4.7939909722E-01
    2.0245999756E+04    4.7015907499E-01
    2.0255999756E+04    4.7961423671E-01
    2.0265999756E+04    4.7429073849E-01
    2.0275999756E+04    4.7497645457E-01
    2.0285999756E+04    4.7247940404E-01
    2.0295999756E+04    4.7285625105E-01
    2.0305999756E+04    4.7946142575E-01
    2.0315999756E+04    4.7524575231E-01
    2.0325999756E+04    4.7744720605E-01
    2.0335999756E+04    4.7923991494E-01
    2.0345999756E+04    4.7211548398E-01
    2.0355999756E+04    4.7005773474E-01
    2.0365999756E+04    4.8021464145E-01
    2.0375999756E+04    4.7464714071E-01
    2.0385999756E+04    4.7656226922E-01
    2.0395999756E+04    4.7353651231E-01
    2.0405999756E+04    4.7085837922E-01
    2.0415999756E+04    4.8295436309E-01
    2.0425999756E+04    4.7374867534E-01
    2.0435999756E+04    4.7414107020E-01
    2.0445999756E+04    4.7099422681E-01
    2.0455999756E+04    4.7256939083E-01
    2.0465999756E+04    4.7427700849E-01
    2.0475999756E+04    4.7231855600E-01
    2.0486000977E+04    4.7394019222E-01
    2.0496000977E+04    4.6598665241E-01
    2.0506000977E+04    4.7811219219E-01
    2.0516000977E+04    4.7068756247E-01
    2.0526000977E+04    4.6997592527E-01
    2.0536000977E+04    4.7509972746E-01
    2.0546000977E+04    4.6927613703E-01
    2.0556000977E+04    4.6222666270E-01
    2.0566000977E+04    4.7680967837E-01
    2.0576000977E+04    4.6797911474E-01
    2.0586000977E+04    4.7290197097E-01
    2.0596000977E+04    4.6973636063E-01
    2.0606000977E+04    4.7418892910E-01
    2.0616000977E+04    4.6795854012E-01
    2.0626000977E+04    4.7821223404E-01
    2.0636000977E+04    4.7288312395E-01
    2.0646000977E+04    4.7325753383E-01
    2.0656000977E+04    4.6942383763E-01
    2.0666000977E+04    4.7638936186E-01
    2.0676000977E+04    4.7442700659E-01
    2.0686000977E+04    4.7516065422E-01
    2.0696000977E+04    4.6938628175E-01
    2.0706000977E+04    4.8197379440E-01
    2.0716000977E+04    4.8290013388E-01
    2.0726000977E+04    4.7626321817E-01
    2.0736000977E+04    4.8509062301E-01
    2.0746000977E+04    4.7762182834E-01
    2.0756000977E+04    4.7499942629E-01
    2.0766000977E+04    4.7545372425E-01
    2.0776000977E+04    4.7825961224E-01
    2.0786000977E+04    4.7784170556E-01
    2.0796000977E+04    4.7844992947E-01
    2.0806000977E+04    4.7702672220E-01
    2.0816000977E+04    4.8357519701E-01
    2.0826000977E+04    4.6317295152E-01
    2.0836000977E+04    4.9037981739E-01
    2.0846000977E+04    4.7807285490E-01
    2.0856000977E+04    4.7985164246E-01
    2.0866000977E+04    4.7901540148E-01
    2.0876000977E+04    4.7920524415E-01
    2.0886000977E+04    4.8321005886E-01
    2.0896000977E+04    4.7670651978E-01
    2.0906000977E+04    4.7530939136E-01
    2.0916000977E+04    4.6772631489E-01
    2.0926000977E+04    4.7071002723E-01
    2.0936000977E+04    4.8554164119E-01
    2.0946000977E+04    4.8203109710E-01
    2.0956000977E+04    4.7075638735E-01
    2.0966000977E+04    4.8211782734E-01
    2.0976000977E+04    4.7312906157E-01
    2.0986000977E+04    4.6882077352E-01
    2.0996000977E+04    4.8681321604E-01
    2.1006000977E+04    4.6247297048E-01
    2.1016000977E+04    4.7150276072E-01
    2.1026000977E+04    4.6135150551E-01
    2.1036000977E+04    4.7134025293E-01
    2.1046000977E+04    4.5944535912E-01
    2.1056000977E+04    4.7624650366E-01
    2.1066000977E+04    4.6907888306E-01
    2.1076000977E+04    4.5868075079E-01
    2.1086000977E+04    4.5810116747E-01
    2.1096000977E+04    4.6482465923E-01
    2.1106000977E+04    4.6266399169E-01
    2.1116000977E+04    4.6152790065E-01
    2.1126000977E+04    4.5259558798E-01
    2.1136000977E+04    4.7623832529E-01
    2.1146000977E+04    4.5845675155E-01
    2.1156000977E+04    4.6048165638E-01
    2.1166000977E+04    4.5419413434E-01
    2.1176000977E+04    4.7467782599E-01
    2.1186000977E+04    4.6069286335E-01
    2.1196000977E+04    4.6496451918E-01
    2.1206000977E+04    4.5940254103E-01
    2.1216000977E+04    4.5630185891E-01
    2.1226000977E+04    4.6434940000E-01
    2.1236000977E+04    4.6392458154E-01
    2.1246000977E+04    4.6322800053E-01
    2.1256000977E+04    4.6565461570E-01
    2.1266000977E+04    4.6679813444E-01
    2.1276000977E+04    4.6435919810E-01
    2.1286000977E+04    4.7117943197E-01
    2.1296000977E+04    4.7102747341E-01
    2.1306000977E+04    4.7698286091E-01
    2.1316000977E+04    4.6236260195E-01
    2.1326000977E+04    4.6746116051E-01
    2.1336000977E+04    4.6799533984E-01
    2.1346000977E+04    4.6871243688E-01
    2.1356000977E+04    4.7439026249E-01
    2.1366000977E+04    4.6822425235E-01
    2.1376000977E+04    4.6799698726E-01
    2.1386000977E+04    4.7082933386E-01
    2.1396000977E+04    4.7965877220E-01
    2.1406000977E+04    4.6917491368E-01
    2.1416000977E+04    4.6699602786E-01
    2.1426000977E+04    4.7523542324E-01
    2.1436000977E+04    4.7329330950E-01
    2.1446000977E+04    4.6839014907E-01
    2.1456000977E+04    4.7105136568E-01
    2.1466000977E+04    4.7448950267E-01
    2.1476000977E+04    4.7211138739E-01
    2.1486000977E+04    4.6794164323E-01
    2.1496000977E+04    4.7292838507E-01
    2.1506000977E+04    4.7104940659E-01
    2.1516000977E+04    4.6861761319E-01
    2.1526000977E+04    4.6518737595E-01
    2.1536000977E+04    4.6750203635E-01
    2.1546000977E+04    4.7108486522E-01
    2.1556000977E+04    4.7048211225E-01
    2.1566000977E+04    4.7190400306E-01
    2.1576000977E+04    4.6945544171E-01
    2.1586000977E+04    4.7144176279E-01
    2.1596000977E+04    4.6573313144E-01
    2.1606000977E+04    4.6384601701E-01
    2.1616000977E+04    4.6197158417E-01
    2.1626000977E+04    4.6691250579E-01
    2.1636000977E+04    4.6472682678E-01
    2.1646000977E+04    4.6387744217E-01
    2.1656000977E+04    4.6854037123E-01
    2.1666000977E+04    4.6596538388E-01
    2.1676000977E+04    4.5878011386E-01
    2.1686000977E+04    4.6262281440E-01
    2.1696000977E+04    4.6867391263E-01
    2.1706000977E+04    4.6289562987E-01
    2.1716000977E+04    4.6304652336E-01
    2.1726000977E+04    4.6730109488E-01
    2.1736000977E+04    4.6135062768E-01
    2.1746000977E+04    4.6713209510E-01
    2.1756000977E+04    4.6787104043E-01
    2.1766000977E+04    4.6488457779E-01
    2.1776000977E+04    4.6264793205E-01
    2.1786000977E+04    4.6421646877E-01
    2.1796000977E+04    4.5194518148E-01
    2.1806000977E+04    4.7581099616E-01
    2.1816000977E+04    4.6648727952E-01
    2.1826000977E+04    4.6155183523E-01
    2.1836000977E+04    4.5986932056E-01
    2.1846000977E+04    4.5797153162E-01
    2.1856000977E+04    4.5566107966E-01
    2.1866000977E+04    4.5133618698E-01
    2.1876000977E+04    4.4771338544E-01
    2.1886000977E+04    4.3598613132E-01
    2.1896000977E+04    4.3286149274E-01
    2.1906000977E+04    4.2089135520E-01
    2.1916000977E+04    4.0851701774E-01
    2.1926000977E+04    3.9371560760E-01
    2.1936000977E+04    3.7252804253E-01
    2.1946000977E+04    3.6203305906E-01
    2.1956000977E+04    3.3955494607E-01
    2.1966000977E+04    3.1748081900E-01
    2.1976000977E+04    2.9820227342E-01
    2.1986000977E+04    2.7373567826E-01
    2.1996000977E+04    2.5265857463E-01
    2.2006000977E+04    2.3445815838E-01
    2.2016000977E+04    2.2107227457E-01
    2.2026000977E+04    1.9982506682E-01
    2.2036000977E+04    1.8244573128E-01
    2.2046000977E+04    1.7097882518E-01
    2.2056000977E+04    1.5543179054E-01
    2.2066000977E+04    1.4379379027E-01
    2.2076000977E+04    1.2958856754E-01
    2.2086000977E+04    1.1930102992E-01
    2.2096000977E+04    1.0874773586E-01
    2.2106000977E+04    9.7957488294E-02
    2.2116000977E+04    8.8331509865E-02
    2.2126000977E+04    7.7190544650E-02
    2.2136000977E+04    7.0103121958E-02
    2.2146000977E+04    6.0939095013E-02
    2.2156000977E+04    5.2591625211E-02
    2.2166000977E+04    4.5601245176E-02
    2.2176000977E+04    3.9102272758E-02
    2.2186000977E+04    3.2783885136E-02
    2.2196000977E+04    2.9704551397E-02
    2.2206000977E+04    2.5341870748E-02
    2.2216000977E+04    2.1093779749E-02
    2.2226000977E+04    1.8615416070E-02
    2.2236000977E+04    1.5726820773E-02
    2.2246000977E+04    1.3472611857E-02
    2.2256000977E+04    1.1822294376E-02
    2.2266000977E+04    9.9959083149E-03
    2.2276000977E+04    8.6987086311E-03
    2.2286000977E+04    7.5911114508E-03
    2.2296000977E+04    6.7029355945E-03
    2.2306000977E+04    5.8184556453E-03
    2.2316000977E+04    5.0717387636E-03
    2.2326000977E+04    4.4326911446E-03
    2.2336000977E+04    3.8413998526E-03
    2.2346000977E+04    3.3704868986E-03
    2.2356000977E+04    3.0253934272E-03
    2.2366000977E+04    2.6284806702E-03
    2.2376000977E+04    2.3209841003E-03
    2.2386000977E+04    2.0359635138E-03
    2.2396000977E+04    1.7834025799E-03
    2.2406000977E+04    1.5725815102E-03
    2.2416000977E+04    1.3690096267E-03
    2.2426000977E+04    1.2513941007E-03
    2.2436000977E+04    1.0811542353E-03
    2.2446000977E+04    9.7396549601E-04
    2.2456000977E+04    8.4946992905E-04
    2.2466000977E+04    7.4546539894E-04
    2.2476000977E+04    6.6933836117E-04
    2.2486000977E+04    5.8448202843E-04
    2.2496000977E+04    5.4615595788E-04
    2.2506000977E+04    4.7135215990E-04
    2.2516000977E+04    4.1138648875E-04
    2.2526000977E+04    3.7121237441E-04
    2.2536000977E+04    3.3360217435E-04
    2.2546000977E+04    2.8658110610E-04
    2.2556000977E+04    2.6277421335E-04
    2.2566000977E+04    2.3947415915E-04
    2.2576000977E+04    2.1339631323E-04
    2.2586000977E+04    1.8867135225E-04
    2.2596000977E+04    1.7503422852E-04
    2.2606000977E+04    1.5410077611E-04
    2.2616000977E+04    1.4379899444E-04
    2.2626000977E+04    1.2681643484E-04
    2.2636000977E+04    1.1594676915E-04
    2.2646000977E+04    1.0181840711E-04
    2.2656000977E+04    9.2344689929E-05
    2.2666000977E+04    8.4038208729E-05
    2.2676000977E+04    7.9028602231E-05
    2.2686000977E+04    7.0921484300E-05
    2.2696000977E+04    6.4149400426E-05
    2.2706000977E+04    5.7861620506E-05
    2.2716000977E+04    5.3579131712E-05
    2.2726000977E+04    5.3023435216E-05
    2.2736000977E+04    4.9065868139E-05
    2.2746000977E+04    4.2473366319E-05
    2.2756000977E+04    4.1140320215E-05
    2.2766000977E+04    3.5614562512E-05
    2.2776000977E+04    3.4700512772E-05
    2.2786000977E+04    2.8829595380E-05
    2.2796000977E+04    2.9316159342E-05
    2.2806000977E+04    2.7360191007E-05
    2.2816000977E+04    2.6319170061E-05
    2.2826000977E+04    2.4670208787E-05
    2.2836000977E+04    2.2337603003E-05
    2.2846000977E+04    1.8569770621E-05
    2.2856000977E+04    2.1381384640E-05
    2.2866000977E+04    1.6196453676E-05
    2.2876000977E+04    1.7730672157E-05
    2.2886000977E+04    1.7017811908E-05
    2.2896000977E+04    1.6855357390E-05
    2.2906000977E+04    1.5181542242E-05
    2.2916000977E+04    1.5688813101E-05
    2.2926000977E+04    1.3914524460E-05
    2.2936000977E+04    1.3362477543E-05
    2.2946000977E+04    1.3443463484E-05
    2.2956000977E+04    1.3110648638E-05
    2.2966000977E+04    1.0439236890E-05
    2.2976000977E+04    1.1546257808E-05
    2.2986000977E+04    1.0178652312E-05
    2.2996000977E+04    9.2828279816E-06
    2.3006000977E+04    1.0047698005E-05
    2.3016000977E+04    1.0534697773E-05
    2.3026000977E+04    1.0468890609E-05
    2.3036000977E+04    7.2862566466E-06
    2.3046000977E+04    8.5969190275E-06
    2.3056000977E+04    8.1417728268E-06
    2.3066000977E+04    7.9313363836E-06
    2.3076000977E+04    6.8621352052E-06
    2.3086000977E+04    6.6890270389E-06
    2.3096000977E+04    5.6651963151E-06
    2.3106000977E+04    6.6159009954E-06
    2.3116000977E+04    6.6963482186E-06
    2.3126000977E+04    5.9090110211E-06
    2.3136000977E+04    5.6750754145E-06
    2.3146000977E+04    5.4606370830E-06
    2.3156000977E+04    4.2520920271E-06
    2.3166000977E+04    5.4515944236E-06
    2.3176000977E+04    4.1257253746E-06
    2.3186000977E+04    4.6368594979E-06
    2.3196000977E+04    4.5113530252E-06
    2.3206000977E+04    2.9816142990E-06
    2.3216000977E+04    3.6849961027E-06
    2.3226000977E+04    3.3997875031E-06
    2.3236000977E+04    2.9900836978E-06
    2.3246000977E+04    2.8190990371E-06
    2.3256000977E+04    2.8104207600E-06
    2.3266000977E+04    2.6649822647E-06
    2.3276000977E+04    2.0317831762E-06
    2.3286000977E+04    1.7956485428E-06
    2.3296000977E+04    2.3948954046E-06
    2.3306000977E+04    3.1195168289E-06
    2.3316000977E+04    8.1178403732E-07
    2.3326000977E+04    1.9310231649E-06
    2.3336000977E+04    1.5904353077E-06
    2.3346000977E+04    1.1203762733E-06
    2.3356000977E+04    1.5449326738E-06
    2.3366000977E+04    1.1869911423E-06
    2.3376000977E+04    1.1674037155E-06
    2.3386000977E+04    1.3306328529E-06
    2.3396000977E+04    1.1911462750E-06
    2.3406000977E+04    1.0898778622E-06
    2.3416000977E+04    6.5487256769E-07
    2.3426000977E+04    8.5933846794E-07
    2.3436000977E+04    1.0657213647E-06
    2.3446000977E+04    1.0868038886E-06
    2.3456000977E+04    8.7293778939E-07
    2.3466000977E+04    7.9619609232E-07
    2.3476000977E+04    7.7916851662E-07
    2.3486000977E+04    8.2334195263E-07
    2.3496000977E+04    6.1200167617E-07
    2.3506000977E+04    6.0206600451E-07
    2.3516000977E+04    7.1338071076E-07
    2.3526000977E+04    9.3875686657E-07
    2.3536000977E+04    4.7935775055E-07
    2.3546000977E+04    9.6833797797E-07
    2.3556000977E+04    8.5146675719E-07
    2.3566000977E+04    3.5429308569E-07
    2.3576000977E+04    7.6626353284E-07
    2.3586000977E+04    4.8493307073E-07
    2.3596000977E+04    4.5662521979E-07
    2.3606000977E+04    4.8165368991E-07
    2.3616000977E+04    5.9352519677E-07
    2.3626000977E+04    4.7259555920E-07
    2.3636000977E+04    2.2008635219E-07
    2.3646000977E+04    4.8230748291E-07
    2.3656000977E+04    3.5707856723E-07
    2.3666000977E+04    3.4921189858E-07
    2.3676000977E+04    3.1579229583E-07
    2.3686000977E+04    2.3650596234E-07
    2.3696000977E+04    2.3881891139E-07
    2.3706000977E+04    1.9842700913E-07
    2.3716000977E+04    1.9331161586E-07
    2.3726000977E+04    1.3615471680E-07
    2.3736000977E+04    1.6645232076E-07
    2.3746000977E+04    7.8728277978E-08
    2.3756000977E+04    7.9855160360E-08
    2.3766000977E+04    4.6022588680E-08
    2.3776000977E+04    9.8283653453E-08
    2.3786000977E+04    7.6714012296E-08
    2.3796000977E+04    5.3572500598E-08
    2.3806000977E+04    8.1558456308E-08
    2.3816000977E+04    4.8345947579E-08
    2.3826000977E+04    4.3633483606E-08
    2.3836000977E+04    4.1003346701E-08
    2.3846000977E+04    5.1479883486E-08
    2.3856000977E+04    5.8891738077E-08
    2.3866000977E+04    3.6950085313E-08
    2.3876000977E+04    5.6545066646E-08
    2.3886000977E+04    3.3736825543E-08
    2.3896000977E+04    4.4065368075E-08
    2.3906000977E+04    1.9486620808E-08
    2.3916000977E+04    2.7339071623E-08
    2.3926000977E+04    3.7205964631E-08
    2.3936000977E+04    3.1763892484E-08
    2.3946000977E+04    3.0116669188E-08
    2.3956000977E+04    1.6919536522E-08
    2.3966000977E+04    3.5146045321E-08
    2.3976000977E+04    2.9719459817E-08
    2.3986000977E+04    1.9657331492E-08
    2.3996000977E+04    1.5443560426E-08
    2.4006000977E+04    1.3097740486E-08
    2.4016000977E+04    1.0045888690E-08
    2.4026000977E+04    1.6038718552E-08
    2.4036000977E+04    6.4185496440E-09
    2.4046000977E+04    1.0819345021E-08
    2.4056000977E+04    1.0330142704E-08
    2.4066000977E+04    7.2418146192E-09
    2.4076000977E+04    7.4998862364E-09
    2.4086000977E+04    4.4952670131E-09
    2.4096000977E+04    1.8473680898E-09
    2.4106000977E+04    3.4526829758E-09
    2.4116000977E+04    3.8740577337E-09
    2.4126000977E+04    4.1006785646E-09
    2.4136000977E+04    2.8084545711E-09
    2.4146000977E+04    3.1042877830E-09
    2.4156000977E+04    2.4522702890E-09
    2.4166000977E+04    2.7357715363E-09
    2.4176000977E+04    1.7715125685E-09
    2.4186000977E+04    8.0830995255E-10
    2.4196000977E+04    1.6553582010E-09
    2.4206000977E+04    7.8396739399E-10
    2.4216000977E+04    5.0529868378E-10
    2.4226000977E+04    1.2659070944E-09
    2.4236000977E+04    6.3750237234E-10
    2.4246000977E+04    1.1346076147E-09
    2.4256000977E+04    4.9685982735E-10
    2.4266000977E+04    9.0805683326E-10
    2.4276000977E+04    1.8332057682E-10
    2.4286000977E+04    4.0876381159E-10
    2.4296000977E+04    2.6338575896E-10
    2.4306000977E+04    5.1293690034E-10
    2.4316000977E+04    2.1208610105E-10
    2.4326000977E+04    4.2165234203E-10
    2.4336000977E+04    2.8562327069E-10
    2.4346000977E+04    2.0854339645E-10
    2.4356000977E+04    1.5350210305E-10
    2.4366000977E+04    3.4544368951E-10
    2.4376000977E+04    2.2684358495E-10
    2.4386000977E+04    7.8485814316E-11
    2.4396000977E+04    1.6221942030E-10
    2.4406000977E+04    1.2106191868E-10
    2.4416000977E+04    1.3209642919E-10
    2.4426000977E+04    1.8624461030E-10
    2.4436000977E+04    1.7918745368E-10
    2.4446000977E+04    1.4269639562E-10
    2.4456000977E+04    1.4305354587E-11
    2.4466000977E+04    1.3741997550E-10
    2.4476000977E+04    9.6080530825E-11
    2.4486000977E+04    9.3507861260E-11
    2.4496000977E+04    1.6194542697E-11
    2.4506000977E+04    7.9597983306E-11
    2.4516000977E+04    3.2559039740E-11
    2.4526000977E+04    1.0445038046E-10
    2.4536000977E+04    5.1373423856E-11
    2.4546000977E+04    5.3870071399E-11
    2.4556000977E+04    2.1800250769E-11
    2.4566000977E+04    9.9283423019E-11
    2.4576000977E+04    5.3259322212E-13
    2.4586000977E+04    3.3627720577E-11
    2.4596000977E+04    5.2431935542E-11
    2.4606000977E+04    2.2695320501E-11
    2.4616000977E+04    2.0657368390E-11
    2.4626000977E+04    1.0477668248E-11
    2.4636000977E+04    2.9275527383E-12
    2.4646000977E+04    1.1709228461E-11
    2.4656000977E+04    1.7702024080E-11
    2.4666000977E+04    5.5496186406E-12
    2.4676000977E+04    1.6572755989E-11
    2.4686000977E+04    5.1987517247E-12
    2.4696000977E+04    1.1575050811E-11
    2.4706000977E+04    4.3407535000E-12
    2.4716000977E+04    7.0154293876E-12
    2.4726000977E+04    4.9511367700E-12
    2.4736000977E+04    2.8926921601E-12
    2.4746000977E+04    4.5777009032E-12
    2.4756000977E+04    5.1989620227E-12
    2.4766000977E+04    8.3175616439E-13
    2.4776000977E+04    2.1134770536E-12
    2.4786000977E+04    7.2949431090E-13
    2.4796000977E+04    1.2704251424E-12
    2.4806000977E+04    2.2919244414E-12
    2.4816000977E+04    1.3014598643E-12
    2.4826000977E+04    7.3043742575E-13
    2.4836000977E+04    1.7854053179E-12
    2.4846000977E+04    3.5094176352E-13
    2.4856000977E+04    7.6471477960E-13
    2.4866000977E+04    7.5897109802E-13
    2.4876000977E+04    3.5729101533E-13
    2.4886000977E+04    3.2317449738E-13
    2.4896000977E+04    4.9554703576E-13
    2.4906000977E+04    8.3401719638E-13
    2.4916000977E+04    5.8564455225E-13
    2.4926000977E+04    8.8189520268E-13
    2.4936000977E+04    5.0417208036E-14
    2.4946000977E+04    8.1576055098E-13
    2.4956000977E+04    3.6311066228E-13
    2.4966000977E+04    1.6751676278E-13
    2.4976000977E+04    4.1163893269E-13
    2.4986000977E+04    6.4117114413E-13
    2.4996000977E+04    2.8645320321E-13
    2.5006000977E+04    2.6352935380E-13
    2.5016000977E+04    2.3162873444E-18
    2.5026000977E+04    4.4985545453E-13
    2.5036000977E+04    4.0388748459E-13
    2.5046000977E+04    1.0403036889E-13
    2.5056000977E+04    4.8756537676E-14
    2.5066000977E+04    7.2803032954E-14
    2.5076000977E+04    1.5475506343E-13
    2.5086000977E+04    1.7566836393E-13
    2.5096000977E+04    2.1318174520E-13
    2.5106000977E+04    4.1127753983E-13
    2.5116000977E+04    1.1919256664E-13
    2.5126000977E+04    1.2088453455E-13
    2.5136000977E+04    1.1330640034E-13
    2.5146000977E+04    1.4156758161E-13
    2.5156000977E+04    6.2484887929E-14
    2.5166000977E+04    1.2607757870E-13
    2.5176000977E+04    8.3164257434E-14
    2.5186000977E+04    1.0644031112E-13
    2.5196000977E+04    9.7678613935E-14
    2.5206000977E+04    1.3487475612E-13
    2.5216000977E+04    1.1794291107E-13
    2.5226000977E+04    2.0790354166E-14
    2.5236000977E+04    7.3424567487E-14
    2.5246000977E+04    1.0400975771E-13
    2.5256000977E+04    3.3630036359E-14
    2.5266000977E+04    1.2839345931E-13
    2.5276000977E+04    6.9283389564E-14
    2.5286000977E+04    3.4154444409E-14
    2.5296000977E+04    3.7157175682E-14
    2.5306000977E+04    5.4802912004E-15
    2.5316000977E+04    7.2483877617E-14
    2.5326000977E+04    8.3680006689E-14
    2.5336000977E+04    4.6904941656E-14
    2.5346000977E+04    4.2353929414E-14
    2.5356000977E+04    5.0415391530E-14
    2.5366000977E+04    6.1537672287E-14
    2.5376000977E+04    1.8701030342E-14
    2.5386000977E+04    3.7307437021E-14
    2.5396000977E+04    2.5216303489E-14
    2.5406000977E+04    3.8207394900E-14
    2.5416000977E+04    2.2166178944E-14
    2.5426000977E+04    5.0053660673E-14
    2.5436000977E+04    6.7654360082E-15
    2.5446000977E+04    3.6930562938E-14
    2.5456000977E+04    2.4328080825E-14
    2.5466000977E+04    2.8840965660E-14
    2.5476000977E+04    1.4052006111E-14
    2.5486000977E+04    1.1639481281E-14
    2.5496000977E+04    2.7205372784E-14
    2.5506000977E+04    1.0341117560E-14
    2.5516000977E+04    7.4746158283E-15
    2.5526000977E+04    1.1445699903E-14
    2.5536000977E+04    1.1029121237E-14
    2.5546000977E+04    6.2892717265E-15
    2.5556000977E+04    1.8341246655E-14
    2.5566000977E+04    1.2408149509E-14
    2.5576000977E+04    1.0912528322E-14
    2.5586000977E+04    6.5875082395E-15
    2.5596000977E+04    1.2239725211E-14
    2.5606000977E+04    6.9671625057E-15
    2.5616000977E+04    4.5056490300E-15
    2.5626000977E+04    8.5928866376E-15
    2.5636000977E+04    7.9227616573E-15
    2.5646000977E+04    6.2038665537E-15
    2.5656000977E+04    2.8656092900E-15
    2.5666000977E+04    2.8740504338E-15
    2.5676000977E+04    3.0333203495E-15
    2.5686000977E+04    3.7544105978E-15
    2.5696000977E+04    7.6708875443E-16
    2.5706000977E+04    3.3929028004E-15
    2.5716000977E+04    2.2278787548E-15
    2.5726000977E+04    1.8680260325E-15
    2.5736000977E+04    1.7517808561E-15
    2.5746000977E+04    2.6025033200E-15
    2.5756000977E+04    3.3758483903E-15
    2.5766000977E+04    2.5273322705E-15
    2.5776000977E+04    1.4730578083E-15
    2.5786000977E+04    2.0993106791E-15
    2.5796000977E+04    5.9326381363E-16
    2.5806000977E+04    1.1884214702E-15
    2.5816000977E+04    2.1885349009E-15
    2.5826000977E+04    4.2490949019E-16
    2.5836000977E+04    8.9094566559E-16
    2.5846000977E+04    9.4461088091E-16
    2.5856000977E+04    1.4327229579E-15
    2.5866000977E+04    8.9303855664E-16
    2.5876000977E+04    6.8399230588E-16
    2.5886000977E+04    9.6284514447E-16
    2.5896000977E+04    8.2096740501E-16
    2.5906000977E+04    4.3072747541E-16
    2.5916000977E+04    7.1842258652E-16
    2.5926000977E+04    6.7620428215E-16
    2.5936000977E+04    1.1487454506E-16
    2.5946000977E+04    3.3792623473E-16
    2.5956000977E+04    9.7927265230E-17
    2.5966000977E+04    2.4417059161E-16
    2.5976000977E+04    3.4753460061E-16
    2.5986000977E+04    1.9662746210E-16
    2.5996000977E+04    1.8407977778E-16
    2.6006000977E+04    1.8603458229E-16
