###   Wavelength (A)        Transmission
    2.0004663860E+04    1.3153832838E-10
    2.0020744780E+04    1.0799500105E-10
    2.0036825700E+04    9.2059428621E-11
    2.0052906620E+04    8.7245000106E-11
    2.0068987540E+04    7.4557528974E-11
    2.0085068460E+04    5.0715634190E-11
    2.0101149380E+04    4.2536428963E-11
    2.0117230300E+04    5.0124088045E-11
    2.0133311220E+04    4.5249063532E-11
    2.0149392140E+04    2.8797304412E-11
    2.0165473060E+04    2.5398718642E-11
    2.0181553980E+04    3.2154950374E-11
    2.0197634900E+04    3.0391136994E-11
    2.0213715820E+04    2.2894540752E-11
    2.0229796740E+04    1.8851697903E-11
    2.0245877660E+04    1.6329532546E-11
    2.0261958580E+04    1.5416436438E-11
    2.0278039490E+04    1.5294055103E-11
    2.0294120410E+04    6.3310570168E-12
    2.0310201330E+04    2.1434339836E-12
    2.0326282250E+04    2.9768161944E-12
    2.0342363170E+04    9.0159470378E-12
    2.0358444090E+04    3.6266662796E-12
    2.0374525010E+04    1.2066638564E-12
    2.0390605930E+04    1.7677300472E-12
    2.0406686850E+04    6.5590257604E-12
    2.0422767770E+04    7.8047803008E-12
    2.0438848690E+04    4.1442625517E-12
    2.0454929610E+04    4.1255660409E-12
    2.0471010530E+04    5.3953082453E-12
    2.0487091450E+04    5.9538457905E-12
    2.0503172370E+04    6.0491438004E-12
    2.0519253290E+04    4.1759963527E-13
    2.0535334210E+04    8.5991343819E-15
    2.0551415130E+04    3.7595164717E-14
    2.0567496050E+04    2.4766438227E-12
    2.0583576970E+04    8.8108774230E-13
    2.0599657880E+04    1.4370972544E-14
    2.0615738800E+04    3.3721204439E-14
    2.0631819720E+04    2.7506908496E-12
    2.0647900640E+04    1.0252274117E-11
    2.0663981560E+04    2.9228447370E-12
    2.0680062480E+04    2.7628091522E-12
    2.0696143400E+04    8.4916517332E-12
    2.0712224320E+04    1.5623442739E-11
    2.0728305240E+04    1.5116657657E-11
    2.0744386160E+04    1.1615583633E-11
    2.0760467080E+04    6.5944185506E-12
    2.0776548000E+04    6.3853196062E-12
    2.0792628920E+04    1.7627938255E-11
    2.0808709840E+04    1.3809506086E-11
    2.0824790760E+04    2.2089200952E-13
    2.0840871680E+04    2.1012940088E-14
    2.0856952600E+04    1.5027273921E-12
    2.0873033520E+04    6.0876807029E-11
    2.0889114440E+04    1.0049018164E-12
    2.0905195360E+04    1.9279795596E-14
    2.0921276270E+04    8.3571483039E-13
    2.0937357190E+04    5.9566053030E-11
    2.0953438110E+04    7.7291951135E-11
    2.0969519030E+04    6.2100571029E-11
    2.0985599950E+04    6.8263848604E-11
    2.1001680870E+04    8.5931977851E-11
    2.1017761790E+04    1.3677367966E-10
    2.1033842710E+04    2.6354458173E-10
    2.1049923630E+04    1.1044256384E-10
    2.1066004550E+04    1.7257396247E-11
    2.1082085470E+04    1.4391839698E-11
    2.1098166390E+04    1.1773377448E-10
    2.1114247310E+04    2.4774025475E-10
    2.1130328230E+04    3.9466200440E-12
    2.1146409150E+04    2.3184281544E-13
    2.1162490070E+04    1.2668178122E-11
    2.1178570990E+04    8.4938452062E-10
    2.1194651910E+04    3.9732789932E-10
    2.1210732830E+04    1.8643422265E-10
    2.1226813750E+04    2.4000256768E-10
    2.1242894660E+04    3.9025614153E-10
    2.1258975580E+04    5.1180023356E-10
    2.1275056500E+04    5.9322039251E-10
    2.1291137420E+04    8.1100235050E-11
    2.1307218340E+04    1.4303002202E-12
    2.1323299260E+04    4.7184687511E-13
    2.1339380180E+04    2.5948278665E-11
    2.1355461100E+04    4.8867003037E-10
    2.1371542020E+04    7.5634864841E-12
    2.1387622940E+04    1.4493887195E-13
    2.1403703860E+04    4.9930772204E-12
    2.1419784780E+04    2.8094777398E-10
    2.1435865700E+04    1.9926144781E-10
    2.1451946620E+04    6.6134715400E-11
    2.1468027540E+04    6.9287911893E-11
    2.1484108460E+04    1.8091734454E-10
    2.1500189380E+04    3.7592783520E-10
    2.1516270300E+04    3.2934059149E-10
    2.1532351220E+04    2.8602599025E-10
    2.1548432140E+04    1.5404678494E-10
    2.1564513050E+04    8.5159679318E-11
    2.1580593970E+04    1.6099875070E-10
    2.1596674890E+04    3.9459423015E-10
    2.1612755810E+04    4.4827943257E-11
    2.1628836730E+04    8.8751948599E-13
    2.1644917650E+04    5.8351715468E-13
    2.1660998570E+04    2.9383263639E-11
    2.1677079490E+04    6.2392723782E-10
    2.1693160410E+04    1.2430293387E-10
    2.1709241330E+04    3.2715815405E-11
    2.1725322250E+04    9.4400727397E-11
    2.1741403170E+04    3.7274743384E-10
    2.1757484090E+04    5.3976689303E-10
    2.1773565010E+04    4.9324170702E-10
    2.1789645930E+04    4.5430358518E-10
    2.1805726850E+04    4.0924340155E-10
    2.1821807770E+04    3.8348149061E-10
    2.1837888690E+04    5.4193010898E-10
    2.1853969610E+04    8.5393441232E-10
    2.1870050530E+04    3.4484578592E-10
    2.1886131450E+04    1.0837643944E-10
    2.1902212360E+04    1.2200843379E-10
    2.1918293280E+04    4.9167487149E-10
    2.1934374200E+04    1.3891187704E-09
    2.1950455120E+04    5.6106437395E-10
    2.1966536040E+04    2.5689473287E-10
    2.1982616960E+04    4.9960689901E-10
    2.1998697880E+04    1.2206909857E-09
    2.2014778800E+04    1.5214627637E-09
    2.2030859720E+04    1.1785807797E-09
    2.2046940640E+04    1.0348165018E-09
    2.2063021560E+04    1.2408005969E-09
    2.2079102480E+04    1.4969742284E-09
    2.2095183400E+04    1.9168128053E-09
    2.2111264320E+04    2.4843377277E-09
    2.2127345240E+04    1.7802542043E-09
    2.2143426160E+04    8.0569739006E-10
    2.2159507080E+04    5.6105913360E-10
    2.2175588000E+04    1.9549420902E-09
    2.2191668920E+04    7.1509145730E-09
    2.2207749840E+04    3.5238092414E-10
    2.2223830750E+04    9.9917007703E-12
    2.2239911670E+04    7.4265965736E-12
    2.2255992590E+04    3.5984685023E-10
    2.2272073510E+04    1.2792726360E-08
    2.2288154430E+04    5.8515787047E-09
    2.2304235350E+04    2.6174619167E-09
    2.2320316270E+04    3.4304815590E-09
    2.2336397190E+04    6.8247861353E-09
    2.2352478110E+04    1.1241149166E-08
    2.2368559030E+04    1.2572324267E-08
    2.2384639950E+04    1.4277119299E-08
    2.2400720870E+04    7.3063346996E-09
    2.2416801790E+04    3.5797378542E-09
    2.2432882710E+04    4.5812525679E-09
    2.2448963630E+04    1.4503391564E-08
    2.2465044550E+04    3.4844112723E-08
    2.2481125470E+04    8.5177064800E-10
    2.2497206390E+04    2.5090935409E-11
    2.2513287310E+04    9.8079356946E-11
    2.2529368230E+04    4.5551679987E-09
    2.2545449140E+04    3.4991240947E-08
    2.2561530060E+04    9.4804715193E-10
    2.2577610980E+04    3.2678593122E-11
    2.2593691900E+04    2.6377873923E-10
    2.2609772820E+04    1.0826770556E-08
    2.2625853740E+04    1.2112930703E-07
    2.2641934660E+04    1.1359267580E-07
    2.2658015580E+04    1.0631375019E-07
    2.2674096500E+04    7.0022605398E-08
    2.2690177420E+04    5.0118557330E-08
    2.2706258340E+04    5.4988307843E-08
    2.2722339260E+04    1.0715792200E-07
    2.2738420180E+04    2.7866967781E-07
    2.2754501100E+04    8.8447229451E-09
    2.2770582020E+04    2.3757495919E-10
    2.2786662940E+04    2.5801917655E-10
    2.2802743860E+04    1.0463861116E-08
    2.2818824780E+04    4.5358574282E-07
    2.2834905700E+04    1.4094407243E-08
    2.2850986620E+04    3.8245389034E-10
    2.2867067530E+04    3.0023412930E-10
    2.2883148450E+04    1.0599607308E-08
    2.2899229370E+04    4.1304908827E-07
    2.2915310290E+04    2.9662604568E-07
    2.2931391210E+04    2.4433298133E-07
    2.2947472130E+04    2.3124238274E-07
    2.2963553050E+04    2.5539643174E-07
    2.2979633970E+04    2.9900545995E-07
    2.2995714890E+04    4.7908356761E-07
    2.3011795810E+04    8.8466425993E-07
    2.3027876730E+04    8.8816922330E-07
    2.3043957650E+04    4.1790390687E-07
    2.3060038570E+04    2.5816197894E-07
    2.3076119490E+04    4.9696754899E-07
    2.3092200410E+04    1.3930962781E-06
    2.3108281330E+04    5.3266794750E-06
    2.3124362250E+04    3.4950558684E-06
    2.3140443170E+04    2.3630643505E-06
    2.3156524090E+04    3.6866912446E-06
    2.3172605010E+04    8.3284202059E-06
    2.3188685920E+04    1.7405085520E-05
    2.3204766840E+04    1.8291518309E-05
    2.3220847760E+04    1.9106773300E-05
    2.3236928680E+04    2.3103825166E-05
    2.3253009600E+04    3.1396831366E-05
    2.3269090520E+04    4.2159013272E-05
    2.3285171440E+04    5.3322906521E-05
    2.3301252360E+04    6.6559209665E-05
    2.3317333280E+04    7.7613942406E-05
    2.3333414200E+04    8.0023419162E-05
    2.3349495120E+04    8.1853878074E-05
    2.3365576040E+04    1.0279029461E-04
    2.3381656960E+04    1.3815989163E-04
    2.3397737880E+04    1.7651472755E-04
    2.3413818800E+04    1.6707265705E-04
    2.3429899720E+04    1.5664254336E-04
    2.3445980640E+04    1.6812940485E-04
    2.3462061560E+04    2.0980832163E-04
    2.3478142480E+04    2.6129952631E-04
    2.3494223400E+04    2.7645157276E-04
    2.3510304310E+04    2.8404741746E-04
    2.3526385230E+04    3.0054525422E-04
    2.3542466150E+04    3.5837708921E-04
    2.3558547070E+04    4.2885871211E-04
    2.3574627990E+04    5.0943923041E-04
    2.3590708910E+04    5.9973284752E-04
    2.3606789830E+04    7.0989876705E-04
    2.3622870750E+04    8.4652108206E-04
    2.3638951670E+04    1.0120603182E-03
    2.3655032590E+04    1.2189917148E-03
    2.3671113510E+04    1.5251902912E-03
    2.3687194430E+04    1.9029778090E-03
    2.3703275350E+04    2.3409332136E-03
    2.3719356270E+04    2.8378081485E-03
    2.3735437190E+04    3.4235285382E-03
    2.3751518110E+04    4.2332699837E-03
    2.3767599030E+04    5.2479394195E-03
    2.3783679950E+04    6.4767192147E-03
    2.3799760870E+04    7.8970784922E-03
    2.3815841790E+04    9.6186176285E-03
    2.3831922710E+04    1.1703562326E-02
    2.3848003620E+04    1.4263672281E-02
    2.3864084540E+04    1.7373739518E-02
    2.3880165460E+04    2.0958329314E-02
    2.3896246380E+04    2.5102602961E-02
    2.3912327300E+04    3.0071716626E-02
    2.3928408220E+04    3.5394149344E-02
    2.3944489140E+04    4.1610901046E-02
    2.3960570060E+04    4.8790582142E-02
    2.3976650980E+04    5.6224820630E-02
    2.3992731900E+04    6.4813646367E-02
    2.4008812820E+04    7.4257418114E-02
    2.4024893740E+04    8.4262706597E-02
    2.4040974660E+04    9.5635473891E-02
    2.4057055580E+04    1.0797709116E-01
    2.4073136500E+04    1.2152165218E-01
    2.4089217420E+04    1.3676139777E-01
    2.4105298340E+04    1.5280737194E-01
    2.4121379260E+04    1.7048597748E-01
    2.4137460180E+04    1.9002370257E-01
    2.4153541100E+04    2.0919737854E-01
    2.4169622010E+04    2.3021648409E-01
    2.4185702930E+04    2.5187099966E-01
    2.4201783850E+04    2.7112421036E-01
    2.4217864770E+04    2.9202597409E-01
    2.4233945690E+04    3.1065506156E-01
    2.4250026610E+04    3.2559847427E-01
    2.4266107530E+04    3.4114103612E-01
    2.4282188450E+04    3.5221101793E-01
    2.4298269370E+04    3.6038577938E-01
    2.4314350290E+04    3.6874610594E-01
    2.4330431210E+04    3.7269936914E-01
    2.4346512130E+04    3.7546019294E-01
    2.4362593050E+04    3.7824364099E-01
    2.4378673970E+04    3.7859084128E-01
    2.4394754890E+04    3.7883266587E-01
    2.4410835810E+04    3.7907914624E-01
    2.4426916730E+04    3.7902056142E-01
    2.4442997650E+04    3.7901065484E-01
    2.4459078570E+04    3.7917060747E-01
    2.4475159490E+04    3.7955976350E-01
    2.4491240400E+04    3.8000984226E-01
    2.4507321320E+04    3.8089061871E-01
    2.4523402240E+04    3.8212819080E-01
    2.4539483160E+04    3.8340509969E-01
    2.4555564080E+04    3.8478210779E-01
    2.4571645000E+04    3.8625762409E-01
    2.4587725920E+04    3.8775720105E-01
    2.4603806840E+04    3.8913108169E-01
    2.4619887760E+04    3.9035785802E-01
    2.4635968680E+04    3.9158586714E-01
    2.4652049600E+04    3.9258966736E-01
    2.4668130520E+04    3.9347200064E-01
    2.4684211440E+04    3.9433744594E-01
    2.4700292360E+04    3.9498557888E-01
    2.4716373280E+04    3.9560266157E-01
    2.4732454200E+04    3.9630665625E-01
    2.4748535120E+04    3.9711295509E-01
    2.4764616040E+04    3.9751863734E-01
    2.4780696960E+04    3.9789462290E-01
    2.4796777880E+04    3.9821936802E-01
    2.4812858790E+04    3.9836239418E-01
    2.4828939710E+04    3.9827522290E-01
    2.4845020630E+04    3.9847740071E-01
    2.4861101550E+04    3.9865282559E-01
    2.4877182470E+04    3.9879990092E-01
    2.4893263390E+04    3.9888338660E-01
    2.4909344310E+04    3.9890688930E-01
    2.4925425230E+04    3.9888177887E-01
    2.4941506150E+04    3.9876473610E-01
    2.4957587070E+04    3.9862693777E-01
    2.4973667990E+04    3.9847049607E-01
    2.4989748910E+04    3.9823718678E-01
    2.4997781620E+04    3.9082432975E-01
    2.5011293930E+04    3.9057212312E-01
    2.5024806240E+04    3.9027392850E-01
    2.5038318560E+04    3.8998721786E-01
    2.5051830870E+04    3.8972640879E-01
    2.5065343190E+04    3.8945237409E-01
    2.5078855500E+04    3.8918514659E-01
    2.5092367820E+04    3.8895898128E-01
    2.5105880130E+04    3.8879901891E-01
    2.5119392440E+04    3.8865816699E-01
    2.5132904760E+04    3.8858786469E-01
    2.5146417070E+04    3.8856019738E-01
    2.5159929390E+04    3.8857144832E-01
    2.5173441700E+04    3.8864195039E-01
    2.5186954020E+04    3.8873616394E-01
    2.5200466330E+04    3.8886092397E-01
    2.5213978650E+04    3.8902830536E-01
    2.5227490960E+04    3.8920851244E-01
    2.5241003270E+04    3.8940964013E-01
    2.5254515590E+04    3.8960027397E-01
    2.5268027900E+04    3.8973408396E-01
    2.5281540220E+04    3.8986350606E-01
    2.5295052530E+04    3.8994688592E-01
    2.5308564850E+04    3.8998919385E-01
    2.5322077160E+04    3.8994923433E-01
    2.5335589480E+04    3.8985320662E-01
    2.5349101790E+04    3.8967688599E-01
    2.5362614100E+04    3.8934485289E-01
    2.5376126420E+04    3.8895166907E-01
    2.5389638730E+04    3.8842879452E-01
    2.5403151050E+04    3.8777135879E-01
    2.5416663360E+04    3.8699146771E-01
    2.5430175680E+04    3.8611673328E-01
    2.5443687990E+04    3.8520336544E-01
    2.5457200300E+04    3.8416018840E-01
    2.5470712620E+04    3.8302914498E-01
    2.5484224930E+04    3.8189059818E-01
    2.5497737250E+04    3.8075611294E-01
    2.5511249560E+04    3.7956212917E-01
    2.5524761880E+04    3.7837123897E-01
    2.5538274190E+04    3.7728948805E-01
    2.5551786510E+04    3.7621288094E-01
    2.5565298820E+04    3.7515767070E-01
    2.5578811130E+04    3.7423247690E-01
    2.5592323450E+04    3.7342952113E-01
    2.5605835760E+04    3.7265639519E-01
    2.5619348080E+04    3.7208613489E-01
    2.5632860390E+04    3.7171290499E-01
    2.5646372710E+04    3.7149997169E-01
    2.5659885020E+04    3.7146145355E-01
    2.5673397330E+04    3.7144624112E-01
    2.5686909650E+04    3.7168283084E-01
    2.5700421960E+04    3.7209124755E-01
    2.5713934280E+04    3.7314465827E-01
    2.5727446590E+04    3.7370690222E-01
    2.5740958910E+04    3.7472034189E-01
    2.5754471220E+04    3.7580986452E-01
    2.5767983540E+04    3.7688869625E-01
    2.5781495850E+04    3.7796817178E-01
    2.5795008160E+04    3.7928172842E-01
    2.5808520480E+04    3.8066617697E-01
    2.5822032790E+04    3.8230552704E-01
    2.5835545110E+04    3.8378952123E-01
    2.5849057420E+04    3.8571282373E-01
    2.5862569740E+04    3.8724283002E-01
    2.5876082050E+04    3.8886730727E-01
    2.5889594370E+04    3.9054512486E-01
    2.5903106680E+04    3.9212258240E-01
    2.5916618990E+04    3.9346686481E-01
    2.5930131310E+04    3.9480292588E-01
    2.5943643620E+04    3.9568243132E-01
    2.5957155940E+04    3.9718919514E-01
    2.5970668250E+04    3.9833637464E-01
    2.5984180570E+04    3.9946352142E-01
    2.5997692880E+04    4.0017247750E-01
    2.6011205190E+04    4.0066740916E-01
    2.6024717510E+04    4.0105651056E-01
    2.6038229820E+04    4.0127010866E-01
    2.6051742140E+04    4.0132867784E-01
    2.6065254450E+04    4.0158866682E-01
    2.6078766770E+04    4.0133190785E-01
    2.6092279080E+04    4.0108724657E-01
    2.6105791400E+04    4.0084413196E-01
    2.6119303710E+04    4.0043356277E-01
    2.6132816020E+04    3.9994787934E-01
    2.6146328340E+04    3.9954375864E-01
    2.6159840650E+04    3.9893353124E-01
    2.6173352970E+04    3.9866101873E-01
    2.6186865280E+04    3.9858055194E-01
    2.6200377600E+04    3.9788359239E-01
    2.6213889910E+04    3.9769204543E-01
    2.6227402220E+04    3.9727607431E-01
    2.6240914540E+04    3.9687782248E-01
    2.6254426850E+04    3.9657657016E-01
    2.6267939170E+04    3.9630816266E-01
    2.6281451480E+04    3.9629049205E-01
    2.6294963800E+04    3.9603883098E-01
    2.6308476110E+04    3.9610722627E-01
    2.6321988430E+04    3.9636932843E-01
    2.6335500740E+04    3.9634717032E-01
    2.6349013050E+04    3.9699413397E-01
    2.6362525370E+04    3.9726742103E-01
    2.6376037680E+04    3.9758201142E-01
    2.6389550000E+04    3.9797171006E-01
    2.6403062310E+04    3.9837965929E-01
    2.6416574630E+04    3.9878386520E-01
    2.6430086940E+04    3.9925164708E-01
    2.6443599250E+04    3.9972721264E-01
    2.6457111570E+04    4.0020421661E-01
    2.6470623880E+04    4.0077302512E-01
    2.6484136200E+04    4.0116595500E-01
    2.6497648510E+04    4.0158182559E-01
    2.6511160830E+04    4.0195461157E-01
    2.6524673140E+04    4.0246919930E-01
    2.6538185460E+04    4.0316127123E-01
    2.6551697770E+04    4.0331968722E-01
    2.6565210080E+04    4.0357796992E-01
    2.6578722400E+04    4.0370734925E-01
    2.6592234710E+04    4.0371822153E-01
    2.6605747030E+04    4.0357396169E-01
    2.6619259340E+04    4.0288896352E-01
    2.6632771660E+04    4.0269315410E-01
    2.6646283970E+04    4.0232704659E-01
    2.6659796290E+04    4.0232594854E-01
    2.6673308600E+04    4.0206591344E-01
    2.6686820910E+04    4.0217829003E-01
    2.6700333230E+04    4.0153213901E-01
    2.6713845540E+04    4.0150604440E-01
    2.6727357860E+04    4.0087717494E-01
    2.6740870170E+04    4.0033687704E-01
    2.6754382490E+04    3.9987078093E-01
    2.6767894800E+04    3.9960404174E-01
    2.6781407110E+04    3.9941647357E-01
    2.6794919430E+04    3.9906748753E-01
    2.6808431740E+04    3.9888291895E-01
    2.6821944060E+04    3.9841436964E-01
    2.6835456370E+04    3.9778197928E-01
    2.6848968690E+04    3.9771458036E-01
    2.6862481000E+04    3.9768811242E-01
    2.6875993320E+04    3.9801257092E-01
    2.6889505630E+04    3.9796087107E-01
    2.6903017940E+04    3.9801105305E-01
    2.6916530260E+04    3.9797678520E-01
    2.6930042570E+04    3.9744104101E-01
    2.6943554890E+04    3.9768294578E-01
    2.6957067200E+04    3.9789782430E-01
    2.6970579520E+04    3.9802154406E-01
    2.6984091830E+04    3.9813337372E-01
    2.6997604140E+04    3.9833899495E-01
    2.7011116460E+04    3.9871341494E-01
    2.7024628770E+04    3.9904927456E-01
    2.7038141090E+04    3.9955387810E-01
    2.7051653400E+04    4.0005524264E-01
    2.7065165720E+04    4.0048790560E-01
    2.7078678030E+04    4.0083760399E-01
    2.7092190350E+04    4.0125091054E-01
    2.7105702660E+04    4.0159823921E-01
    2.7119214970E+04    4.0214234122E-01
    2.7132727290E+04    4.0233614283E-01
    2.7146239600E+04    4.0211916477E-01
    2.7159751920E+04    4.0228009236E-01
    2.7173264230E+04    4.0238692805E-01
    2.7186776550E+04    4.0251551655E-01
    2.7200288860E+04    4.0240154036E-01
    2.7213801170E+04    4.0271742770E-01
    2.7227313490E+04    4.0288657950E-01
    2.7240825800E+04    4.0202213777E-01
    2.7254338120E+04    4.0199149648E-01
    2.7267850430E+04    4.0170938540E-01
    2.7281362750E+04    4.0128269727E-01
    2.7294875060E+04    4.0089670844E-01
    2.7308387380E+04    4.0044983695E-01
    2.7321899690E+04    4.0001836343E-01
    2.7335412000E+04    3.9932642446E-01
    2.7348924320E+04    3.9854449592E-01
    2.7362436630E+04    3.9817815822E-01
    2.7375948950E+04    3.9761932155E-01
    2.7389461260E+04    3.9702555661E-01
    2.7402973580E+04    3.9678586457E-01
    2.7416485890E+04    3.9678381590E-01
    2.7429998210E+04    3.9633462439E-01
    2.7443510520E+04    3.9564041310E-01
    2.7457022830E+04    3.9488556730E-01
    2.7470535150E+04    3.9452329916E-01
    2.7484047460E+04    3.9422502861E-01
    2.7497559780E+04    3.9397374274E-01
    2.7511072090E+04    3.9370548972E-01
    2.7524584410E+04    3.9333362648E-01
    2.7538096720E+04    3.9291867044E-01
    2.7551609030E+04    3.9274261906E-01
    2.7565121350E+04    3.9279339456E-01
    2.7578633660E+04    3.9267692648E-01
    2.7592145980E+04    3.9283511830E-01
    2.7605658290E+04    3.9340590080E-01
    2.7619170610E+04    3.9320548611E-01
    2.7632682920E+04    3.9357822034E-01
    2.7646195240E+04    3.9408056036E-01
    2.7659707550E+04    3.9450681077E-01
    2.7673219860E+04    3.9448883529E-01
    2.7686732180E+04    3.9509732126E-01
    2.7700244490E+04    3.9560092270E-01
    2.7713756810E+04    3.9578988762E-01
    2.7727269120E+04    3.9646373899E-01
    2.7740781440E+04    3.9708977025E-01
    2.7754293750E+04    3.9748999866E-01
    2.7767806060E+04    3.9784770916E-01
    2.7781318380E+04    3.9858555571E-01
    2.7794830690E+04    3.9964410464E-01
    2.7808343010E+04    3.9991896984E-01
    2.7821855320E+04    4.0052888184E-01
    2.7835367640E+04    4.0117892404E-01
    2.7848879950E+04    4.0181757700E-01
    2.7862392270E+04    4.0189483777E-01
    2.7875904580E+04    4.0252826408E-01
    2.7889416890E+04    4.0320133457E-01
    2.7902929210E+04    4.0359400478E-01
    2.7916441520E+04    4.0374841142E-01
    2.7929953840E+04    4.0422570673E-01
    2.7943466150E+04    4.0455153764E-01
    2.7956978470E+04    4.0468753193E-01
    2.7970490780E+04    4.0507376608E-01
    2.7984003090E+04    4.0559241761E-01
    2.7997515410E+04    4.0580111705E-01
    2.8011027720E+04    4.0586470261E-01
    2.8024540040E+04    4.0596773593E-01
    2.8038052350E+04    4.0620940809E-01
    2.8051564670E+04    4.0593353665E-01
    2.8065076980E+04    4.0601471833E-01
    2.8078589300E+04    4.0603812516E-01
    2.8092101610E+04    4.0593715266E-01
    2.8105613920E+04    4.0560676359E-01
    2.8119126240E+04    4.0560707693E-01
    2.8132638550E+04    4.0558161272E-01
    2.8146150870E+04    4.0528890577E-01
    2.8159663180E+04    4.0510367755E-01
    2.8173175500E+04    4.0506212706E-01
    2.8186687810E+04    4.0528646146E-01
    2.8200200130E+04    4.0493541150E-01
    2.8213712440E+04    4.0489102499E-01
    2.8227224750E+04    4.0482708585E-01
    2.8240737070E+04    4.0472494637E-01
    2.8254249380E+04    4.0463230250E-01
    2.8267761700E+04    4.0455492758E-01
    2.8281274010E+04    4.0451243357E-01
    2.8294786330E+04    4.0448141982E-01
    2.8308298640E+04    4.0441941649E-01
    2.8321810950E+04    4.0433996968E-01
    2.8335323270E+04    4.0424916988E-01
    2.8348835580E+04    4.0418304076E-01
    2.8362347900E+04    4.0402096227E-01
    2.8375860210E+04    4.0363043421E-01
    2.8389372530E+04    4.0364274845E-01
    2.8402884840E+04    4.0374484744E-01
    2.8416397160E+04    4.0403309427E-01
    2.8429909470E+04    4.0403089313E-01
    2.8443421780E+04    4.0403493783E-01
    2.8456934100E+04    4.0404173459E-01
    2.8470446410E+04    4.0401764745E-01
    2.8483958730E+04    4.0399509069E-01
    2.8497471040E+04    4.0397846860E-01
    2.8510983360E+04    4.0374415717E-01
    2.8524495670E+04    4.0346060645E-01
    2.8538007980E+04    4.0314804571E-01
    2.8551520300E+04    4.0284994481E-01
    2.8565032610E+04    4.0252311367E-01
    2.8578544930E+04    4.0217195450E-01
    2.8592057240E+04    4.0182453184E-01
    2.8605569560E+04    4.0126010639E-01
    2.8619081870E+04    4.0082215370E-01
    2.8632594190E+04    4.0056886190E-01
    2.8646106500E+04    4.0058331552E-01
    2.8659618810E+04    4.0047958805E-01
    2.8673131130E+04    4.0018982207E-01
    2.8686643440E+04    3.9992278916E-01
    2.8700155760E+04    3.9962254887E-01
    2.8713668070E+04    3.9936161915E-01
    2.8727180390E+04    3.9913302534E-01
    2.8740692700E+04    3.9888377710E-01
    2.8754205010E+04    3.9861939057E-01
    2.8767717330E+04    3.9835825165E-01
    2.8781229640E+04    3.9809990069E-01
    2.8794741960E+04    3.9784117278E-01
    2.8808254270E+04    3.9758091779E-01
    2.8821766590E+04    3.9733880189E-01
    2.8835278900E+04    3.9707122994E-01
    2.8848791220E+04    3.9679585670E-01
    2.8862303530E+04    3.9604826085E-01
    2.8875815840E+04    3.9580814853E-01
    2.8889328160E+04    3.9558971179E-01
    2.8902840470E+04    3.9537550083E-01
    2.8916352790E+04    3.9526616200E-01
    2.8929865100E+04    3.9559571408E-01
    2.8943377420E+04    3.9551269323E-01
    2.8956889730E+04    3.9542789640E-01
    2.8970402050E+04    3.9535307993E-01
    2.8983914360E+04    3.9528312803E-01
    2.8997426670E+04    3.9519108231E-01
    2.9010938990E+04    3.9504608693E-01
    2.9024451300E+04    3.9488657621E-01
    2.9037963620E+04    3.9471298343E-01
    2.9051475930E+04    3.9454108227E-01
    2.9064988250E+04    3.9436595815E-01
    2.9078500560E+04    3.9421835048E-01
    2.9092012870E+04    3.9403909518E-01
    2.9105525190E+04    3.9362133153E-01
    2.9119037500E+04    3.9328654173E-01
    2.9132549820E+04    3.9313733621E-01
    2.9146062130E+04    3.9300409003E-01
    2.9159574450E+04    3.9286003264E-01
    2.9173086760E+04    3.9268772531E-01
    2.9186599080E+04    3.9248807760E-01
    2.9200111390E+04    3.9230078084E-01
    2.9213623700E+04    3.9193122086E-01
    2.9227136020E+04    3.9154105006E-01
    2.9240648330E+04    3.9114515811E-01
    2.9254160650E+04    3.9072597618E-01
    2.9267672960E+04    3.9061647144E-01
    2.9281185280E+04    3.9024564903E-01
    2.9294697590E+04    3.8980062648E-01
    2.9308209900E+04    3.8924477203E-01
    2.9321722220E+04    3.8862745349E-01
    2.9335234530E+04    3.8800402824E-01
    2.9348746850E+04    3.8733313048E-01
    2.9362259160E+04    3.8666550995E-01
    2.9375771480E+04    3.8572969037E-01
    2.9389283790E+04    3.8488624126E-01
    2.9402796110E+04    3.8421803201E-01
    2.9416308420E+04    3.8357973687E-01
    2.9429820730E+04    3.8291921062E-01
    2.9443333050E+04    3.8273311069E-01
    2.9456845360E+04    3.8209224654E-01
    2.9470357680E+04    3.8145707675E-01
    2.9483869990E+04    3.8086020683E-01
    2.9497382310E+04    3.8022153456E-01
    2.9510894620E+04    3.7985628316E-01
    2.9524406940E+04    3.7906859603E-01
    2.9537919250E+04    3.7830669476E-01
    2.9551431560E+04    3.7757686577E-01
    2.9564943880E+04    3.7686722464E-01
    2.9578456190E+04    3.7616664789E-01
    2.9591968510E+04    3.7546227278E-01
    2.9605480820E+04    3.7479090209E-01
    2.9618993140E+04    3.7412643473E-01
    2.9632505450E+04    3.7350561831E-01
    2.9646017760E+04    3.7290425002E-01
    2.9659530080E+04    3.7235244420E-01
    2.9673042390E+04    3.7183001555E-01
    2.9686554710E+04    3.7129492675E-01
    2.9700067020E+04    3.7077817049E-01
    2.9713579340E+04    3.7032744005E-01
    2.9727091650E+04    3.6992392909E-01
    2.9740603970E+04    3.6955144312E-01
    2.9754116280E+04    3.6956859329E-01
    2.9767628590E+04    3.6973814106E-01
    2.9781140910E+04    3.6942327512E-01
    2.9794653220E+04    3.6912876295E-01
    2.9808165540E+04    3.6873105065E-01
    2.9821677850E+04    3.6828907578E-01
    2.9835190170E+04    3.6788056233E-01
    2.9848702480E+04    3.6748329274E-01
    2.9862214790E+04    3.6706564254E-01
    2.9875727110E+04    3.6667714681E-01
    2.9889239420E+04    3.6664751337E-01
    2.9902751740E+04    3.6634641533E-01
    2.9916264050E+04    3.6615420347E-01
    2.9929776370E+04    3.6597642833E-01
    2.9943288680E+04    3.6579383952E-01
    2.9956801000E+04    3.6560689001E-01
    2.9970313310E+04    3.6539581144E-01
    2.9983825620E+04    3.6518585172E-01
    2.9997337940E+04    3.6499128419E-01
    3.0010850250E+04    3.6459149722E-01
    3.0024362570E+04    3.6444751016E-01
    3.0037874880E+04    3.6392414722E-01
    3.0051387200E+04    3.6339515873E-01
    3.0064899510E+04    3.6304338791E-01
    3.0078411820E+04    3.6268233132E-01
    3.0091924140E+04    3.6207408706E-01
    3.0105436450E+04    3.6156919118E-01
    3.0118948770E+04    3.6122808718E-01
    3.0132461080E+04    3.6084773154E-01
    3.0145973400E+04    3.6043739783E-01
    3.0159485710E+04    3.5999739071E-01
    3.0172998030E+04    3.5953741147E-01
    3.0186510340E+04    3.5905372593E-01
    3.0200022650E+04    3.5856129482E-01
    3.0213534970E+04    3.5785559051E-01
    3.0227047280E+04    3.5712893384E-01
    3.0240559600E+04    3.5637483848E-01
    3.0254071910E+04    3.5559489404E-01
    3.0267584230E+04    3.5476833132E-01
    3.0281096540E+04    3.5394061833E-01
    3.0294608860E+04    3.5309935764E-01
    3.0308121170E+04    3.5246026971E-01
    3.0321633480E+04    3.5194919525E-01
    3.0335145800E+04    3.5141187866E-01
    3.0348658110E+04    3.5086793436E-01
    3.0362170430E+04    3.5040298104E-01
    3.0375682740E+04    3.5017707625E-01
    3.0389195060E+04    3.4959619945E-01
    3.0402707370E+04    3.4906930347E-01
    3.0416219680E+04    3.4873015900E-01
    3.0429732000E+04    3.4839219918E-01
    3.0443244310E+04    3.4803459728E-01
    3.0456756630E+04    3.4770173410E-01
    3.0470268940E+04    3.4736391489E-01
    3.0483781260E+04    3.4718402923E-01
    3.0497293570E+04    3.4708194249E-01
    3.0510805890E+04    3.4667123757E-01
    3.0524318200E+04    3.4624170959E-01
    3.0537830510E+04    3.4581830347E-01
    3.0551342830E+04    3.4538838637E-01
    3.0564855140E+04    3.4499742830E-01
    3.0578367460E+04    3.4462181895E-01
    3.0591879770E+04    3.4424625734E-01
    3.0605392090E+04    3.4404272065E-01
    3.0618904400E+04    3.4410915705E-01
    3.0632416710E+04    3.4420183889E-01
    3.0645929030E+04    3.4429815822E-01
    3.0659441340E+04    3.4479973128E-01
    3.0672953660E+04    3.4494463452E-01
    3.0686465970E+04    3.4534575093E-01
    3.0699978290E+04    3.4564818396E-01
    3.0713490600E+04    3.4559489768E-01
    3.0727002920E+04    3.4552511427E-01
    3.0740515230E+04    3.4548738902E-01
    3.0754027540E+04    3.4545616804E-01
    3.0767539860E+04    3.4544770833E-01
    3.0781052170E+04    3.4543560268E-01
    3.0794564490E+04    3.4543894022E-01
    3.0808076800E+04    3.4565708006E-01
    3.0821589120E+04    3.4603191607E-01
    3.0835101430E+04    3.4639735021E-01
    3.0848613740E+04    3.4679367733E-01
    3.0862126060E+04    3.4718913084E-01
    3.0875638370E+04    3.4760519880E-01
    3.0889150690E+04    3.4799744634E-01
    3.0902663000E+04    3.4842625423E-01
    3.0916175320E+04    3.4895815672E-01
    3.0929687630E+04    3.4947761082E-01
    3.0943199950E+04    3.5037681330E-01
    3.0956712260E+04    3.5088726626E-01
    3.0970224570E+04    3.5139743625E-01
    3.0983736890E+04    3.5190918478E-01
    3.0997249200E+04    3.5240604524E-01
    3.1010761520E+04    3.5276324353E-01
    3.1024273830E+04    3.5306530773E-01
    3.1037786150E+04    3.5336663650E-01
    3.1051298460E+04    3.5364741041E-01
    3.1064810780E+04    3.5393186693E-01
    3.1078323090E+04    3.5422078150E-01
    3.1091835400E+04    3.5451163124E-01
    3.1105347720E+04    3.5482071134E-01
    3.1118860030E+04    3.5521029166E-01
    3.1132372350E+04    3.5558817182E-01
    3.1145884660E+04    3.5597234872E-01
    3.1159396980E+04    3.5635831466E-01
    3.1172909290E+04    3.5674973609E-01
    3.1186421600E+04    3.5713757045E-01
    3.1199933920E+04    3.5752614901E-01
    3.1213446230E+04    3.5861484695E-01
    3.1226958550E+04    3.5929266322E-01
    3.1240470860E+04    3.5996274705E-01
    3.1253983180E+04    3.6065237052E-01
    3.1267495490E+04    3.6133314304E-01
    3.1281007810E+04    3.6202115636E-01
    3.1294520120E+04    3.6270769087E-01
    3.1308032430E+04    3.6331605398E-01
    3.1321544750E+04    3.6386120071E-01
    3.1335057060E+04    3.6441453407E-01
    3.1348569380E+04    3.6495695555E-01
    3.1362081690E+04    3.6551821342E-01
    3.1375594010E+04    3.6608559450E-01
    3.1389106320E+04    3.6665898017E-01
    3.1402618630E+04    3.6726010889E-01
    3.1416130950E+04    3.6799466784E-01
    3.1429643260E+04    3.6871802553E-01
    3.1443155580E+04    3.6945322215E-01
    3.1456667890E+04    3.7017464242E-01
    3.1470180210E+04    3.7092218670E-01
    3.1483692520E+04    3.7209781087E-01
    3.1497204840E+04    3.7285725452E-01
    3.1510717150E+04    3.7359511280E-01
    3.1524229460E+04    3.7434413149E-01
    3.1537741780E+04    3.7509060947E-01
    3.1551254090E+04    3.7586008051E-01
    3.1564766410E+04    3.7662057903E-01
    3.1578278720E+04    3.7739716405E-01
    3.1591791040E+04    3.7815638884E-01
    3.1605303350E+04    3.7891533478E-01
    3.1618815660E+04    3.7963405306E-01
    3.1632327980E+04    3.8036688500E-01
    3.1645840290E+04    3.8108163508E-01
    3.1659352610E+04    3.8180647414E-01
    3.1672864920E+04    3.8253278044E-01
    3.1686377240E+04    3.8325818696E-01
    3.1699889550E+04    3.8396471771E-01
    3.1713401870E+04    3.8494400721E-01
    3.1726914180E+04    3.8620750362E-01
    3.1740426490E+04    3.8728225659E-01
    3.1753938810E+04    3.8822022537E-01
    3.1767451120E+04    3.8915639105E-01
    3.1780963440E+04    3.9008307343E-01
    3.1794475750E+04    3.9101261630E-01
    3.1807988070E+04    3.9185446427E-01
    3.1821500380E+04    3.9263104762E-01
    3.1835012700E+04    3.9340465855E-01
    3.1848525010E+04    3.9416511663E-01
    3.1862037320E+04    3.9491059612E-01
    3.1875549640E+04    3.9563318910E-01
    3.1889061950E+04    3.9636474646E-01
    3.1902574270E+04    3.9708633796E-01
    3.1916086580E+04    3.9781507427E-01
    3.1929598900E+04    3.9851709913E-01
    3.1943111210E+04    3.9922625928E-01
    3.1956623520E+04    3.9989497259E-01
    3.1970135840E+04    4.0057371409E-01
    3.1983648150E+04    4.0170426629E-01
    3.1997160470E+04    4.0237223713E-01
    3.2010672780E+04    4.0297414832E-01
    3.2024185100E+04    4.0356842004E-01
    3.2037697410E+04    4.0415490133E-01
    3.2051209730E+04    4.0473712576E-01
    3.2064722040E+04    4.0529465750E-01
    3.2078234350E+04    4.0586037309E-01
    3.2091746670E+04    4.0641721378E-01
    3.2105258980E+04    4.0695695594E-01
    3.2118771300E+04    4.0749150091E-01
    3.2132283610E+04    4.0755742088E-01
    3.2145795930E+04    4.0809095091E-01
    3.2159308240E+04    4.0861918386E-01
    3.2172820550E+04    4.0914820878E-01
    3.2186332870E+04    4.0965862656E-01
    3.2199845180E+04    4.1020666810E-01
    3.2213357500E+04    4.1102211695E-01
    3.2226869810E+04    4.1200283258E-01
    3.2240382130E+04    4.1265381233E-01
    3.2253894440E+04    4.1332742891E-01
    3.2267406760E+04    4.1398924845E-01
    3.2280919070E+04    4.1466061550E-01
    3.2294431380E+04    4.1533992285E-01
    3.2307943700E+04    4.1590025874E-01
    3.2321456010E+04    4.1636691012E-01
    3.2334968330E+04    4.1683195711E-01
    3.2348480640E+04    4.1732267361E-01
    3.2361992960E+04    4.1781184077E-01
    3.2375505270E+04    4.1831659865E-01
    3.2389017590E+04    4.1881997717E-01
    3.2402529900E+04    4.1933350360E-01
    3.2416042210E+04    4.1980149812E-01
    3.2429554530E+04    4.2027935363E-01
    3.2443066840E+04    4.2089606417E-01
    3.2456579160E+04    4.2173659207E-01
    3.2470091470E+04    4.2221877516E-01
    3.2483603790E+04    4.2271981756E-01
    3.2497116100E+04    4.2323199677E-01
    3.2510628410E+04    4.2384891612E-01
    3.2524140730E+04    4.2451446124E-01
    3.2537653040E+04    4.2516892570E-01
    3.2551165360E+04    4.2583236993E-01
    3.2564677670E+04    4.2648641529E-01
    3.2578189990E+04    4.2716683458E-01
    3.2591702300E+04    4.2784577681E-01
    3.2605214620E+04    4.2851346695E-01
    3.2618726930E+04    4.2912726581E-01
    3.2632239240E+04    4.2976432783E-01
    3.2645751560E+04    4.3040295146E-01
    3.2659263870E+04    4.3103611430E-01
    3.2672776190E+04    4.3180795722E-01
    3.2686288500E+04    4.3280499901E-01
    3.2699800820E+04    4.3344642217E-01
    3.2713313130E+04    4.3396024085E-01
    3.2726825440E+04    4.3449144350E-01
    3.2740337760E+04    4.3500580013E-01
    3.2753850070E+04    4.3554566585E-01
    3.2767362390E+04    4.3607561716E-01
    3.2780874700E+04    4.3659212369E-01
    3.2794387020E+04    4.3709227541E-01
    3.2807899330E+04    4.3760767660E-01
    3.2821411650E+04    4.3812460182E-01
    3.2834923960E+04    4.3862892227E-01
    3.2848436270E+04    4.3915961228E-01
    3.2861948590E+04    4.3968697893E-01
    3.2875460900E+04    4.4021212631E-01
    3.2888973220E+04    4.4069273086E-01
    3.2902485530E+04    4.4170022521E-01
    3.2915997850E+04    4.4218495180E-01
    3.2929510160E+04    4.4268515051E-01
    3.2943022470E+04    4.4318458662E-01
    3.2956534790E+04    4.4367923942E-01
    3.2970047100E+04    4.4417786056E-01
    3.2983559420E+04    4.4465985495E-01
    3.2997071730E+04    4.4515819542E-01
    3.3010584050E+04    4.4553219826E-01
    3.3024096360E+04    4.4588298772E-01
    3.3037608680E+04    4.4623670871E-01
    3.3051120990E+04    4.4660755601E-01
    3.3064633300E+04    4.4697068575E-01
    3.3078145620E+04    4.4733662318E-01
    3.3091657930E+04    4.4770976840E-01
    3.3105170250E+04    4.4805330687E-01
    3.3118682560E+04    4.4881873492E-01
    3.3132194880E+04    4.4918563281E-01
    3.3145707190E+04    4.4951733695E-01
    3.3159219510E+04    4.4985101218E-01
    3.3172731820E+04    4.5020096451E-01
    3.3186244130E+04    4.5055000287E-01
    3.3199756450E+04    4.5090973417E-01
    3.3213268760E+04    4.5122774065E-01
    3.3226781080E+04    4.5151355551E-01
    3.3240293390E+04    4.5181487343E-01
    3.3253805710E+04    4.5212949914E-01
    3.3267318020E+04    4.5249058643E-01
    3.3280830330E+04    4.5284812043E-01
    3.3294342650E+04    4.5321958836E-01
    3.3307854960E+04    4.5326566471E-01
    3.3321367280E+04    4.5306880198E-01
    3.3334879590E+04    4.5288872717E-01
    3.3348391910E+04    4.5315003222E-01
    3.3361904220E+04    4.5305444655E-01
    3.3375416540E+04    4.5286679733E-01
    3.3388928850E+04    4.5272089855E-01
    3.3402441160E+04    4.5236347513E-01
    3.3415953480E+04    4.5103143632E-01
    3.3429465790E+04    4.4969774444E-01
    3.3442978110E+04    4.4834419590E-01
    3.3456490420E+04    4.4700279573E-01
    3.3470002740E+04    4.4565600240E-01
    3.3483515050E+04    4.4433917712E-01
    3.3497027360E+04    4.4300489785E-01
    3.3510539680E+04    4.4008297863E-01
    3.3524051990E+04    4.3671363644E-01
    3.3537564310E+04    4.3334629176E-01
    3.3551076620E+04    4.2999586666E-01
    3.3564588940E+04    4.2662235842E-01
    3.3578101250E+04    4.2323824350E-01
    3.3591613570E+04    4.1982409826E-01
    3.3605125880E+04    4.1795081087E-01
    3.3618638190E+04    4.1857397503E-01
    3.3632150510E+04    4.1918239269E-01
    3.3645662820E+04    4.1979882317E-01
    3.3659175140E+04    4.2040020233E-01
    3.3672687450E+04    4.2102124831E-01
    3.3686199770E+04    4.2162996495E-01
    3.3699712080E+04    4.2223740246E-01
    3.3713224390E+04    4.2630672891E-01
    3.3726736710E+04    4.3077164139E-01
    3.3740249020E+04    4.3558528295E-01
    3.3753761340E+04    4.3972046639E-01
    3.3767273650E+04    4.4389259960E-01
    3.3780785970E+04    4.4805246078E-01
    3.3794298280E+04    4.5220418042E-01
    3.3807810600E+04    4.5472914113E-01
    3.3821322910E+04    4.5605915084E-01
    3.3834835220E+04    4.5738827074E-01
    3.3848347540E+04    4.5869146738E-01
    3.3861859850E+04    4.5999877658E-01
    3.3875372170E+04    4.6127922942E-01
    3.3888884480E+04    4.6255160175E-01
    3.3902396800E+04    4.6355226215E-01
    3.3915909110E+04    4.6330408813E-01
    3.3929421430E+04    4.6305096829E-01
    3.3942933740E+04    4.6275827142E-01
    3.3956446050E+04    4.6247614898E-01
    3.3969958370E+04    4.6217082117E-01
    3.3983470680E+04    4.6184287605E-01
    3.3996983000E+04    4.6150388488E-01
    3.4010495310E+04    4.6109554675E-01
    3.4024007630E+04    4.6069560004E-01
    3.4037519940E+04    4.6027110987E-01
    3.4051032250E+04    4.5983594775E-01
    3.4064544570E+04    4.5939688673E-01
    3.4078056880E+04    4.5894251232E-01
    3.4091569200E+04    4.5856608937E-01
    3.4105081510E+04    4.5862283749E-01
    3.4118593830E+04    4.5837020971E-01
    3.4132106140E+04    4.5810661987E-01
    3.4145618460E+04    4.5784045132E-01
    3.4159130770E+04    4.5803332364E-01
    3.4172643080E+04    4.5778885337E-01
    3.4186155400E+04    4.5751186190E-01
    3.4199667710E+04    4.5721741156E-01
    3.4213180030E+04    4.5731895638E-01
    3.4226692340E+04    4.5743506347E-01
    3.4240204660E+04    4.5756069880E-01
    3.4253716970E+04    4.5770529818E-01
    3.4267229280E+04    4.5783588675E-01
    3.4280741600E+04    4.5798146565E-01
    3.4294253910E+04    4.5812617008E-01
    3.4307766230E+04    4.5820002097E-01
    3.4321278540E+04    4.5820780310E-01
    3.4334790860E+04    4.5819639377E-01
    3.4348303170E+04    4.5822092417E-01
    3.4361815490E+04    4.5823911320E-01
    3.4375327800E+04    4.5826441113E-01
    3.4388840110E+04    4.5828404901E-01
    3.4402352430E+04    4.5826610834E-01
    3.4415864740E+04    4.5810728459E-01
    3.4429377060E+04    4.5793615181E-01
    3.4442889370E+04    4.5832034217E-01
    3.4456401690E+04    4.5817692837E-01
    3.4469914000E+04    4.5804937701E-01
    3.4483426310E+04    4.5811764734E-01
    3.4496938630E+04    4.5833749769E-01
    3.4510450940E+04    4.5845883413E-01
    3.4523963260E+04    4.5863197709E-01
    3.4537475570E+04    4.5879896228E-01
    3.4550987890E+04    4.5897357269E-01
    3.4564500200E+04    4.5914111301E-01
    3.4578012520E+04    4.5934425452E-01
    3.4591524830E+04    4.5955984134E-01
    3.4605037140E+04    4.5993594820E-01
    3.4618549460E+04    4.6055167950E-01
    3.4632061770E+04    4.6115569845E-01
    3.4645574090E+04    4.6178393321E-01
    3.4659086400E+04    4.6239224272E-01
    3.4672598720E+04    4.6300369498E-01
    3.4686111030E+04    4.6361699363E-01
    3.4699623350E+04    4.6422411239E-01
    3.4713135660E+04    4.6453305658E-01
    3.4726647970E+04    4.6481866046E-01
    3.4740160290E+04    4.6512759946E-01
    3.4753672600E+04    4.6544016218E-01
    3.4767184920E+04    4.6612975050E-01
    3.4780697230E+04    4.6658821719E-01
    3.4794209550E+04    4.6709578714E-01
    3.4807721860E+04    4.6787483228E-01
    3.4821234170E+04    4.6848288153E-01
    3.4834746490E+04    4.6908485460E-01
    3.4848258800E+04    4.6969435913E-01
    3.4861771120E+04    4.7028806984E-01
    3.4875283430E+04    4.7089323012E-01
    3.4888795750E+04    4.7149211823E-01
    3.4902308060E+04    4.7210089335E-01
    3.4915820380E+04    4.7283143133E-01
    3.4929332690E+04    4.7353574992E-01
    3.4942845000E+04    4.7423767862E-01
    3.4956357320E+04    4.7492892586E-01
    3.4969869630E+04    4.7560722258E-01
    3.4983381950E+04    4.7629133383E-01
    3.4996894260E+04    4.7694643872E-01
    3.5010406580E+04    4.7755000115E-01
    3.5023918890E+04    4.7812591887E-01
    3.5037431200E+04    4.7868368824E-01
    3.5050943520E+04    4.7924472680E-01
    3.5064455830E+04    4.7978257668E-01
    3.5077968150E+04    4.8078054304E-01
    3.5091480460E+04    4.8144659308E-01
    3.5104992780E+04    4.8226901613E-01
    3.5118505090E+04    4.8313044248E-01
    3.5132017410E+04    4.8370476422E-01
    3.5145529720E+04    4.8429969772E-01
    3.5159042030E+04    4.8489847583E-01
    3.5172554350E+04    4.8546938432E-01
    3.5186066660E+04    4.8604059710E-01
    3.5199578980E+04    4.8659177238E-01
    3.5213091290E+04    4.8707827329E-01
    3.5226603610E+04    4.8755025077E-01
    3.5240115920E+04    4.8798755821E-01
    3.5253628240E+04    4.8844176547E-01
    3.5267140550E+04    4.8889140893E-01
    3.5280652860E+04    4.8933381090E-01
    3.5294165180E+04    4.8977323004E-01
    3.5307677490E+04    4.9015118534E-01
    3.5321189810E+04    4.9052628473E-01
    3.5334702120E+04    4.9090635980E-01
    3.5348214440E+04    4.9174710772E-01
    3.5361726750E+04    4.9221887912E-01
    3.5375239060E+04    4.9257514284E-01
    3.5388751380E+04    4.9295494713E-01
    3.5402263690E+04    4.9330965069E-01
    3.5415776010E+04    4.9351621810E-01
    3.5429288320E+04    4.9425746324E-01
    3.5442800640E+04    4.9452493935E-01
    3.5456312950E+04    4.9476068431E-01
    3.5469825270E+04    4.9499733410E-01
    3.5483337580E+04    4.9521854678E-01
    3.5496849890E+04    4.9545691559E-01
    3.5510362210E+04    4.9567196752E-01
    3.5523874520E+04    4.9641462182E-01
    3.5537386840E+04    4.9661141362E-01
    3.5550899150E+04    4.9678975381E-01
    3.5564411470E+04    4.9699329553E-01
    3.5577923780E+04    4.9720500465E-01
    3.5591436090E+04    4.9740984575E-01
    3.5604948410E+04    4.9766622877E-01
    3.5618460720E+04    4.9796827301E-01
    3.5631973040E+04    4.9827450233E-01
    3.5645485350E+04    4.9859076707E-01
    3.5658997670E+04    4.9889988385E-01
    3.5672509980E+04    4.9921856314E-01
    3.5686022300E+04    4.9987026468E-01
    3.5699534610E+04    5.0040895982E-01
    3.5713046920E+04    5.0067804788E-01
    3.5726559240E+04    5.0094493885E-01
    3.5740071550E+04    5.0122321448E-01
    3.5753583870E+04    5.0149477939E-01
    3.5767096180E+04    5.0174628695E-01
    3.5780608500E+04    5.0258109868E-01
    3.5794120810E+04    5.0285138379E-01
    3.5807633120E+04    5.0309032499E-01
    3.5821145440E+04    5.0331096790E-01
    3.5834657750E+04    5.0352422805E-01
    3.5848170070E+04    5.0423761528E-01
    3.5861682380E+04    5.0458710913E-01
    3.5875194700E+04    5.0483040067E-01
    3.5888707010E+04    5.0508545295E-01
    3.5902219330E+04    5.0530339567E-01
    3.5915731640E+04    5.0545766909E-01
    3.5929243950E+04    5.0561505738E-01
    3.5942756270E+04    5.0576028440E-01
    3.5956268580E+04    5.0593582570E-01
    3.5969780900E+04    5.0610935114E-01
    3.5983293210E+04    5.0626671882E-01
    3.5996805530E+04    5.0644100374E-01
    3.6010317840E+04    5.0662310156E-01
    3.6023830160E+04    5.0681326558E-01
    3.6037342470E+04    5.0742698227E-01
    3.6050854780E+04    5.0773785241E-01
    3.6064367100E+04    5.0789133339E-01
    3.6077879410E+04    5.0802706494E-01
    3.6091391730E+04    5.0816219774E-01
    3.6104904040E+04    5.0831406871E-01
    3.6118416360E+04    5.0841209733E-01
    3.6131928670E+04    5.0850456841E-01
    3.6145440980E+04    5.0860659321E-01
    3.6158953300E+04    5.0869733851E-01
    3.6172465610E+04    5.0878381520E-01
    3.6185977930E+04    5.0885221018E-01
    3.6199490240E+04    5.0945431925E-01
    3.6213002560E+04    5.0955006422E-01
    3.6226514870E+04    5.0960510917E-01
    3.6240027190E+04    5.0967100420E-01
    3.6253539500E+04    5.0974921284E-01
    3.6267051810E+04    5.0980599917E-01
    3.6280564130E+04    5.0986632849E-01
    3.6294076440E+04    5.0992107635E-01
    3.6307588760E+04    5.0999547483E-01
    3.6321101070E+04    5.1010512016E-01
    3.6334613390E+04    5.1019484568E-01
    3.6348125700E+04    5.1028617792E-01
    3.6361638010E+04    5.1040249867E-01
    3.6375150330E+04    5.1051357199E-01
    3.6388662640E+04    5.1062959500E-01
    3.6402174960E+04    5.1076166691E-01
    3.6415687270E+04    5.1093912160E-01
    3.6429199590E+04    5.1111590912E-01
    3.6442711900E+04    5.1127769771E-01
    3.6456224220E+04    5.1142728088E-01
    3.6469736530E+04    5.1158075580E-01
    3.6483248840E+04    5.1172177773E-01
    3.6496761160E+04    5.1227840896E-01
    3.6510273470E+04    5.1269662099E-01
    3.6523785790E+04    5.1291745540E-01
    3.6537298100E+04    5.1315194990E-01
    3.6550810420E+04    5.1339414343E-01
    3.6564322730E+04    5.1362103281E-01
    3.6577835040E+04    5.1384935239E-01
    3.6591347360E+04    5.1405770907E-01
    3.6604859670E+04    5.1423206385E-01
    3.6618371990E+04    5.1437216010E-01
    3.6631884300E+04    5.1450409151E-01
    3.6645396620E+04    5.1464842931E-01
    3.6658908930E+04    5.1480610986E-01
    3.6672421250E+04    5.1495133548E-01
    3.6685933560E+04    5.1510912442E-01
    3.6699445870E+04    5.1581389269E-01
    3.6712958190E+04    5.1605726289E-01
    3.6726470500E+04    5.1626946607E-01
    3.6739982820E+04    5.1646319202E-01
    3.6753495130E+04    5.1664583777E-01
    3.6767007450E+04    5.1684856510E-01
    3.6780519760E+04    5.1705753746E-01
    3.6794032080E+04    5.1727669270E-01
    3.6807544390E+04    5.1749702002E-01
    3.6821056700E+04    5.1769234809E-01
    3.6834569020E+04    5.1790444537E-01
    3.6848081330E+04    5.1812631451E-01
    3.6861593650E+04    5.1832259213E-01
    3.6875105960E+04    5.1852594889E-01
    3.6888618280E+04    5.1871380042E-01
    3.6902130590E+04    5.1885887430E-01
    3.6915642900E+04    5.1891254543E-01
    3.6929155220E+04    5.1897595927E-01
    3.6942667530E+04    5.1964774990E-01
    3.6956179850E+04    5.1972937875E-01
    3.6969692160E+04    5.1978945006E-01
    3.6983204480E+04    5.1985120494E-01
    3.6996716790E+04    5.1992704320E-01
    3.7010229110E+04    5.1997996766E-01
    3.7023741420E+04    5.2002559757E-01
    3.7037253730E+04    5.2007829240E-01
    3.7050766050E+04    5.2012376326E-01
    3.7064278360E+04    5.2018167334E-01
    3.7077790680E+04    5.2024268177E-01
    3.7091302990E+04    5.2029377413E-01
    3.7104815310E+04    5.2038541599E-01
    3.7118327620E+04    5.2051971145E-01
    3.7131839930E+04    5.2064511604E-01
    3.7145352250E+04    5.2078043567E-01
    3.7158864560E+04    5.2090683004E-01
    3.7172376880E+04    5.2102483710E-01
    3.7185889190E+04    5.2114601262E-01
    3.7199401510E+04    5.2126271609E-01
    3.7212913820E+04    5.2139643245E-01
    3.7226426140E+04    5.2154500870E-01
    3.7239938450E+04    5.2168114049E-01
    3.7253450760E+04    5.2182703693E-01
    3.7266963080E+04    5.2197890307E-01
    3.7280475390E+04    5.2211312068E-01
    3.7293987710E+04    5.2225184805E-01
    3.7307500020E+04    5.2239471399E-01
    3.7321012340E+04    5.2253241558E-01
    3.7334524650E+04    5.2268055590E-01
    3.7348036960E+04    5.2282453850E-01
    3.7361549280E+04    5.2357158520E-01
    3.7375061590E+04    5.2373437971E-01
    3.7388573910E+04    5.2389572475E-01
    3.7402086220E+04    5.2416835698E-01
    3.7415598540E+04    5.2473742327E-01
    3.7429110850E+04    5.2483176873E-01
    3.7442623170E+04    5.2491566204E-01
    3.7456135480E+04    5.2500348762E-01
    3.7469647790E+04    5.2507904066E-01
    3.7483160110E+04    5.2516085621E-01
    3.7496672420E+04    5.2525969555E-01
    3.7510184740E+04    5.2535236452E-01
    3.7523697050E+04    5.2545466200E-01
    3.7537209370E+04    5.2556450948E-01
    3.7550721680E+04    5.2565924230E-01
    3.7564234000E+04    5.2575934297E-01
    3.7577746310E+04    5.2586515158E-01
    3.7591258620E+04    5.2596124443E-01
    3.7604770940E+04    5.2606143177E-01
    3.7618283250E+04    5.2615647499E-01
    3.7631795570E+04    5.2624393294E-01
    3.7645307880E+04    5.2635158809E-01
    3.7658820200E+04    5.2646932884E-01
    3.7672332510E+04    5.2657959742E-01
    3.7685844820E+04    5.2669689259E-01
    3.7699357140E+04    5.2681028075E-01
    3.7712869450E+04    5.2690912197E-01
    3.7726381770E+04    5.2701926140E-01
    3.7739894080E+04    5.2712200968E-01
    3.7753406400E+04    5.2720948351E-01
    3.7766918710E+04    5.2772580502E-01
    3.7780431030E+04    5.2800319291E-01
    3.7793943340E+04    5.2808738015E-01
    3.7807455650E+04    5.2823095986E-01
    3.7820967970E+04    5.2840713879E-01
    3.7834480280E+04    5.2857516392E-01
    3.7847992600E+04    5.2875712069E-01
    3.7861504910E+04    5.2893332444E-01
    3.7875017230E+04    5.2909471724E-01
    3.7888529540E+04    5.2925849673E-01
    3.7902041850E+04    5.2938576212E-01
    3.7915554170E+04    5.2937918654E-01
    3.7929066480E+04    5.2939267754E-01
    3.7942578800E+04    5.2940150285E-01
    3.7956091110E+04    5.2940501112E-01
    3.7969603430E+04    5.2941913235E-01
    3.7983115740E+04    5.2941580668E-01
    3.7996628060E+04    5.2940916384E-01
    3.8010140370E+04    5.2953313724E-01
    3.8023652680E+04    5.2966340206E-01
    3.8037165000E+04    5.2978021493E-01
    3.8050677310E+04    5.2991234817E-01
    3.8064189630E+04    5.3003063873E-01
    3.8077701940E+04    5.3015579496E-01
    3.8091214260E+04    5.3028440840E-01
    3.8104726570E+04    5.3035634891E-01
    3.8118238890E+04    5.3037975765E-01
    3.8131751200E+04    5.3041879593E-01
    3.8145263510E+04    5.3044621780E-01
    3.8158775830E+04    5.3047122885E-01
    3.8172288140E+04    5.3063593934E-01
    3.8185800460E+04    5.3111369324E-01
    3.8199312770E+04    5.3111821925E-01
    3.8212825090E+04    5.3113874351E-01
    3.8226337400E+04    5.3114965902E-01
    3.8239849710E+04    5.3115230131E-01
    3.8253362030E+04    5.3115533767E-01
    3.8266874340E+04    5.3114490994E-01
    3.8280386660E+04    5.3113164943E-01
    3.8293898970E+04    5.3113207944E-01
    3.8307411290E+04    5.3112606011E-01
    3.8320923600E+04    5.3111497575E-01
    3.8334435920E+04    5.3110240645E-01
    3.8347948230E+04    5.3105400158E-01
    3.8361460540E+04    5.3100439090E-01
    3.8374972860E+04    5.3098133529E-01
    3.8388485170E+04    5.3143564611E-01
    3.8401997490E+04    5.3147458741E-01
    3.8415509800E+04    5.3143490122E-01
    3.8429022120E+04    5.3137906539E-01
    3.8442534430E+04    5.3132257404E-01
    3.8456046740E+04    5.3127171052E-01
    3.8469559060E+04    5.3120506069E-01
    3.8483071370E+04    5.3113535884E-01
    3.8496583690E+04    5.3107364855E-01
    3.8510096000E+04    5.3099466859E-01
    3.8523608320E+04    5.3089786841E-01
    3.8537120630E+04    5.3080244509E-01
    3.8550632950E+04    5.3070197865E-01
    3.8564145260E+04    5.3059905017E-01
    3.8577657570E+04    5.3098685339E-01
    3.8591169890E+04    5.3104544385E-01
    3.8604682200E+04    5.3094463178E-01
    3.8618194520E+04    5.3086483090E-01
    3.8631706830E+04    5.3077410574E-01
    3.8645219150E+04    5.3067419824E-01
    3.8658731460E+04    5.3059200000E-01
    3.8672243770E+04    5.3050084025E-01
    3.8685756090E+04    5.3040116923E-01
    3.8699268400E+04    5.3031212362E-01
    3.8712780720E+04    5.3020668369E-01
    3.8726293030E+04    5.3008776407E-01
    3.8739805350E+04    5.2997319557E-01
    3.8753317660E+04    5.2986536506E-01
    3.8766829980E+04    5.2975512939E-01
    3.8780342290E+04    5.2965840849E-01
    3.8793854600E+04    5.2957349879E-01
    3.8807366920E+04    5.2948198700E-01
    3.8820879230E+04    5.2940458947E-01
    3.8834391550E+04    5.2933587337E-01
    3.8847903860E+04    5.2926383787E-01
    3.8861416180E+04    5.2921833691E-01
    3.8874928490E+04    5.2918445278E-01
    3.8888440810E+04    5.2914208227E-01
    3.8901953120E+04    5.2911041472E-01
    3.8915465430E+04    5.2908669419E-01
    3.8928977750E+04    5.2906227952E-01
    3.8942490060E+04    5.2904561379E-01
    3.8956002380E+04    5.2905115301E-01
    3.8969514690E+04    5.2906011017E-01
    3.8983027010E+04    5.2968187974E-01
    3.8996539320E+04    5.2971724832E-01
    3.9010051630E+04    5.2975047681E-01
    3.9023563950E+04    5.2979973055E-01
    3.9037076260E+04    5.2987843842E-01
    3.9050588580E+04    5.2995332023E-01
    3.9064100890E+04    5.3003156005E-01
    3.9077613210E+04    5.3013190729E-01
    3.9091125520E+04    5.3024146062E-01
    3.9104637840E+04    5.3035808595E-01
    3.9118150150E+04    5.3049833111E-01
    3.9131662460E+04    5.3065022707E-01
    3.9145174780E+04    5.3110185086E-01
    3.9158687090E+04    5.3154932743E-01
    3.9172199410E+04    5.3172017311E-01
    3.9185711720E+04    5.3186576738E-01
    3.9199224040E+04    5.3201163117E-01
    3.9212736350E+04    5.3215538430E-01
    3.9226248660E+04    5.3228622441E-01
    3.9239760980E+04    5.3241854803E-01
    3.9253273290E+04    5.3254632018E-01
    3.9266785610E+04    5.3264303660E-01
    3.9280297920E+04    5.3271027683E-01
    3.9293810240E+04    5.3276783199E-01
    3.9307322550E+04    5.3278426284E-01
    3.9320834870E+04    5.3274813073E-01
    3.9334347180E+04    5.3268283456E-01
    3.9347859490E+04    5.3254111898E-01
    3.9361371810E+04    5.3232103405E-01
    3.9374884120E+04    5.3233999842E-01
    3.9388396440E+04    5.3229519662E-01
    3.9401908750E+04    5.3185449640E-01
    3.9415421070E+04    5.3139417601E-01
    3.9428933380E+04    5.3084708690E-01
    3.9442445690E+04    5.3017772485E-01
    3.9455958010E+04    5.2938643330E-01
    3.9469470320E+04    5.2845054214E-01
    3.9482982640E+04    5.2734454029E-01
    3.9496494950E+04    5.2609076453E-01
    3.9510007270E+04    5.2461402995E-01
    3.9523519580E+04    5.2292005170E-01
    3.9537031900E+04    5.2102671425E-01
    3.9550544210E+04    5.1894494762E-01
    3.9564056520E+04    5.1665284436E-01
    3.9577568840E+04    5.1411570094E-01
    3.9591081150E+04    5.1134817268E-01
    3.9604593470E+04    5.0832332401E-01
    3.9618105780E+04    5.0503223384E-01
    3.9631618100E+04    5.0149026060E-01
    3.9645130410E+04    4.9768308501E-01
    3.9658642730E+04    4.9359551574E-01
    3.9672155040E+04    4.8923789706E-01
    3.9685667350E+04    4.8461982678E-01
    3.9699179670E+04    4.8019028800E-01
    3.9712691980E+04    4.7499635855E-01
    3.9726204300E+04    4.6945310987E-01
    3.9739716610E+04    4.6362084207E-01
    3.9753228930E+04    4.5750593404E-01
    3.9766741240E+04    4.5112780277E-01
    3.9780253550E+04    4.4499145045E-01
    3.9793765870E+04    4.3806436591E-01
    3.9807278180E+04    4.3088874842E-01
    3.9820790500E+04    4.2349584089E-01
    3.9834302810E+04    4.1583572310E-01
    3.9847815130E+04    4.0793861258E-01
    3.9861327440E+04    3.9986418834E-01
    3.9874839760E+04    3.9159295248E-01
    3.9888352070E+04    3.8315568151E-01
    3.9901864380E+04    3.7459124548E-01
    3.9915376700E+04    3.6591503880E-01
    3.9928889010E+04    3.5712448996E-01
    3.9942401330E+04    3.4826757790E-01
    3.9955913640E+04    3.3932866026E-01
    3.9969425960E+04    3.3032807995E-01
    3.9982938270E+04    3.2131613550E-01
    3.9996450580E+04    3.1231012611E-01
    4.0009962900E+04    3.0330334125E-01
    4.0023475210E+04    2.9431749900E-01
    4.0036987530E+04    2.8540171032E-01
    4.0050499840E+04    2.7655468088E-01
    4.0064012160E+04    2.6772593549E-01
    4.0077524470E+04    2.5902374451E-01
    4.0091036790E+04    2.5043888895E-01
    4.0104549100E+04    2.4197517515E-01
    4.0118061410E+04    2.3366925909E-01
    4.0131573730E+04    2.2552058015E-01
    4.0145086040E+04    2.1751205553E-01
    4.0158598360E+04    2.0964091974E-01
    4.0172110670E+04    2.0195350834E-01
    4.0185622990E+04    1.9454617113E-01
    4.0199135300E+04    1.8726243428E-01
    4.0212647610E+04    1.8024959322E-01
    4.0226159930E+04    1.7321770286E-01
    4.0239672240E+04    1.6635214755E-01
    4.0253184560E+04    1.5966846069E-01
    4.0266696870E+04    1.5319823282E-01
    4.0280209190E+04    1.4689466526E-01
    4.0293721500E+04    1.4078403611E-01
    4.0307233820E+04    1.3488073244E-01
    4.0320746130E+04    1.2916142641E-01
    4.0334258440E+04    1.2360914970E-01
    4.0347770760E+04    1.1824992985E-01
    4.0361283070E+04    1.1308892830E-01
    4.0374795390E+04    1.0806463815E-01
    4.0388307700E+04    1.0322416163E-01
    4.0401820020E+04    9.8571470505E-02
    4.0415332330E+04    9.4090355178E-02
    4.0428844650E+04    8.9762588510E-02
    4.0442356960E+04    8.5615577768E-02
    4.0455869270E+04    8.1633731841E-02
    4.0469381590E+04    7.7776610899E-02
    4.0482893900E+04    7.4093387409E-02
    4.0496406220E+04    7.0562576952E-02
    4.0509918530E+04    6.7155269977E-02
    4.0523430850E+04    6.3880156740E-02
    4.0536943160E+04    6.0766947252E-02
    4.0550455470E+04    5.7773035134E-02
    4.0563967790E+04    5.4883710065E-02
    4.0577480100E+04    5.2141244356E-02
    4.0590992420E+04    4.9515982213E-02
    4.0604504730E+04    4.7019164051E-02
    4.0618017050E+04    4.4640098241E-02
    4.0631529360E+04    4.2370422087E-02
    4.0645041680E+04    4.0180469976E-02
    4.0658553990E+04    3.8089640612E-02
    4.0672066300E+04    3.6118352757E-02
    4.0685578620E+04    3.4234962671E-02
    4.0699090930E+04    3.2427600983E-02
    4.0712603250E+04    3.0717557264E-02
    4.0726115560E+04    2.9131661259E-02
    4.0739627880E+04    2.7582135599E-02
    4.0753140190E+04    2.6107473237E-02
    4.0766652500E+04    2.4721956103E-02
    4.0780164820E+04    2.3400838052E-02
    4.0793677130E+04    2.2131185474E-02
    4.0807189450E+04    2.0944269521E-02
    4.0820701760E+04    1.9828786794E-02
    4.0834214080E+04    1.8741856281E-02
    4.0847726390E+04    1.7722202225E-02
    4.0861238710E+04    1.6765547558E-02
    4.0874751020E+04    1.5853365688E-02
    4.0888263330E+04    1.4973181039E-02
    4.0901775650E+04    1.4175382213E-02
    4.0915287960E+04    1.3409412623E-02
    4.0928800280E+04    1.2661637504E-02
    4.0942312590E+04    1.1963036074E-02
    4.0955824910E+04    1.1319480236E-02
    4.0969337220E+04    1.0703639146E-02
    4.0982849530E+04    1.0109814859E-02
    4.0996361850E+04    9.5808978159E-03
    4.1009874160E+04    9.0649523131E-03
    4.1023386480E+04    8.5618448381E-03
    4.1036898790E+04    8.0962151212E-03
    4.1050411110E+04    7.6751536078E-03
    4.1063923420E+04    7.2504523787E-03
    4.1077435740E+04    6.8484545495E-03
    4.1090948050E+04    6.4866587573E-03
    4.1104460360E+04    6.1382826695E-03
    4.1117972680E+04    5.7966123095E-03
    4.1131484990E+04    5.4845405063E-03
    4.1144997310E+04    5.2117119095E-03
    4.1158509620E+04    4.9232100692E-03
    4.1172021940E+04    4.6571339828E-03
    4.1185534250E+04    4.4213948112E-03
    4.1199046570E+04    4.1984872858E-03
    4.1212558880E+04    3.9585392797E-03
    4.1226071190E+04    3.7560069047E-03
    4.1239583510E+04    3.5679412940E-03
    4.1253095820E+04    3.3714184287E-03
    4.1266608140E+04    3.1840158006E-03
    4.1280120450E+04    3.0269556161E-03
    4.1293632770E+04    2.8798860935E-03
    4.1307145080E+04    2.7182487703E-03
    4.1320657390E+04    2.5851013282E-03
    4.1334169710E+04    2.4607192849E-03
    4.1347682020E+04    2.3322035719E-03
    4.1361194340E+04    2.2015648638E-03
    4.1374706650E+04    2.1087303198E-03
    4.1388218970E+04    2.0008339875E-03
    4.1401731280E+04    1.8904001319E-03
    4.1415243600E+04    1.7964155879E-03
    4.1428755910E+04    1.7213249166E-03
    4.1442268220E+04    1.6227930621E-03
    4.1455780540E+04    1.5307273054E-03
    4.1469292850E+04    1.4697803806E-03
    4.1482805170E+04    1.4080701194E-03
    4.1496317480E+04    1.3323812208E-03
    4.1509829800E+04    1.2626627594E-03
    4.1523342110E+04    1.2140350954E-03
    4.1536854420E+04    1.1414499080E-03
    4.1550366740E+04    1.0798801128E-03
    4.1563879050E+04    1.0365584833E-03
    4.1577391370E+04    1.0015274046E-03
    4.1590903680E+04    9.3367250652E-04
    4.1604416000E+04    8.9468529581E-04
    4.1617928310E+04    8.6757427579E-04
    4.1631440630E+04    8.2947018925E-04
    4.1644952940E+04    7.7530560176E-04
    4.1658465250E+04    7.4676108868E-04
    4.1671977570E+04    7.1890163926E-04
    4.1685489880E+04    6.7505215561E-04
    4.1699002200E+04    6.4263572081E-04
    4.1712514510E+04    6.3000907785E-04
    4.1726026830E+04    6.0744578211E-04
    4.1739539140E+04    5.6054153548E-04
    4.1753051460E+04    5.4049412437E-04
    4.1766563770E+04    5.2331609144E-04
    4.1780076080E+04    4.9551414840E-04
    4.1793588400E+04    4.6070554332E-04
    4.1807100710E+04    4.6114010068E-04
    4.1820613030E+04    4.3953844388E-04
    4.1834125340E+04    4.0808959520E-04
    4.1847637660E+04    3.8413591382E-04
    4.1861149970E+04    3.8882545666E-04
    4.1874662280E+04    3.6144109872E-04
    4.1888174600E+04    3.3619395382E-04
    4.1901686910E+04    3.2571372099E-04
    4.1915199230E+04    3.2180350086E-04
    4.1928711540E+04    2.9182242030E-04
    4.1942223860E+04    2.7932282339E-04
    4.1955736170E+04    2.8389764955E-04
    4.1969248490E+04    2.7681486688E-04
    4.1982760800E+04    2.5278704143E-04
    4.1996273110E+04    2.4276367274E-04
    4.2009785430E+04    2.4155978873E-04
    4.2023297740E+04    2.1626142793E-04
    4.2036810060E+04    1.9741990634E-04
    4.2050322370E+04    1.9877295018E-04
    4.2063834690E+04    2.0400682504E-04
    4.2077347000E+04    1.7588032873E-04
    4.2090859310E+04    1.6928246714E-04
    4.2104371630E+04    1.7404820177E-04
    4.2117883940E+04    1.7332726745E-04
    4.2131396260E+04    1.4997218740E-04
    4.2144908570E+04    1.6345157060E-04
    4.2158420890E+04    1.7179734513E-04
    4.2171933200E+04    1.6101827479E-04
    4.2185445520E+04    1.3475254089E-04
    4.2198957830E+04    1.5209789051E-04
    4.2212470140E+04    1.4581360368E-04
    4.2225982460E+04    1.2258647127E-04
    4.2239494770E+04    1.0652265794E-04
    4.2253007090E+04    1.2580545981E-04
    4.2266519400E+04    1.0985073042E-04
    4.2280031720E+04    9.2486445968E-05
    4.2293544030E+04    9.1078349394E-05
    4.2307056340E+04    1.1187309108E-04
    4.2320568660E+04    9.2860216535E-05
    4.2334080970E+04    8.5919836622E-05
    4.2347593290E+04    9.3910782565E-05
    4.2361105600E+04    1.0298537585E-04
    4.2374617920E+04    7.6533766625E-05
    4.2388130230E+04    7.1578444589E-05
    4.2401642550E+04    7.8407597714E-05
    4.2415154860E+04    7.6483025937E-05
    4.2428667170E+04    6.1956897176E-05
    4.2442179490E+04    6.6627320390E-05
    4.2455691800E+04    7.2716151549E-05
    4.2469204120E+04    6.1283542065E-05
    4.2482716430E+04    5.0402777521E-05
    4.2496228750E+04    6.5770088575E-05
    4.2509741060E+04    7.3160123483E-05
    4.2523253380E+04    5.4537098431E-05
    4.2536765690E+04    5.0020567909E-05
    4.2550278000E+04    6.0575623633E-05
    4.2563790320E+04    6.3435404583E-05
    4.2577302630E+04    5.3830812076E-05
    4.2590814950E+04    5.4575834824E-05
    4.2604327260E+04    6.0789086862E-05
    4.2617839580E+04    5.1890993675E-05
    4.2631351890E+04    3.4035959651E-05
    4.2644864200E+04    3.9006515333E-05
    4.2658376520E+04    5.1612181752E-05
    4.2671888830E+04    5.0672140018E-05
    4.2685401150E+04    4.4727231018E-05
    4.2698913460E+04    5.2525650665E-05
    4.2712425780E+04    5.5830904508E-05
    4.2725938090E+04    4.6380877486E-05
    4.2739450410E+04    4.5018580663E-05
    4.2752962720E+04    5.8140348211E-05
    4.2766475030E+04    5.7927846088E-05
    4.2779987350E+04    4.7620135076E-05
    4.2793499660E+04    4.7389525729E-05
    4.2807011980E+04    5.9903704974E-05
    4.2820524290E+04    5.7347061498E-05
    4.2834036610E+04    5.1683552969E-05
    4.2847548920E+04    5.9531850507E-05
    4.2861061230E+04    6.7912262484E-05
    4.2874573550E+04    5.3613358678E-05
    4.2888085860E+04    4.4668967080E-05
    4.2901598180E+04    5.1660934916E-05
    4.2915110490E+04    5.9677935487E-05
    4.2928622810E+04    5.0032630647E-05
    4.2942135120E+04    4.8208637532E-05
    4.2955647440E+04    6.0863927298E-05
    4.2969159750E+04    6.1013915444E-05
    4.2982672060E+04    4.6033387287E-05
    4.2996184380E+04    4.4935482343E-05
    4.3009696690E+04    5.8264565915E-05
    4.3023209010E+04    5.7471218633E-05
    4.3036721320E+04    4.4991903935E-05
    4.3050233640E+04    4.6845873582E-05
    4.3063745950E+04    5.9085117899E-05
    4.3077258260E+04    5.4384067779E-05
    4.3090770580E+04    4.5039234293E-05
    4.3104282890E+04    4.6538344040E-05
    4.3117795210E+04    5.1863165918E-05
    4.3131307520E+04    3.8541275957E-05
    4.3144819840E+04    3.0964189851E-05
    4.3158332150E+04    3.5560569476E-05
    4.3171844470E+04    4.7037365642E-05
    4.3185356780E+04    3.9081327366E-05
    4.3198869090E+04    4.0512349916E-05
    4.3212381410E+04    4.7518987582E-05
    4.3225893720E+04    5.0968390423E-05
    4.3239406040E+04    3.3304310781E-05
    4.3252918350E+04    3.1525532116E-05
    4.3266430670E+04    3.7123509262E-05
    4.3279942980E+04    4.2716687000E-05
    4.3293455300E+04    3.2176221418E-05
    4.3306967610E+04    3.7794778266E-05
    4.3320479920E+04    4.4489865050E-05
    4.3333992240E+04    4.4390259681E-05
    4.3347504550E+04    2.9810176351E-05
    4.3361016870E+04    3.5266467326E-05
    4.3374529180E+04    4.2562348307E-05
    4.3388041500E+04    4.3318347226E-05
    4.3401553810E+04    3.0595249201E-05
    4.3415066120E+04    3.7054448888E-05
    4.3428578440E+04    4.2132230301E-05
    4.3442090750E+04    3.8621826618E-05
    4.3455603070E+04    2.6029842263E-05
    4.3469115380E+04    3.2856495492E-05
    4.3482627700E+04    3.8983843531E-05
    4.3496140010E+04    3.6621292793E-05
    4.3509652330E+04    2.9810506114E-05
    4.3523164640E+04    3.7299899590E-05
    4.3536676950E+04    4.3387351813E-05
    4.3550189270E+04    3.7286678417E-05
    4.3563701580E+04    3.2308542110E-05
    4.3577213900E+04    3.8741254936E-05
    4.3590726210E+04    4.4921126407E-05
    4.3604238530E+04    3.6468912761E-05
    4.3617750840E+04    3.5836406759E-05
    4.3631263150E+04    4.0106478781E-05
    4.3644775470E+04    3.9949336790E-05
    4.3658287780E+04    2.4718333179E-05
    4.3671800100E+04    2.6843349764E-05
    4.3685312410E+04    3.4165117499E-05
    4.3698824730E+04    4.1377448961E-05
    4.3712337040E+04    2.4345616618E-05
    4.3725849360E+04    2.5829357707E-05
    4.3739361670E+04    3.1907673405E-05
    4.3752873980E+04    3.8207486635E-05
    4.3766386300E+04    2.1977715456E-05
    4.3779898610E+04    2.3036938734E-05
    4.3793410930E+04    2.9749960632E-05
    4.3806923240E+04    4.1034174582E-05
    4.3820435560E+04    2.4802427736E-05
    4.3833947870E+04    2.5645742615E-05
    4.3847460180E+04    3.3790022012E-05
    4.3860972500E+04    3.3625745190E-05
    4.3874484810E+04    1.8542254840E-05
    4.3887997130E+04    1.9570665629E-05
    4.3901509440E+04    3.7914794226E-05
    4.3915021760E+04    3.2800119501E-05
    4.3928534070E+04    1.8698893278E-05
    4.3942046390E+04    1.7800880614E-05
    4.3955558700E+04    3.4230393333E-05
    4.3969071010E+04    2.7626918914E-05
    4.3982583330E+04    2.0259053297E-05
    4.3996095640E+04    1.7430791699E-05
    4.4009607960E+04    3.2310527719E-05
    4.4023120270E+04    2.4105362724E-05
    4.4036632590E+04    1.4711508129E-05
    4.4050144900E+04    1.0636084526E-05
    4.4063657220E+04    2.6477680686E-05
    4.4077169530E+04    1.9694115237E-05
    4.4090681840E+04    1.4849466843E-05
    4.4104194160E+04    1.4620334700E-05
    4.4117706470E+04    2.2053122097E-05
    4.4131218790E+04    1.8447203377E-05
    4.4144731100E+04    1.1531423679E-05
    4.4158243420E+04    1.8596967103E-05
    4.4171755730E+04    2.9394979990E-05
    4.4185268040E+04    1.7545359389E-05
    4.4198780360E+04    4.2290096340E-06
    4.4212292670E+04    1.0312137774E-05
    4.4225804990E+04    2.0892281831E-05
    4.4239317300E+04    3.6248066212E-05
    4.4252829620E+04    2.2426973473E-05
    4.4266341930E+04    2.7593856917E-05
    4.4279854250E+04    3.4116666974E-05
    4.4293366560E+04    3.1504710865E-05
    4.4306878870E+04    5.5171076434E-06
    4.4320391190E+04    7.0756296777E-06
    4.4333903500E+04    2.5467275177E-05
    4.4347415820E+04    2.6409610340E-05
    4.4360928130E+04    1.1764647594E-05
    4.4374440450E+04    9.9925458324E-06
    4.4387952760E+04    3.0907040047E-05
    4.4401465070E+04    2.3320881251E-05
    4.4414977390E+04    1.4910777446E-05
    4.4428489700E+04    1.0882871498E-05
    4.4442002020E+04    2.4229726421E-05
    4.4455514330E+04    2.6882042978E-05
    4.4469026650E+04    1.8452855590E-05
    4.4482538960E+04    1.2307489539E-05
    4.4496051280E+04    2.6218421593E-05
    4.4509563590E+04    3.1349520438E-05
    4.4523075900E+04    2.0760478352E-05
    4.4536588220E+04    1.7892101805E-05
    4.4550100530E+04    2.5307029406E-05
    4.4563612850E+04    3.3114576526E-05
    4.4577125160E+04    1.7960830661E-05
    4.4590637480E+04    2.0133355410E-05
    4.4604149790E+04    2.7832064937E-05
    4.4617662110E+04    4.1760346124E-05
    4.4631174420E+04    1.7167456657E-05
    4.4644686730E+04    1.5555936076E-05
    4.4658199050E+04    2.1366268605E-05
    4.4671711360E+04    3.0940301460E-05
    4.4685223680E+04    1.6281006524E-05
    4.4698735990E+04    1.1928247544E-05
    4.4712248310E+04    2.3614146159E-05
    4.4725760620E+04    3.2420030923E-05
    4.4739272930E+04    2.3791263537E-05
    4.4752785250E+04    1.1068153905E-05
    4.4766297560E+04    2.3726500379E-05
    4.4779809880E+04    3.2358069532E-05
    4.4793322190E+04    2.8848352031E-05
    4.4806834510E+04    1.4509737106E-05
    4.4820346820E+04    2.2077964729E-05
    4.4833859140E+04    3.6959367165E-05
    4.4847371450E+04    3.3162147316E-05
    4.4860883760E+04    2.1467545578E-05
    4.4874396080E+04    2.2665413230E-05
    4.4887908390E+04    4.6929234266E-05
    4.4901420710E+04    4.1117859950E-05
    4.4914933020E+04    3.4961652535E-05
    4.4928445340E+04    3.1530099946E-05
    4.4941957650E+04    4.8869593657E-05
    4.4955469960E+04    4.6617377256E-05
    4.4968982280E+04    3.7646887805E-05
    4.4982494590E+04    3.5548532588E-05
    4.4996006910E+04    4.7358524245E-05
    4.5009519220E+04    5.2903265882E-05
    4.5023031540E+04    3.6797151442E-05
    4.5036543850E+04    3.4891861113E-05
    4.5050056170E+04    3.9981807632E-05
    4.5063568480E+04    5.4033388121E-05
    4.5077080790E+04    3.6233581834E-05
    4.5090593110E+04    3.3655221776E-05
    4.5104105420E+04    4.0600779970E-05
    4.5117617740E+04    4.9706469223E-05
    4.5131130050E+04    3.7959355452E-05
    4.5144642370E+04    2.7071267359E-05
    4.5158154680E+04    3.7448679880E-05
    4.5171666990E+04    4.5420666912E-05
    4.5185179310E+04    4.4201058207E-05
    4.5198691620E+04    2.8233726735E-05
    4.5212203940E+04    3.7639691858E-05
    4.5225716250E+04    5.0378813397E-05
    4.5239228570E+04    5.2467057975E-05
    4.5252740880E+04    3.2109213776E-05
    4.5266253200E+04    2.8646145959E-05
    4.5279765510E+04    4.2851973675E-05
    4.5293277820E+04    4.1440230858E-05
    4.5306790140E+04    3.6258021786E-05
    4.5320302450E+04    3.0498382764E-05
    4.5333814770E+04    5.0271030959E-05
    4.5347327080E+04    5.6243202870E-05
    4.5360839400E+04    4.7504837050E-05
    4.5374351710E+04    3.5290482836E-05
    4.5387864030E+04    4.2273238056E-05
    4.5401376340E+04    5.7640032129E-05
    4.5414888650E+04    4.8695205698E-05
    4.5428400970E+04    4.3386314856E-05
    4.5441913280E+04    4.3704339082E-05
    4.5455425600E+04    6.0625666145E-05
    4.5468937910E+04    5.2069893735E-05
    4.5482450230E+04    4.1201650109E-05
    4.5495962540E+04    3.7504032094E-05
    4.5509474850E+04    4.6382159162E-05
    4.5522987170E+04    4.9932021248E-05
    4.5536499480E+04    3.6364168719E-05
    4.5550011800E+04    4.1352385374E-05
    4.5563524110E+04    5.1309196219E-05
    4.5577036430E+04    6.5664878715E-05
    4.5590548740E+04    5.1337487521E-05
    4.5604061060E+04    4.6105096352E-05
    4.5617573370E+04    5.4034088033E-05
    4.5631085680E+04    5.7997529456E-05
    4.5644598000E+04    4.9780299598E-05
    4.5658110310E+04    3.2733422622E-05
    4.5671622630E+04    4.5617765738E-05
    4.5685134940E+04    5.8524141059E-05
    4.5698647260E+04    6.5246836962E-05
    4.5712159570E+04    5.1046150375E-05
    4.5725671880E+04    5.2032143087E-05
    4.5739184200E+04    7.0188670427E-05
    4.5752696510E+04    6.5895518201E-05
    4.5766208830E+04    5.2885071965E-05
    4.5779721140E+04    3.6689830770E-05
    4.5793233460E+04    5.2494154755E-05
    4.5806745770E+04    6.1809483447E-05
    4.5820258090E+04    5.9830345512E-05
    4.5833770400E+04    5.1652612778E-05
    4.5847282710E+04    5.5869625615E-05
    4.5860795030E+04    7.4123794622E-05
    4.5874307340E+04    6.0255432965E-05
    4.5887819660E+04    4.9072775177E-05
    4.5901331970E+04    4.0362241140E-05
    4.5914844290E+04    5.6438258160E-05
    4.5928356600E+04    6.0373051507E-05
    4.5941868910E+04    4.9921963190E-05
    4.5955381230E+04    4.9825551304E-05
    4.5968893540E+04    5.6507217782E-05
    4.5982405860E+04    7.3296903711E-05
    4.5995918170E+04    5.4327738877E-05
    4.6009430490E+04    4.6727969260E-05
    4.6022942800E+04    4.7223970808E-05
    4.6036455120E+04    5.7988329002E-05
    4.6049967430E+04    5.4939478829E-05
    4.6063479740E+04    3.7784288053E-05
    4.6076992060E+04    4.2039006391E-05
    4.6090504370E+04    4.9627781270E-05
    4.6104016690E+04    6.0231593203E-05
    4.6117529000E+04    4.5865915173E-05
    4.6131041320E+04    4.2498014775E-05
    4.6144553630E+04    5.6410633355E-05
    4.6158065950E+04    6.4890592428E-05
    4.6171578260E+04    6.3622128103E-05
    4.6185090570E+04    4.8297204290E-05
    4.6198602890E+04    5.5219375913E-05
    4.6212115200E+04    6.4415018002E-05
    4.6225627520E+04    6.3053349359E-05
    4.6239139830E+04    4.9644531614E-05
    4.6252652150E+04    4.2919189317E-05
    4.6266164460E+04    5.8326373288E-05
    4.6279676770E+04    5.8981039228E-05
    4.6293189090E+04    5.1081792670E-05
    4.6306701400E+04    3.7157878171E-05
    4.6320213720E+04    4.2225261696E-05
    4.6333726030E+04    5.5267640168E-05
    4.6347238350E+04    4.3372264288E-05
    4.6360750660E+04    2.6879334193E-05
    4.6374262980E+04    2.0680410194E-05
    4.6387775290E+04    2.9601432683E-05
    4.6401287600E+04    3.4721764452E-05
    4.6414799920E+04    2.6110606860E-05
    4.6428312230E+04    2.7697860423E-05
    4.6441824550E+04    3.5663188672E-05
    4.6455336860E+04    5.6240992012E-05
    4.6468849180E+04    4.4974975519E-05
    4.6482361490E+04    3.9257329719E-05
    4.6495873800E+04    4.2218959360E-05
    4.6509386120E+04    5.2537534839E-05
    4.6522898430E+04    5.6207405691E-05
    4.6536410750E+04    3.6756860565E-05
    4.6549923060E+04    3.3917120410E-05
    4.6563435380E+04    3.6159660406E-05
    4.6576947690E+04    4.2982742424E-05
    4.6590460010E+04    2.9340815209E-05
    4.6603972320E+04    1.7358369959E-05
    4.6617484630E+04    2.6960993361E-05
    4.6630996950E+04    3.7305843388E-05
    4.6644509260E+04    4.6563839347E-05
    4.6658021580E+04    2.9545263083E-05
    4.6671533890E+04    2.7892956377E-05
    4.6685046210E+04    4.3088638324E-05
    4.6698558520E+04    4.7451065440E-05
    4.6712070830E+04    4.2221709829E-05
    4.6725583150E+04    2.6830496730E-05
    4.6739095460E+04    3.3819579918E-05
    4.6752607780E+04    4.6848717454E-05
    4.6766120090E+04    4.3941092333E-05
    4.6779632410E+04    3.0789696002E-05
    4.6793144720E+04    2.0405941239E-05
    4.6806657040E+04    3.3999246752E-05
    4.6820169350E+04    4.0684806743E-05
    4.6833681660E+04    3.6380274578E-05
    4.6847193980E+04    2.8983408943E-05
    4.6860706290E+04    3.0107372874E-05
    4.6874218610E+04    4.8216945618E-05
    4.6887730920E+04    4.2659877668E-05
    4.6901243240E+04    3.3817378829E-05
    4.6914755550E+04    2.7673831123E-05
    4.6928267870E+04    3.4814099387E-05
    4.6941780180E+04    4.8655843863E-05
    4.6955292490E+04    3.5439755481E-05
    4.6968804810E+04    3.0558239624E-05
    4.6982317120E+04    3.0353965860E-05
    4.6995829440E+04    4.3368456851E-05
    4.7009341750E+04    4.7130031129E-05
    4.7022854070E+04    3.3322772902E-05
    4.7036366380E+04    3.2626608311E-05
    4.7049878690E+04    3.5687436840E-05
    4.7063391010E+04    4.4302749633E-05
    4.7076903320E+04    3.2959037668E-05
    4.7090415640E+04    2.1777691798E-05
    4.7103927950E+04    2.7257158603E-05
    4.7117440270E+04    3.2087639187E-05
    4.7130952580E+04    3.6023668067E-05
    4.7144464900E+04    1.5647375855E-05
    4.7157977210E+04    1.2974351419E-05
    4.7171489520E+04    2.5985559264E-05
    4.7185001840E+04    3.8953608984E-05
    4.7198514150E+04    4.0381181374E-05
    4.7212026470E+04    2.2762847574E-05
    4.7225538780E+04    2.3142095823E-05
    4.7239051100E+04    3.8759591673E-05
    4.7252563410E+04    4.1471685038E-05
    4.7266075720E+04    3.7460938557E-05
    4.7279588040E+04    2.6364825452E-05
    4.7293100350E+04    3.2436336990E-05
    4.7306612670E+04    4.2580560152E-05
    4.7320124980E+04    3.4560530047E-05
    4.7333637300E+04    2.5835784923E-05
    4.7347149610E+04    1.8292477316E-05
    4.7360661930E+04    3.2841493463E-05
    4.7374174240E+04    4.5925864382E-05
    4.7387686550E+04    3.9263621275E-05
    4.7401198870E+04    3.3213964257E-05
    4.7414711180E+04    3.0921903573E-05
    4.7428223500E+04    4.4212614303E-05
    4.7441735810E+04    4.2371682368E-05
    4.7455248130E+04    2.9781398673E-05
    4.7468760440E+04    2.6810003520E-05
    4.7482272760E+04    2.8731915209E-05
    4.7495785070E+04    4.1572699460E-05
    4.7509297380E+04    2.8965341078E-05
    4.7522809700E+04    1.7870044756E-05
    4.7536322010E+04    1.9078686873E-05
    4.7549834330E+04    2.4858671507E-05
    4.7563346640E+04    4.0196147971E-05
    4.7576858960E+04    2.7903268912E-05
    4.7590371270E+04    2.2749868163E-05
    4.7603883580E+04    3.0569417916E-05
    4.7617395900E+04    3.9665112027E-05
    4.7630908210E+04    4.8655051453E-05
    4.7644420530E+04    3.1351570363E-05
    4.7657932840E+04    2.7187983656E-05
    4.7671445160E+04    3.3482371767E-05
    4.7684957470E+04    3.3147910577E-05
    4.7698469790E+04    2.3857758857E-05
    4.7711982100E+04    9.6357043895E-06
    4.7725494410E+04    9.6278566745E-06
    4.7739006730E+04    2.4730896982E-05
    4.7752519040E+04    3.1265102781E-05
    4.7766031360E+04    3.0490911984E-05
    4.7779543670E+04    2.0001826704E-05
    4.7793055990E+04    2.4671740712E-05
    4.7806568300E+04    3.8686107536E-05
    4.7820080610E+04    2.7731962998E-05
    4.7833592930E+04    1.3232060487E-05
    4.7847105240E+04    8.2580496826E-06
    4.7860617560E+04    1.2183207715E-05
    4.7874129870E+04    2.9045873774E-05
    4.7887642190E+04    2.4942811474E-05
    4.7901154500E+04    1.9036100903E-05
    4.7914666820E+04    1.5922414572E-05
    4.7928179130E+04    2.0415516262E-05
    4.7941691440E+04    3.4342634363E-05
    4.7955203760E+04    2.1206626810E-05
    4.7968716070E+04    1.3364522848E-05
    4.7982228390E+04    8.5128561463E-06
    4.7995740700E+04    1.7553970980E-05
    4.8009253020E+04    2.3770686844E-05
    4.8022765330E+04    1.5637798385E-05
    4.8036277640E+04    1.5365105863E-05
    4.8049789960E+04    1.7543285419E-05
    4.8063302270E+04    2.6873691998E-05
    4.8076814590E+04    2.7687265874E-05
    4.8090326900E+04    1.7450580118E-05
    4.8103839220E+04    1.6822581248E-05
    4.8117351530E+04    1.9644293280E-05
    4.8130863850E+04    2.7107324290E-05
    4.8144376160E+04    2.4614486773E-05
    4.8157888470E+04    1.5735605349E-05
    4.8171400790E+04    1.7481958894E-05
    4.8184913100E+04    2.6115073580E-05
    4.8198425420E+04    3.0562970651E-05
    4.8211937730E+04    1.8857730643E-05
    4.8225450050E+04    8.0491980523E-06
    4.8238962360E+04    1.0645182702E-05
    4.8252474680E+04    2.1998134347E-05
    4.8265986990E+04    2.5495498246E-05
    4.8279499300E+04    1.4830585882E-05
    4.8293011620E+04    9.7029521022E-06
    4.8306523930E+04    1.1592058485E-05
    4.8320036250E+04    1.5706401366E-05
    4.8333548560E+04    1.4862000721E-05
    4.8347060880E+04    1.1899929874E-05
    4.8360573190E+04    8.8789639895E-06
    4.8374085500E+04    1.2451913942E-05
    4.8387597820E+04    2.7392312454E-05
    4.8401110130E+04    2.4578743452E-05
    4.8414622450E+04    1.6650787074E-05
    4.8428134760E+04    9.6238356669E-06
    4.8441647080E+04    1.4113577493E-05
    4.8455159390E+04    2.5317145972E-05
    4.8468671710E+04    1.5954120271E-05
    4.8482184020E+04    1.3889466659E-05
    4.8495696330E+04    1.3934191266E-05
    4.8509208650E+04    1.9895534930E-05
    4.8522720960E+04    3.0037542149E-05
    4.8536233280E+04    2.1038037280E-05
    4.8549745590E+04    1.6829568377E-05
    4.8563257910E+04    1.6357496531E-05
    4.8576770220E+04    2.1074486720E-05
    4.8590282530E+04    3.8925191105E-05
    4.8603794850E+04    2.3575650767E-05
    4.8617307160E+04    1.8768644655E-05
    4.8630819480E+04    2.2644531704E-05
    4.8644331790E+04    2.8858216474E-05
    4.8657844110E+04    3.8451518121E-05
    4.8671356420E+04    1.7797278708E-05
    4.8684868740E+04    1.2629478815E-05
    4.8698381050E+04    1.7536719738E-05
    4.8711893360E+04    2.4025388135E-05
    4.8725405680E+04    3.6065534211E-05
    4.8738917990E+04    2.9374903777E-05
    4.8752430310E+04    2.4369594652E-05
    4.8765942620E+04    3.4579881014E-05
    4.8779454940E+04    4.2585012440E-05
    4.8792967250E+04    4.3601937619E-05
    4.8806479560E+04    2.3760776917E-05
    4.8819991880E+04    1.5735748445E-05
    4.8833504190E+04    2.2132513872E-05
    4.8847016510E+04    3.1063474716E-05
    4.8860528820E+04    2.8616726524E-05
    4.8874041140E+04    1.5621905652E-05
    4.8887553450E+04    8.9807915031E-06
    4.8901065770E+04    1.7405781681E-05
    4.8914578080E+04    2.9781457782E-05
    4.8928090390E+04    2.8178895151E-05
    4.8941602710E+04    2.1523990430E-05
    4.8955115020E+04    1.4271531464E-05
    4.8968627340E+04    1.9441687436E-05
    4.8982139650E+04    3.1291749528E-05
    4.8995651970E+04    2.6571375418E-05
    4.9009164280E+04    2.4286398139E-05
    4.9022676600E+04    2.4075611906E-05
    4.9036188910E+04    3.2529800714E-05
    4.9049701220E+04    5.0819563752E-05
    4.9063213540E+04    3.5089997346E-05
    4.9076725850E+04    2.5156485660E-05
    4.9090238170E+04    1.9490148103E-05
    4.9103750480E+04    2.2410220032E-05
    4.9117262800E+04    3.5580107038E-05
    4.9130775110E+04    2.6191668619E-05
    4.9144287420E+04    2.0468642993E-05
    4.9157799740E+04    2.0215661661E-05
    4.9171312050E+04    2.2468403964E-05
    4.9184824370E+04    3.0043436767E-05
    4.9198336680E+04    2.7334355535E-05
    4.9211849000E+04    2.0969575706E-05
    4.9225361310E+04    2.4612667485E-05
    4.9238873630E+04    2.9654770489E-05
    4.9252385940E+04    3.5570446091E-05
    4.9265898250E+04    3.0989540208E-05
    4.9279410570E+04    2.1300874523E-05
    4.9292922880E+04    2.3322814273E-05
    4.9306435200E+04    3.6556994772E-05
    4.9319947510E+04    4.1254289340E-05
    4.9333459830E+04    3.5358263477E-05
    4.9346972140E+04    2.5250456482E-05
    4.9360484450E+04    2.5377408258E-05
    4.9373996770E+04    3.3547535647E-05
    4.9387509080E+04    3.3801593548E-05
    4.9401021400E+04    3.0140089128E-05
    4.9414533710E+04    2.0815676260E-05
    4.9428046030E+04    1.9187286625E-05
    4.9441558340E+04    3.0089876832E-05
    4.9455070660E+04    3.8904786015E-05
    4.9468582970E+04    3.8337600506E-05
    4.9482095280E+04    2.7968636198E-05
    4.9495607600E+04    2.3107357366E-05
    4.9509119910E+04    3.1874742140E-05
    4.9522632230E+04    3.7995621373E-05
    4.9536144540E+04    3.2150814959E-05
    4.9549656860E+04    2.5639988960E-05
    4.9563169170E+04    1.9317625763E-05
    4.9576681480E+04    2.4943059125E-05
    4.9590193800E+04    3.7632569070E-05
    4.9603706110E+04    3.1056730043E-05
    4.9617218430E+04    2.8886942543E-05
    4.9630730740E+04    2.8615132308E-05
    4.9644243060E+04    3.1790877301E-05
    4.9657755370E+04    3.9297187154E-05
    4.9671267690E+04    2.7999556172E-05
    4.9684780000E+04    1.8204738223E-05
    4.9698292310E+04    1.5975589179E-05
    4.9711804630E+04    1.8573359821E-05
    4.9725316940E+04    2.9658722695E-05
    4.9738829260E+04    2.6173776200E-05
    4.9752341570E+04    1.8767777300E-05
    4.9765853890E+04    1.8922604378E-05
    4.9779366200E+04    2.1529778468E-05
    4.9792878520E+04    2.8115835603E-05
    4.9806390830E+04    3.1103008201E-05
    4.9819903140E+04    1.9352176594E-05
    4.9833415460E+04    1.7783908084E-05
    4.9846927770E+04    2.4328658703E-05
    4.9860440090E+04    3.3389113937E-05
    4.9873952400E+04    4.0811404075E-05
    4.9887464720E+04    2.4776495373E-05
    4.9900977030E+04    1.8495654091E-05
    4.9914489340E+04    2.4498119179E-05
    4.9928001660E+04    3.2261768634E-05
    4.9941513970E+04    3.6287279859E-05
    4.9955026290E+04    3.1552854861E-05
    4.9968538600E+04    2.4034731153E-05
    4.9982050920E+04    2.6139793134E-05
    4.9995563230E+04    3.1457661737E-05
    5.0009075550E+04    3.0316776680E-05
    5.0022587860E+04    2.8171251075E-05
    5.0036100170E+04    2.2795707963E-05
    5.0049612490E+04    2.2991908570E-05
    5.0063124800E+04    3.1606294613E-05
    5.0076637120E+04    3.1661364244E-05
    5.0090149430E+04    2.7238110005E-05
    5.0103661750E+04    2.0807353361E-05
    5.0117174060E+04    1.6285627502E-05
    5.0130686370E+04    2.4621770033E-05
    5.0144198690E+04    3.3876639695E-05
    5.0157711000E+04    3.1666621110E-05
    5.0171223320E+04    3.1156309741E-05
    5.0184735630E+04    3.1315696326E-05
    5.0198247950E+04    3.6153668735E-05
    5.0211760260E+04    4.7337155030E-05
    5.0225272580E+04    3.9282824284E-05
    5.0238784890E+04    3.3073135610E-05
    5.0252297200E+04    3.1732493856E-05
    5.0265809520E+04    3.2003516595E-05
    5.0279321830E+04    3.7139544147E-05
    5.0292834150E+04    3.4812508580E-05
    5.0306346460E+04    2.5375587899E-05
    5.0319858780E+04    2.3791311413E-05
    5.0333371090E+04    2.5248251132E-05
    5.0346883410E+04    2.9243753590E-05
    5.0360395720E+04    3.7278272160E-05
    5.0373908030E+04    2.0806318983E-05
    5.0387420350E+04    1.5398273780E-05
    5.0400932660E+04    1.8197731010E-05
    5.0414444980E+04    2.5444343221E-05
    5.0427957290E+04    3.2657619689E-05
    5.0441469610E+04    2.5737340613E-05
    5.0454981920E+04    2.0015175860E-05
    5.0468494230E+04    2.3825286114E-05
    5.0482006550E+04    3.5127503581E-05
    5.0495518860E+04    3.7401298977E-05
    5.0509031180E+04    3.4142958261E-05
    5.0522543490E+04    2.1461127297E-05
    5.0536055810E+04    1.8792251507E-05
    5.0549568120E+04    2.6889681676E-05
    5.0563080440E+04    3.3130988207E-05
    5.0576592750E+04    3.3470663158E-05
    5.0590105060E+04    2.6932406576E-05
    5.0603617380E+04    1.9606521737E-05
    5.0617129690E+04    2.3048282708E-05
    5.0630642010E+04    3.0251063098E-05
    5.0644154320E+04    2.6684965957E-05
    5.0657666640E+04    2.1329817377E-05
    5.0671178950E+04    1.3163789778E-05
    5.0684691260E+04    1.2260040943E-05
    5.0698203580E+04    2.1624713506E-05
    5.0711715890E+04    3.0905466617E-05
    5.0725228210E+04    2.6851604173E-05
    5.0738740520E+04    2.1689759995E-05
    5.0752252840E+04    1.8397320190E-05
    5.0765765150E+04    2.3253720871E-05
    5.0779277470E+04    3.3904722629E-05
    5.0792789780E+04    2.5571059060E-05
    5.0806302090E+04    2.1331146697E-05
    5.0819814410E+04    2.0045664799E-05
    5.0833326720E+04    2.1266358242E-05
    5.0846839040E+04    2.9178019186E-05
    5.0860351350E+04    3.0970838269E-05
    5.0873863670E+04    2.4947805194E-05
    5.0887375980E+04    2.3527159026E-05
    5.0900888290E+04    2.5071952395E-05
    5.0914400610E+04    3.1314585923E-05
    5.0927912920E+04    3.9388761814E-05
    5.0941425240E+04    2.4715262819E-05
    5.0954937550E+04    1.8351503743E-05
    5.0968449870E+04    2.0618438599E-05
    5.0981962180E+04    2.5233624596E-05
    5.0995474500E+04    3.3349866406E-05
