###   Wavelength (A)        Transmission
    2.0004663860E+04    1.5986902651E-15
    2.0020744780E+04    1.3635236997E-15
    2.0036825700E+04    1.1716695047E-15
    2.0052906620E+04    7.9841709946E-16
    2.0068987540E+04    5.8493443942E-16
    2.0085068460E+04    5.3279785792E-16
    2.0101149380E+04    1.6130130007E-16
    2.0117230300E+04    4.2312356502E-18
    2.0133311220E+04    2.2690900408E-18
    2.0149392140E+04    6.0183866505E-17
    2.0165473060E+04    5.8009679652E-17
    2.0181553980E+04    1.7816417341E-18
    2.0197634900E+04    1.8661127126E-18
    2.0213715820E+04    4.3327833894E-17
    2.0229796740E+04    5.9104334216E-17
    2.0245877660E+04    4.1410754523E-17
    2.0261958580E+04    5.2405731324E-18
    2.0278039490E+04    1.5037695204E-18
    2.0294120410E+04    3.1416829796E-18
    2.0310201330E+04    7.8326350949E-18
    2.0326282250E+04    2.6394105634E-18
    2.0342363170E+04    2.6515238396E-19
    2.0358444090E+04    4.9098994132E-19
    2.0374525010E+04    7.5144506961E-18
    2.0390605930E+04    2.5399506998E-18
    2.0406686850E+04    2.0824175639E-19
    2.0422767770E+04    1.0462323179E-18
    2.0438848690E+04    2.3366089640E-17
    2.0454929610E+04    3.8289747658E-17
    2.0471010530E+04    2.9710823258E-17
    2.0487091450E+04    3.5598366355E-17
    2.0503172370E+04    5.2375322979E-17
    2.0519253290E+04    2.1272008898E-18
    2.0535334210E+04    3.2084862124E-20
    2.0551415130E+04    1.6578793463E-20
    2.0567496050E+04    5.9062871837E-20
    2.0583576970E+04    7.3118470812E-20
    2.0599657880E+04    3.8740958899E-20
    2.0615738800E+04    4.8988677949E-20
    2.0631819720E+04    1.2638916781E-19
    2.0647900640E+04    6.6153718319E-19
    2.0663981560E+04    5.8702778682E-18
    2.0680062480E+04    9.6966473697E-18
    2.0696143400E+04    6.8156761061E-18
    2.0712224320E+04    8.7064296065E-18
    2.0728305240E+04    2.5673355353E-17
    2.0744386160E+04    6.0797473299E-17
    2.0760467080E+04    3.8307915516E-17
    2.0776548000E+04    3.5105801840E-17
    2.0792628920E+04    4.4742382657E-17
    2.0808709840E+04    2.5571506094E-17
    2.0824790760E+04    1.0563047107E-18
    2.0840871680E+04    1.9377029466E-19
    2.0856952600E+04    3.9303415202E-19
    2.0873033520E+04    8.1127274117E-19
    2.0889114440E+04    4.7440034961E-19
    2.0905195360E+04    3.2280186454E-19
    2.0921276270E+04    4.3489916390E-19
    2.0937357190E+04    8.8934238034E-19
    2.0953438110E+04    1.0494192579E-17
    2.0969519030E+04    2.5521339510E-16
    2.0985599950E+04    3.0802107286E-16
    2.1001680870E+04    1.7182572966E-16
    2.1017761790E+04    3.8456043013E-17
    2.1033842710E+04    6.5072454403E-18
    2.1049923630E+04    6.3494752895E-18
    2.1066004550E+04    2.9263046747E-17
    2.1082085470E+04    1.0438577418E-16
    2.1098166390E+04    3.4346652885E-16
    2.1114247310E+04    5.2115561531E-16
    2.1130328230E+04    1.9944814461E-17
    2.1146409150E+04    2.7998580367E-18
    2.1162490070E+04    4.4174324102E-18
    2.1178570990E+04    8.6915475093E-18
    2.1194651910E+04    1.0000763122E-16
    2.1210732830E+04    1.2927783357E-15
    2.1226813750E+04    1.4655824516E-15
    2.1242894660E+04    1.9878941968E-15
    2.1258975580E+04    2.7180907942E-15
    2.1275056500E+04    3.7939981572E-15
    2.1291137420E+04    6.5456047372E-16
    2.1307218340E+04    1.4528708464E-17
    2.1323299260E+04    2.1001120232E-18
    2.1339380180E+04    4.1995496060E-18
    2.1355461100E+04    8.0948142655E-18
    2.1371542020E+04    4.1632091562E-18
    2.1387622940E+04    2.7606926917E-18
    2.1403703860E+04    9.3066191312E-18
    2.1419784780E+04    4.6487100639E-17
    2.1435865700E+04    8.0261691349E-17
    2.1451946620E+04    2.8143477570E-16
    2.1468027540E+04    4.2654111736E-16
    2.1484108460E+04    5.8795824704E-16
    2.1500189380E+04    8.9413841364E-16
    2.1516270300E+04    6.7238752360E-16
    2.1532351220E+04    5.3457807282E-16
    2.1548432140E+04    2.8560991269E-16
    2.1564513050E+04    1.6419423140E-16
    2.1580593970E+04    2.5804642413E-17
    2.1596674890E+04    6.1539351135E-18
    2.1612755810E+04    4.0840389967E-18
    2.1628836730E+04    2.5130356942E-18
    2.1644917650E+04    6.1488772715E-18
    2.1660998570E+04    1.0675770886E-16
    2.1677079490E+04    1.2702649875E-15
    2.1693160410E+04    5.1207975212E-16
    2.1709241330E+04    6.9135227903E-16
    2.1725322250E+04    1.0942260386E-16
    2.1741403170E+04    1.3162318658E-17
    2.1757484090E+04    3.7966154337E-17
    2.1773565010E+04    7.5120372185E-16
    2.1789645930E+04    4.6424035624E-15
    2.1805726850E+04    3.5909299252E-15
    2.1821807770E+04    2.5123598501E-15
    2.1837888690E+04    1.3087691224E-15
    2.1853969610E+04    1.6743757030E-15
    2.1870050530E+04    6.5676260913E-16
    2.1886131450E+04    3.5326016734E-16
    2.1902212360E+04    7.2580452232E-16
    2.1918293280E+04    1.3051202674E-15
    2.1934374200E+04    2.3923284752E-15
    2.1950455120E+04    2.4007874844E-15
    2.1966536040E+04    4.1503704057E-15
    2.1982616960E+04    5.3392931038E-16
    2.1998697880E+04    4.9585442572E-17
    2.2014778800E+04    5.8736468859E-17
    2.2030859720E+04    7.9705586213E-16
    2.2046940640E+04    3.2722639379E-15
    2.2063021560E+04    2.5207601215E-16
    2.2079102480E+04    3.9608123727E-16
    2.2095183400E+04    2.2911252037E-16
    2.2111264320E+04    2.2115679465E-15
    2.2127345240E+04    6.7917941438E-15
    2.2143426160E+04    5.5633968873E-15
    2.2159507080E+04    4.4116631412E-15
    2.2175588000E+04    6.7773671800E-16
    2.2191668920E+04    1.1342382293E-16
    2.2207749840E+04    5.4159209183E-17
    2.2223830750E+04    3.8325183199E-17
    2.2239911670E+04    3.2020768731E-17
    2.2255992590E+04    6.2738606373E-17
    2.2272073510E+04    1.8117304020E-16
    2.2288154430E+04    2.1801495437E-15
    2.2304235350E+04    2.5802033514E-14
    2.2320316270E+04    3.6541548616E-14
    2.2336397190E+04    4.1210417009E-14
    2.2352478110E+04    3.9560597504E-14
    2.2368559030E+04    5.2920619215E-14
    2.2384639950E+04    9.1946399225E-14
    2.2400720870E+04    4.3604119750E-14
    2.2416801790E+04    2.2839219677E-14
    2.2432882710E+04    9.4263093923E-15
    2.2448963630E+04    1.6999853745E-15
    2.2465044550E+04    4.8148319569E-16
    2.2481125470E+04    2.5124462929E-16
    2.2497206390E+04    1.5848365610E-16
    2.2513287310E+04    2.0523177556E-16
    2.2529368230E+04    4.5023230164E-16
    2.2545449140E+04    7.5656376477E-16
    2.2561530060E+04    4.7223998460E-16
    2.2577610980E+04    3.8272982807E-16
    2.2593691900E+04    4.5084874098E-16
    2.2609772820E+04    8.0574393232E-16
    2.2625853740E+04    3.0613896360E-15
    2.2641934660E+04    3.9919406963E-14
    2.2658015580E+04    5.2977351288E-13
    2.2674096500E+04    2.7447827742E-13
    2.2690177420E+04    1.3426567458E-13
    2.2706258340E+04    4.4492766929E-14
    2.2722339260E+04    8.5019137983E-15
    2.2738420180E+04    3.0088000867E-15
    2.2754501100E+04    1.1756611292E-15
    2.2770582020E+04    5.1525859965E-16
    2.2786662940E+04    6.7959947136E-16
    2.2802743860E+04    1.6949170862E-15
    2.2818824780E+04    4.8889141115E-15
    2.2834905700E+04    2.6213778033E-15
    2.2850986620E+04    1.4525873303E-15
    2.2867067530E+04    1.3753989616E-15
    2.2883148450E+04    2.3960328473E-15
    2.2899229370E+04    4.6874158096E-15
    2.2915310290E+04    3.0226421058E-14
    2.2931391210E+04    4.2102971914E-13
    2.2947472130E+04    5.7257884368E-13
    2.2963553050E+04    3.7115507120E-14
    2.2979633970E+04    3.5705019630E-15
    2.2995714890E+04    4.7908356761E-15
    2.3011795810E+04    8.8466425993E-15
    2.3027876730E+04    1.4555951665E-14
    2.3043957650E+04    7.6226112009E-14
    2.3060038570E+04    8.1848214488E-13
    2.3076119490E+04    2.4839419185E-13
    2.3092200410E+04    4.7756483925E-14
    2.3108281330E+04    1.1138979496E-13
    2.3124362250E+04    1.1782644191E-12
    2.3140443170E+04    1.2895288490E-11
    2.3156524090E+04    6.6150832178E-12
    2.3172605010E+04    9.3329435882E-13
    2.3188685920E+04    2.2346840147E-13
    2.3204766840E+04    3.0179907761E-12
    2.3220847760E+04    5.2618686371E-11
    2.3236928680E+04    5.0442965229E-11
    2.3253009600E+04    4.1604230958E-12
    2.3269090520E+04    4.6592496204E-13
    2.3285171440E+04    1.5118047702E-12
    2.3301252360E+04    1.0823143662E-11
    2.3317333280E+04    6.2885037996E-11
    2.3333414200E+04    1.9101196646E-10
    2.3349495120E+04    8.5026220475E-10
    2.3365576040E+04    2.2092499598E-10
    2.3381656960E+04    1.7216392859E-11
    2.3397737880E+04    2.4741051052E-12
    2.3413818800E+04    4.7734422827E-11
    2.3429899720E+04    9.0857381629E-10
    2.3445980640E+04    1.0942748729E-09
    2.3462061560E+04    6.7820888878E-11
    2.3478142480E+04    4.2126562292E-12
    2.3494223400E+04    2.7549803553E-11
    2.3510304310E+04    4.4267684219E-10
    2.3526385230E+04    2.5887006504E-09
    2.3542466150E+04    1.9652037551E-10
    2.3558547070E+04    1.5319801890E-11
    2.3574627990E+04    1.3438392860E-11
    2.3590708910E+04    1.4622184440E-10
    2.3606789830E+04    1.8037446202E-09
    2.3622870750E+04    2.1840219722E-09
    2.3638951670E+04    2.4494143708E-09
    2.3655032590E+04    3.8558820643E-09
    2.3671113510E+04    4.5510775627E-10
    2.3687194430E+04    5.8049040067E-11
    2.3703275350E+04    8.9967647329E-11
    2.3719356270E+04    1.6682161684E-09
    2.3735437190E+04    3.0780927438E-08
    2.3751518110E+04    7.6371432221E-09
    2.3767599030E+04    6.2491580389E-10
    2.3783679950E+04    7.9546875374E-11
    2.3799760870E+04    1.1383671970E-09
    2.3815841790E+04    1.8030048125E-08
    2.3831922710E+04    4.3726265865E-08
    2.3848003620E+04    4.0501722595E-09
    2.3864084540E+04    4.1151345539E-10
    2.3880165460E+04    9.7620737396E-10
    2.3896246380E+04    1.3515604531E-08
    2.3912327300E+04    1.9516007766E-07
    2.3928408220E+04    1.2836772990E-07
    2.3944489140E+04    1.5770895069E-07
    2.3960570060E+04    1.7236055274E-07
    2.3976650980E+04    1.6499749182E-08
    2.3992731900E+04    1.9385204015E-09
    2.4008812820E+04    2.0565637800E-09
    2.4024893740E+04    3.1427460516E-08
    2.4040974660E+04    4.8434456969E-07
    2.4057055580E+04    2.8746038164E-07
    2.4073136500E+04    2.4061538101E-08
    2.4089217420E+04    2.0444685125E-09
    2.4105298340E+04    1.5144905340E-08
    2.4121379260E+04    2.6163503844E-07
    2.4137460180E+04    3.4263771917E-06
    2.4153541100E+04    2.3950495033E-07
    2.4169622010E+04    1.7258218692E-08
    2.4185702930E+04    4.5326790075E-09
    2.4201783850E+04    5.7773060450E-08
    2.4217864770E+04    8.4385040446E-07
    2.4233945690E+04    1.2139864172E-06
    2.4250026610E+04    9.3644633983E-08
    2.4266107530E+04    8.1977347615E-09
    2.4282188450E+04    3.5221101793E-09
    2.4298269370E+04    3.6038577938E-09
    2.4314350290E+04    3.6874610594E-09
    2.4330431210E+04    2.8781368464E-08
    2.4346512130E+04    3.8688488099E-07
    2.4362593050E+04    5.2174145111E-06
    2.4378673970E+04    5.1410673083E-07
    2.4394754890E+04    3.8922076821E-08
    2.4410835810E+04    4.8960432832E-09
    2.4426916730E+04    7.3956039889E-08
    2.4442997650E+04    1.1132967842E-06
    2.4459078570E+04    4.8053016919E-06
    2.4475159490E+04    3.2181671498E-07
    2.4491240400E+04    2.1632837988E-08
    2.4507321320E+04    9.7884029589E-09
    2.4523402240E+04    1.3956321469E-07
    2.4539483160E+04    1.9848472110E-06
    2.4555564080E+04    3.9353239712E-06
    2.4571645000E+04    1.7617387110E-06
    2.4587725920E+04    1.1354470220E-06
    2.4603806840E+04    2.6308937204E-07
    2.4619887760E+04    2.9512631947E-08
    2.4635968680E+04    5.3987585262E-09
    2.4652049600E+04    2.0216822698E-08
    2.4668130520E+04    2.3865550608E-07
    2.4684211440E+04    2.8272294161E-06
    2.4700292360E+04    8.3849606136E-07
    2.4716373280E+04    7.1739840464E-08
    2.4732454200E+04    6.2013894767E-09
    2.4748535120E+04    3.2611900117E-08
    2.4764616040E+04    4.3609625266E-07
    2.4780696960E+04    5.9099896703E-06
    2.4796777880E+04    8.3607309643E-07
    2.4812858790E+04    6.2962820375E-08
    2.4828939710E+04    4.8430816781E-09
    2.4845020630E+04    4.0650066360E-08
    2.4861101550E+04    5.3045738936E-07
    2.4877182470E+04    7.1957533240E-06
    2.4893263390E+04    6.5612196297E-07
    2.4909344310E+04    5.0597635254E-08
    2.4925425230E+04    4.1430856534E-09
    2.4941506150E+04    2.8182859620E-08
    2.4957587070E+04    2.8182648268E-07
    2.4973667990E+04    2.9243611596E-06
    2.4989748910E+04    2.1009286169E-06
    2.4997781620E+04    4.4088475879E-06
    2.5011293930E+04    2.0275771898E-06
    2.5024806240E+04    2.4120834884E-06
    2.5038318560E+04    2.6849302757E-06
    2.5051830870E+04    7.3962821631E-07
    2.5065343190E+04    9.1341748697E-07
    2.5078855500E+04    3.4699842121E-07
    2.5092367820E+04    3.8895898128E-09
    2.5105880130E+04    1.6402558377E-07
    2.5119392440E+04    4.6465216107E-09
    2.5132904760E+04    1.1170749479E-06
    2.5146417070E+04    4.3123710022E-08
    2.5159929390E+04    8.7692691159E-09
    2.5173441700E+04    3.8864195039E-09
    2.5186954020E+04    1.5650543881E-06
    2.5200466330E+04    9.8041270586E-07
    2.5213978650E+04    3.5041945338E-07
    2.5227490960E+04    1.8690394949E-07
    2.5241003270E+04    2.7683056310E-06
    2.5254515590E+04    2.3966352100E-06
    2.5268027900E+04    1.8188628913E-06
    2.5281540220E+04    2.6540092396E-08
    2.5295052530E+04    9.5442226160E-08
    2.5308564850E+04    1.6352605653E-06
    2.5322077160E+04    6.4520225342E-09
    2.5335589480E+04    2.4371814371E-06
    2.5349101790E+04    8.5121702552E-07
    2.5362614100E+04    1.2090480082E-06
    2.5376126420E+04    1.2364814560E-06
    2.5389638730E+04    1.1173233064E-06
    2.5403151050E+04    2.6615034584E-06
    2.5416663360E+04    5.3139609814E-06
    2.5430175680E+04    3.7973601711E-06
    2.5443687990E+04    3.0372173320E-06
    2.5457200300E+04    1.2321791408E-06
    2.5470712620E+04    8.6201867557E-07
    2.5484224930E+04    8.1575418818E-07
    2.5497737250E+04    1.5347198081E-06
    2.5511249560E+04    1.8157509098E-06
    2.5524761880E+04    8.9261796958E-08
    2.5538274190E+04    7.2152480216E-09
    2.5551786510E+04    1.1386543416E-06
    2.5565298820E+04    2.4385686206E-06
    2.5578811130E+04    5.2292777908E-07
    2.5592323450E+04    1.7671687964E-06
    2.5605835760E+04    4.0506337504E-07
    2.5619348080E+04    5.7796587129E-07
    2.5632860390E+04    3.7171290499E-09
    2.5646372710E+04    1.9956279110E-06
    2.5659885020E+04    1.0586368538E-06
    2.5673397330E+04    9.2425298060E-07
    2.5686909650E+04    3.7168283084E-09
    2.5700421960E+04    9.3083586268E-07
    2.5713934280E+04    4.9466219289E-08
    2.5727446590E+04    9.1504978000E-07
    2.5740958910E+04    4.6760873881E-07
    2.5754471220E+04    7.5682747413E-07
    2.5767983540E+04    2.0641290439E-06
    2.5781495850E+04    1.8435145264E-06
    2.5795008160E+04    2.7462880124E-06
    2.5808520480E+04    2.6394786806E-06
    2.5822032790E+04    3.6141414463E-07
    2.5835545110E+04    3.5065818879E-08
    2.5849057420E+04    3.7286233365E-06
    2.5862569740E+04    5.9471491283E-06
    2.5876082050E+04    6.0587219504E-07
    2.5889594370E+04    3.7020318004E-07
    2.5903106680E+04    3.5313530164E-06
    2.5916618990E+04    3.4716931273E-06
    2.5930131310E+04    1.9588551711E-06
    2.5943643620E+04    1.4941208353E-06
    2.5957155940E+04    3.2175630354E-06
    2.5970668250E+04    2.2093458926E-06
    2.5984180570E+04    2.7483339514E-06
    2.5997692880E+04    3.2258637208E-06
    2.6011205190E+04    1.6684286813E-06
    2.6024717510E+04    1.6239921276E-06
    2.6038229820E+04    1.7698176053E-06
    2.6051742140E+04    3.4042265546E-06
    2.6065254450E+04    1.8223278910E-06
    2.6078766770E+04    2.1962690835E-06
    2.6092279080E+04    2.4832592973E-06
    2.6105791400E+04    8.0693004593E-06
    2.6119303710E+04    3.1980176718E-06
    2.6132816020E+04    7.8157254012E-07
    2.6146328340E+04    3.9954375864E-09
    2.6159840650E+04    8.8482674460E-08
    2.6173352970E+04    2.1233176636E-08
    2.6186865280E+04    2.3603260589E-06
    2.6200377600E+04    1.1982731984E-08
    2.6213889910E+04    1.4138840408E-06
    2.6227402220E+04    3.9727607431E-09
    2.6240914540E+04    3.9687782248E-09
    2.6254426850E+04    3.9657657016E-09
    2.6267939170E+04    6.3589676052E-08
    2.6281451480E+04    7.5342391375E-08
    2.6294963800E+04    8.5399687458E-07
    2.6308476110E+04    8.1935721133E-09
    2.6321988430E+04    3.9636932843E-09
    2.6335500740E+04    3.9634717032E-09
    2.6349013050E+04    1.3227290674E-06
    2.6362525370E+04    3.9726742103E-09
    2.6376037680E+04    1.4820657618E-07
    2.6389550000E+04    1.1910706492E-08
    2.6403062310E+04    1.6184627434E-07
    2.6416574630E+04    3.9878386520E-09
    2.6430086940E+04    2.5941989640E-06
    2.6443599250E+04    1.7189144932E-06
    2.6457111570E+04    5.7448811265E-07
    2.6470623880E+04    8.1778838237E-09
    2.6484136200E+04    9.3109727714E-07
    2.6497648510E+04    7.6070064325E-09
    2.6511160830E+04    2.2687151653E-07
    2.6524673140E+04    9.9186140263E-07
    2.6538185460E+04    1.6825127363E-06
    2.6551697770E+04    4.4555694538E-06
    2.6565210080E+04    8.5545094710E-09
    2.6578722400E+04    3.7069042963E-06
    2.6592234710E+04    7.4685792246E-07
    2.6605747030E+04    1.0229291146E-07
    2.6619259340E+04    2.1818790384E-06
    2.6632771660E+04    1.8331618125E-06
    2.6646283970E+04    1.5799897047E-07
    2.6659796290E+04    6.0062363664E-08
    2.6673308600E+04    1.1074453721E-06
    2.6686820910E+04    9.0680751068E-07
    2.6700333230E+04    1.1971979276E-06
    2.6713845540E+04    9.2494534157E-07
    2.6727357860E+04    5.4732573317E-07
    2.6740870170E+04    4.2558186146E-08
    2.6754382490E+04    1.8735952764E-06
    2.6767894800E+04    3.6754753399E-06
    2.6781407110E+04    2.1367330594E-06
    2.6794919430E+04    4.6725818904E-07
    2.6808431740E+04    8.4574387400E-07
    2.6821944060E+04    2.6050912170E-06
    2.6835456370E+04    2.7437519677E-06
    2.6848968690E+04    1.8620514909E-06
    2.6862481000E+04    2.7507184926E-06
    2.6875993320E+04    1.8185114583E-06
    2.6889505630E+04    7.5486136706E-07
    2.6903017940E+04    2.8149456536E-07
    2.6916530260E+04    2.0150308263E-06
    2.6930042570E+04    7.4683367213E-07
    2.6943554890E+04    1.1707019691E-06
    2.6957067200E+04    3.1447534597E-08
    2.6970579520E+04    1.5151759132E-08
    2.6984091830E+04    8.6995304552E-07
    2.6997604140E+04    2.4912671691E-06
    2.7011116460E+04    1.0243844381E-06
    2.7024628770E+04    3.9904927456E-09
    2.7038141090E+04    8.1441583907E-07
    2.7051653400E+04    1.6917575538E-06
    2.7065165720E+04    1.7960364226E-07
    2.7078678030E+04    1.7963201893E-06
    2.7092190350E+04    8.8666614527E-09
    2.7105702660E+04    1.7577296785E-08
    2.7119214970E+04    6.2684115755E-07
    2.7132727290E+04    1.4059169712E-06
    2.7146239600E+04    1.8156792337E-06
    2.7159751920E+04    1.7863879217E-06
    2.7173264230E+04    1.6474271649E-06
    2.7186776550E+04    2.7823313951E-06
    2.7200288860E+04    1.3600327294E-07
    2.7213801170E+04    6.7054052355E-07
    2.7227313490E+04    1.1650375577E-06
    2.7240825800E+04    1.4795492282E-06
    2.7254338120E+04    2.4381153146E-07
    2.7267850430E+04    4.2938312372E-06
    2.7281362750E+04    1.1148120143E-06
    2.7294875060E+04    1.7728996432E-07
    2.7308387380E+04    1.1308602419E-06
    2.7321899690E+04    4.2332687939E-06
    2.7335412000E+04    5.2780461484E-06
    2.7348924320E+04    4.5070243355E-06
    2.7362436630E+04    3.2933960383E-06
    2.7375948950E+04    1.6730181312E-07
    2.7389461260E+04    2.3940785994E-08
    2.7402973580E+04    8.4178201989E-08
    2.7416485890E+04    3.3130342703E-06
    2.7429998210E+04    4.6878785018E-06
    2.7443510520E+04    1.9481025595E-06
    2.7457022830E+04    1.2366435001E-06
    2.7470535150E+04    6.3842445104E-08
    2.7484047460E+04    3.9422502861E-09
    2.7497559780E+04    3.9397374274E-09
    2.7511072090E+04    5.7265667617E-07
    2.7524584410E+04    6.1782001796E-09
    2.7538096720E+04    3.9291867044E-09
    2.7551609030E+04    3.9274261906E-09
    2.7565121350E+04    3.9279339456E-09
    2.7578633660E+04    3.9267692648E-09
    2.7592145980E+04    3.9283511830E-09
    2.7605658290E+04    3.9340590080E-09
    2.7619170610E+04    7.8917114165E-08
    2.7632682920E+04    1.1623963446E-06
    2.7646195240E+04    2.7874063451E-06
    2.7659707550E+04    2.0496508216E-06
    2.7673219860E+04    4.1642014630E-09
    2.7686732180E+04    2.8616712407E-07
    2.7700244490E+04    1.1161445692E-06
    2.7713756810E+04    1.6003774217E-06
    2.7727269120E+04    2.9879447189E-06
    2.7740781440E+04    2.1151815412E-06
    2.7754293750E+04    4.4304832896E-09
    2.7767806060E+04    5.3177210538E-07
    2.7781318380E+04    3.2889636549E-06
    2.7794830690E+04    3.1924916297E-06
    2.7808343010E+04    2.2937281174E-06
    2.7821855320E+04    2.2917985025E-06
    2.7835367640E+04    3.1073624617E-06
    2.7848879950E+04    4.7261712375E-06
    2.7862392270E+04    4.4828569772E-06
    2.7875904580E+04    3.4806827834E-06
    2.7889416890E+04    3.0228607729E-06
    2.7902929210E+04    4.4894677593E-06
    2.7916441520E+04    1.9310873384E-06
    2.7929953840E+04    2.4407801248E-06
    2.7943466150E+04    1.9747126636E-06
    2.7956978470E+04    2.0577503197E-06
    2.7970490780E+04    1.2810522962E-06
    2.7984003090E+04    1.2380384560E-06
    2.7997515410E+04    3.1110648697E-07
    2.8011027720E+04    1.7498027668E-07
    2.8024540040E+04    4.0596773593E-09
    2.8038052350E+04    4.0620940809E-09
    2.8051564670E+04    8.8263710236E-07
    2.8065076980E+04    2.8972366667E-06
    2.8078589300E+04    9.4614431807E-07
    2.8092101610E+04    1.4075565500E-07
    2.8105613920E+04    1.1093429486E-06
    2.8119126240E+04    7.0079588754E-08
    2.8132638550E+04    6.6125172120E-07
    2.8146150870E+04    9.7740524531E-07
    2.8159663180E+04    4.0510367755E-09
    2.8173175500E+04    4.0506212706E-09
    2.8186687810E+04    6.0449721174E-07
    2.8200200130E+04    6.6771160085E-07
    2.8213712440E+04    6.7601510614E-09
    2.8227224750E+04    5.6205071751E-08
    2.8240737070E+04    2.0086971999E-06
    2.8254249380E+04    1.6041177239E-06
    2.8267761700E+04    6.0541402914E-09
    2.8281274010E+04    4.0451243357E-09
    2.8294786330E+04    2.2146202643E-06
    2.8308298640E+04    2.0319756752E-06
    2.8321810950E+04    1.7206880243E-06
    2.8335323270E+04    1.2861388704E-06
    2.8348835580E+04    1.5144051387E-08
    2.8362347900E+04    3.1190861487E-06
    2.8375860210E+04    6.2427175445E-07
    2.8389372530E+04    1.1687267932E-06
    2.8402884840E+04    1.7288505349E-06
    2.8416397160E+04    2.3295772940E-06
    2.8429909470E+04    4.1066459760E-06
    2.8443421780E+04    3.0980488951E-06
    2.8456934100E+04    3.7966269513E-06
    2.8470446410E+04    7.9597220825E-06
    2.8483958730E+04    7.1601204085E-06
    2.8497471040E+04    4.4008277650E-06
    2.8510983360E+04    2.7839384470E-06
    2.8524495670E+04    6.4229466528E-06
    2.8538007980E+04    5.2111328599E-06
    2.8551520300E+04    3.5513591729E-06
    2.8565032610E+04    9.0942533071E-06
    2.8578544930E+04    1.0813854261E-05
    2.8592057240E+04    8.6907577785E-06
    2.8605569560E+04    9.3170724867E-06
    2.8619081870E+04    8.7226697869E-06
    2.8632594190E+04    1.1649941621E-05
    2.8646106500E+04    8.9734938690E-06
    2.8659618810E+04    6.0306026146E-06
    2.8673131130E+04    6.4565869739E-06
    2.8686643440E+04    8.9138476921E-06
    2.8700155760E+04    1.0432892065E-05
    2.8713668070E+04    7.2993541165E-06
    2.8727180390E+04    4.0301032155E-06
    2.8740692700E+04    4.1744948332E-06
    2.8754205010E+04    7.7556071224E-06
    2.8767717330E+04    8.7175349534E-06
    2.8781229640E+04    9.7630562828E-06
    2.8794741960E+04    1.0337710367E-05
    2.8808254270E+04    4.9130962934E-06
    2.8821766590E+04    6.6679226996E-06
    2.8835278900E+04    6.8399432060E-06
    2.8848791220E+04    5.8883521805E-06
    2.8862303530E+04    6.4963646256E-06
    2.8875815840E+04    2.2584563691E-06
    2.8889328160E+04    5.2919758514E-06
    2.8902840470E+04    5.6305417162E-06
    2.8916352790E+04    4.6990266403E-06
    2.8929865100E+04    4.8859888793E-06
    2.8943377420E+04    2.4906771165E-06
    2.8956889730E+04    2.6600000026E-06
    2.8970402050E+04    2.8885709197E-06
    2.8983914360E+04    3.9746923622E-06
    2.8997426670E+04    4.4032031409E-06
    2.9010938990E+04    2.2414317896E-06
    2.9024451300E+04    4.7705340178E-06
    2.9037963620E+04    4.8398159493E-06
    2.9051475930E+04    4.4387607600E-06
    2.9064988250E+04    4.6431949325E-06
    2.9078500560E+04    4.2004942221E-06
    2.9092012870E+04    4.7371371479E-06
    2.9105525190E+04    6.0757652424E-06
    2.9119037500E+04    5.3712214116E-06
    2.9132549820E+04    2.6223647443E-06
    2.9146062130E+04    8.6271757634E-06
    2.9159574450E+04    1.1345860239E-05
    2.9173086760E+04    1.1352891693E-05
    2.9186599080E+04    1.0030373881E-05
    2.9200111390E+04    8.8132015737E-06
    2.9213623700E+04    1.0454644073E-05
    2.9227136020E+04    7.0505355195E-06
    2.9240648330E+04    5.3558118389E-06
    2.9254160650E+04    7.6850942183E-06
    2.9267672960E+04    7.7712273050E-06
    2.9281185280E+04    7.4290971491E-06
    2.9294697590E+04    6.9994124216E-06
    2.9308209900E+04    9.4514238549E-06
    2.9321722220E+04    7.7724562674E-06
    2.9335234530E+04    9.4381143573E-06
    2.9348746850E+04    9.9994871543E-06
    2.9362259160E+04    6.3018753591E-06
    2.9375771480E+04    8.1899601662E-06
    2.9389283790E+04    1.0554190461E-05
    2.9402796110E+04    1.2759509418E-05
    2.9416308420E+04    7.6707122942E-06
    2.9429820730E+04    1.1876523974E-05
    2.9443333050E+04    1.0574759328E-05
    2.9456845360E+04    6.2597462298E-06
    2.9470357680E+04    7.2192192771E-06
    2.9483869990E+04    6.9194723091E-06
    2.9497382310E+04    5.8233962006E-06
    2.9510894620E+04    3.1647526170E-06
    2.9524406940E+04    8.7813592896E-06
    2.9537919250E+04    6.7618575866E-06
    2.9551431560E+04    6.1618300857E-06
    2.9564943880E+04    3.2783785314E-06
    2.9578456190E+04    1.9318790466E-06
    2.9591968510E+04    3.9312731386E-06
    2.9605480820E+04    5.1291103345E-06
    2.9618993140E+04    3.7807020727E-06
    2.9632505450E+04    3.5782495487E-06
    2.9646017760E+04    4.7156738249E-06
    2.9659530080E+04    4.3286852006E-06
    2.9673042390E+04    4.6967157219E-06
    2.9686554710E+04    2.9379460712E-06
    2.9700067020E+04    1.1813984386E-08
    2.9713579340E+04    2.0860503072E-08
    2.9727091650E+04    1.5703185741E-06
    2.9740603970E+04    1.6138128023E-06
    2.9754116280E+04    6.5613265959E-07
    2.9767628590E+04    1.2271758883E-08
    2.9781140910E+04    9.1347751601E-09
    2.9794653220E+04    1.7403322440E-06
    2.9808165540E+04    5.3630600555E-07
    2.9821677850E+04    1.5569976976E-06
    2.9835190170E+04    2.1759222211E-06
    2.9848702480E+04    4.0219990471E-06
    2.9862214790E+04    2.5861525747E-06
    2.9875727110E+04    1.2845927991E-07
    2.9889239420E+04    4.5064048088E-07
    2.9902751740E+04    1.6901440241E-06
    2.9916264050E+04    3.2187722716E-06
    2.9929776370E+04    1.2677117331E-06
    2.9943288680E+04    7.4109059623E-07
    2.9956801000E+04    3.6560689001E-09
    2.9970313310E+04    3.6539581144E-09
    2.9983825620E+04    3.6518585172E-09
    2.9997337940E+04    9.8301600280E-07
    3.0010850250E+04    2.1165975697E-06
    3.0024362570E+04    2.5729659008E-06
    3.0037874880E+04    1.8809928551E-06
    3.0051387200E+04    2.7290063153E-08
    3.0064899510E+04    3.9904637745E-07
    3.0078411820E+04    9.1521475595E-07
    3.0091924140E+04    4.7702742511E-06
    3.0105436450E+04    3.8689195076E-06
    3.0118948770E+04    8.3353735552E-06
    3.0132461080E+04    9.1794911498E-06
    3.0145973400E+04    8.6759032113E-06
    3.0159485710E+04    6.4544259081E-06
    3.0172998030E+04    6.8906498702E-06
    3.0186510340E+04    5.2995647455E-06
    3.0200022650E+04    3.9679918761E-06
    3.0213534970E+04    4.8122371227E-06
    3.0227047280E+04    4.1754546783E-06
    3.0240559600E+04    7.1934597916E-06
    3.0254071910E+04    4.9383122566E-06
    3.0267584230E+04    6.5034033465E-06
    3.0281096540E+04    3.9412583606E-06
    3.0294608860E+04    6.6898006286E-06
    3.0308121170E+04    8.0767372801E-06
    3.0321633480E+04    6.1847895812E-06
    3.0335145800E+04    2.8626320233E-06
    3.0348658110E+04    4.9314937341E-06
    3.0362170430E+04    4.5706692077E-06
    3.0375682740E+04    6.4519903020E-06
    3.0389195060E+04    8.4837058723E-06
    3.0402707370E+04    7.2705991690E-06
    3.0416219680E+04    7.6419281579E-06
    3.0429732000E+04    4.9627951285E-06
    3.0443244310E+04    4.5971305870E-06
    3.0456756630E+04    5.1117669781E-06
    3.0470268940E+04    8.2682450325E-06
    3.0483781260E+04    4.5358951046E-06
    3.0497293570E+04    4.2132008910E-06
    3.0510805890E+04    3.1074251901E-06
    3.0524318200E+04    4.7332865734E-06
    3.0537830510E+04    5.5148196548E-06
    3.0551342830E+04    8.1046933802E-06
    3.0564855140E+04    5.8197714344E-06
    3.0578367460E+04    1.3352202341E-05
    3.0591879770E+04    9.9715426709E-06
    3.0605392090E+04    1.2170159205E-05
    3.0618904400E+04    1.1504672519E-05
    3.0632416710E+04    1.3272334032E-05
    3.0645929030E+04    1.3440676092E-05
    3.0659441340E+04    1.6327362508E-05
    3.0672953660E+04    1.2931048505E-05
    3.0686465970E+04    1.2651612742E-05
    3.0699978290E+04    7.7749369006E-06
    3.0713490600E+04    7.1308618195E-06
    3.0727002920E+04    8.2703666929E-06
    3.0740515230E+04    1.3432777988E-05
    3.0754027540E+04    1.4491891558E-05
    3.0767539860E+04    1.1925962267E-05
    3.0781052170E+04    1.0295793279E-05
    3.0794564490E+04    8.8436943150E-06
    3.0808076800E+04    8.3732571309E-06
    3.0821589120E+04    5.7052891889E-06
    3.0835101430E+04    9.0083947421E-06
    3.0848613740E+04    8.2735645516E-06
    3.0862126060E+04    8.8690221265E-06
    3.0875638370E+04    5.0484719548E-06
    3.0889150690E+04    6.5448579660E-06
    3.0902663000E+04    2.8880236824E-06
    3.0916175320E+04    4.8473086647E-06
    3.0929687630E+04    3.9091561566E-06
    3.0943199950E+04    3.9652905058E-06
    3.0956712260E+04    1.6844723349E-06
    3.0970224570E+04    3.0890846684E-06
    3.0983736890E+04    1.1134593642E-06
    3.0997249200E+04    2.1031899408E-06
    3.1010761520E+04    3.7024567564E-08
    3.1024273830E+04    1.8398427398E-07
    3.1037786150E+04    7.7425085705E-09
    3.1051298460E+04    2.0908804823E-06
    3.1064810780E+04    3.5393186693E-09
    3.1078323090E+04    5.4900469429E-08
    3.1091835400E+04    3.6858120726E-09
    3.1105347720E+04    1.7796857968E-06
    3.1118860030E+04    4.6129752566E-09
    3.1132372350E+04    3.5558817182E-09
    3.1145884660E+04    3.5597234872E-09
    3.1159396980E+04    4.1761065969E-08
    3.1172909290E+04    3.5674973609E-09
    3.1186421600E+04    3.5713757045E-09
    3.1199933920E+04    3.5752614901E-09
    3.1213446230E+04    3.5861484695E-09
    3.1226958550E+04    1.9090809960E-08
    3.1240470860E+04    2.1060779336E-06
    3.1253983180E+04    3.6065237052E-09
    3.1267495490E+04    3.6133314304E-09
    3.1281007810E+04    6.9282658529E-09
    3.1294520120E+04    2.7374411357E-06
    3.1308032430E+04    1.1678188816E-06
    3.1321544750E+04    8.2723959270E-06
    3.1335057060E+04    6.5272714540E-06
    3.1348569380E+04    1.3859861779E-05
    3.1362081690E+04    1.6642675725E-05
    3.1375594010E+04    3.1784231172E-05
    3.1389106320E+04    4.0113110805E-05
    3.1402618630E+04    5.5665482940E-05
    3.1416130950E+04    4.6087463782E-05
    3.1429643260E+04    4.3243616493E-05
    3.1443155580E+04    2.5066540550E-05
    3.1456667890E+04    1.9522397306E-05
    3.1470180210E+04    8.0990331522E-06
    3.1483692520E+04    8.9152949981E-06
    3.1497204840E+04    6.0885192726E-06
    3.1510717150E+04    7.5045747902E-06
    3.1524229460E+04    5.2427548921E-06
    3.1537741780E+04    4.3923026527E-06
    3.1551254090E+04    4.0268165131E-08
    3.1564766410E+04    4.2876119647E-07
    3.1578278720E+04    3.7739716405E-09
    3.1591791040E+04    4.1261105030E-07
    3.1605303350E+04    5.9761921891E-07
    3.1618815660E+04    1.4538242719E-07
    3.1632327980E+04    2.5342253073E-06
    3.1645840290E+04    3.3011185983E-06
    3.1659352610E+04    6.5294765571E-06
    3.1672864920E+04    5.4667868878E-06
    3.1686377240E+04    1.3321525643E-05
    3.1699889550E+04    1.7976455861E-05
    3.1713401870E+04    3.1694816846E-05
    3.1726914180E+04    2.9348804951E-05
    3.1740426490E+04    3.8077753184E-05
    3.1753938810E+04    3.3476352076E-05
    3.1767451120E+04    4.8103861523E-05
    3.1780963440E+04    3.6728123494E-05
    3.1794475750E+04    4.8183619394E-05
    3.1807988070E+04    3.5109845226E-05
    3.1821500380E+04    5.3475680865E-05
    3.1835012700E+04    4.9519718112E-05
    3.1848525010E+04    7.7363499741E-05
    3.1862037320E+04    8.5526873680E-05
    3.1875549640E+04    1.2724358054E-04
    3.1889061950E+04    1.4572279204E-04
    3.1902574270E+04    1.9295104483E-04
    3.1916086580E+04    2.2154032274E-04
    3.1929598900E+04    2.7705917446E-04
    3.1943111210E+04    3.3297820088E-04
    3.1956623520E+04    4.2242318690E-04
    3.1970135840E+04    5.3771218231E-04
    3.1983648150E+04    6.9686884802E-04
    3.1997160470E+04    9.3136104377E-04
    3.2010672780E+04    1.2428278830E-03
    3.2024185100E+04    1.7182972773E-03
    3.2037697410E+04    2.3691466776E-03
    3.2051209730E+04    3.3866687313E-03
    3.2064722040E+04    4.9000972852E-03
    3.2078234350E+04    7.3837424461E-03
    3.2091746670E+04    1.1359008822E-02
    3.2105258980E+04    1.8226334612E-02
    3.2118771300E+04    2.9971501003E-02
    3.2132283610E+04    5.0089478007E-02
    3.2145795930E+04    8.2323958936E-02
    3.2159308240E+04    1.2830157112E-01
    3.2172820550E+04    1.8197606765E-01
    3.2186332870E+04    2.2608575109E-01
    3.2199845180E+04    2.5292782227E-01
    3.2213357500E+04    2.6162062946E-01
    3.2226869810E+04    2.6053562302E-01
    3.2240382130E+04    2.5803651852E-01
    3.2253894440E+04    2.5870271068E-01
    3.2267406760E+04    2.6392560170E-01
    3.2280919070E+04    2.7313498561E-01
    3.2294431380E+04    2.8506147094E-01
    3.2307943700E+04    2.9754064268E-01
    3.2321456010E+04    3.0853917841E-01
    3.2334968330E+04    3.1627556060E-01
    3.2348480640E+04    3.2030395263E-01
    3.2361992960E+04    3.2110793487E-01
    3.2375505270E+04    3.1940187104E-01
    3.2389017590E+04    3.1656109569E-01
    3.2402529900E+04    3.1378614865E-01
    3.2416042210E+04    3.1175198097E-01
    3.2429554530E+04    3.1082260498E-01
    3.2443066840E+04    3.1055144101E-01
    3.2456579160E+04    3.1002789057E-01
    3.2470091470E+04    3.0693529302E-01
    3.2483603790E+04    2.9995095030E-01
    3.2497116100E+04    2.8641247402E-01
    3.2510628410E+04    2.6605197644E-01
    3.2524140730E+04    2.3985044074E-01
    3.2537653040E+04    2.0859124992E-01
    3.2551165360E+04    1.7560805158E-01
    3.2564677670E+04    1.4374361307E-01
    3.2578189990E+04    1.1481693344E-01
    3.2591702300E+04    8.9945687165E-02
    3.2605214620E+04    6.9651984372E-02
    3.2618726930E+04    5.3452403494E-02
    3.2632239240E+04    4.0835600160E-02
    3.2645751560E+04    3.1152609914E-02
    3.2659263870E+04    2.3741020223E-02
    3.2672776190E+04    1.8163817357E-02
    3.2686288500E+04    1.3903961571E-02
    3.2699800820E+04    1.0712454357E-02
    3.2713313130E+04    8.2482182875E-03
    3.2726825440E+04    6.4127547973E-03
    3.2740337760E+04    4.9838608126E-03
    3.2753850070E+04    3.9209497286E-03
    3.2767362390E+04    3.1015634483E-03
    3.2780874700E+04    2.4673827891E-03
    3.2794387020E+04    1.9892127306E-03
    3.2807899330E+04    1.5940884037E-03
    3.2821411650E+04    1.3090930025E-03
    3.2834923960E+04    1.0525698094E-03
    3.2848436270E+04    8.8201429703E-04
    3.2861948590E+04    7.1951806522E-04
    3.2875460900E+04    6.1251531814E-04
    3.2888973220E+04    5.0869965150E-04
    3.2902485530E+04    4.2963411228E-04
    3.2915997850E+04    3.6591715176E-04
    3.2929510160E+04    3.0306110375E-04
    3.2943022470E+04    2.7083250126E-04
    3.2956534790E+04    2.2556211656E-04
    3.2970047100E+04    2.1648989877E-04
    3.2983559420E+04    1.8003084105E-04
    3.2997071730E+04    1.7136345753E-04
    3.3010584050E+04    1.4986781130E-04
    3.3024096360E+04    1.4094034367E-04
    3.3037608680E+04    1.3632503046E-04
    3.3051120990E+04    1.2276991478E-04
    3.3064633300E+04    1.2316921029E-04
    3.3078145620E+04    1.0071006234E-04
    3.3091657930E+04    1.0063684373E-04
    3.3105170250E+04    8.4296890453E-05
    3.3118682560E+04    9.0922368214E-05
    3.3132194880E+04    8.1616915836E-05
    3.3145707190E+04    7.5398554801E-05
    3.3159219510E+04    7.0646051995E-05
    3.3172731820E+04    6.1179041174E-05
    3.3186244130E+04    6.4321605350E-05
    3.3199756450E+04    5.1894205407E-05
    3.3213268760E+04    5.8082776828E-05
    3.3226781080E+04    4.6140897264E-05
    3.3240293390E+04    4.8366761325E-05
    3.3253805710E+04    4.0534012120E-05
    3.3267318020E+04    3.9716388903E-05
    3.3280830330E+04    4.2090214842E-05
    3.3294342650E+04    3.7594777827E-05
    3.3307854960E+04    4.3119430668E-05
    3.3321367280E+04    2.9842981000E-05
    3.3334879590E+04    3.6421409405E-05
    3.3348391910E+04    3.1441145007E-05
    3.3361904220E+04    3.5779200400E-05
    3.3375416540E+04    3.6133296880E-05
    3.3388928850E+04    3.3101504181E-05
    3.3402441160E+04    4.2157635622E-05
    3.3415953480E+04    3.8308488098E-05
    3.3429465790E+04    4.6259300904E-05
    3.3442978110E+04    3.4108179792E-05
    3.3456490420E+04    3.3939796338E-05
    3.3470002740E+04    3.0067607682E-05
    3.3483515050E+04    2.8671387180E-05
    3.3497027360E+04    2.9228848292E-05
    3.3510539680E+04    2.0633862385E-05
    3.3524051990E+04    2.3821864214E-05
    3.3537564310E+04    1.3173497955E-05
    3.3551076620E+04    1.6286787105E-05
    3.3564588940E+04    1.1881547934E-05
    3.3578101250E+04    9.3752852309E-06
    3.3591613570E+04    7.9596784680E-06
    3.3605125880E+04    5.0523545041E-06
    3.3618638190E+04    9.6190679863E-06
    3.3632150510E+04    1.8233261299E-06
    3.3645662820E+04    3.4989943437E-06
    3.3659175140E+04    1.1687193786E-07
    3.3672687450E+04    1.5964967081E-07
    3.3686199770E+04    2.1898281419E-06
    3.3699712080E+04    5.4778196266E-09
    3.3713224390E+04    1.1665551710E-06
    3.3726736710E+04    1.6513144908E-06
    3.3740249020E+04    5.3024166741E-06
    3.3753761340E+04    5.7591917772E-06
    3.3767273650E+04    5.9853682007E-06
    3.3780785970E+04    9.9696870586E-06
    3.3794298280E+04    1.0191799583E-05
    3.3807810600E+04    1.5574550506E-05
    3.3821322910E+04    9.9219076185E-06
    3.3834835220E+04    1.0949647909E-05
    3.3848347540E+04    8.3961145621E-06
    3.3861859850E+04    7.8749735600E-06
    3.3875372170E+04    9.3287611807E-06
    3.3888884480E+04    5.7284659667E-06
    3.3902396800E+04    8.8723675617E-06
    3.3915909110E+04    5.2404944371E-06
    3.3929421430E+04    8.5725684359E-06
    3.3942933740E+04    1.0208083325E-05
    3.3956446050E+04    9.6400216266E-06
    3.3969958370E+04    9.1812758837E-06
    3.3983470680E+04    7.3381444179E-06
    3.3996983000E+04    9.1155885510E-06
    3.4010495310E+04    6.5675138184E-06
    3.4024007630E+04    6.5753172885E-06
    3.4037519940E+04    6.5317947603E-06
    3.4051032250E+04    4.8568520189E-06
    3.4064544570E+04    6.2797253771E-06
    3.4078056880E+04    6.0907146432E-06
    3.4091569200E+04    8.2202159286E-06
    3.4105081510E+04    7.4855694898E-06
    3.4118593830E+04    6.7009630558E-06
    3.4132106140E+04    6.3834600163E-06
    3.4145618460E+04    6.4244401836E-06
    3.4159130770E+04    9.4536631105E-06
    3.4172643080E+04    7.8000954617E-06
    3.4186155400E+04    7.5075905455E-06
    3.4199667710E+04    5.3465935447E-06
    3.4213180030E+04    4.6634139759E-06
    3.4226692340E+04    6.9203588893E-06
    3.4240204660E+04    5.1321656806E-06
    3.4253716970E+04    6.2737175959E-06
    3.4267229280E+04    3.8608777128E-06
    3.4280741600E+04    2.0934303523E-06
    3.4294253910E+04    2.5138930629E-06
    3.4307766230E+04    1.8635982594E-06
    3.4321278540E+04    4.2926885918E-06
    3.4334790860E+04    3.7993449145E-06
    3.4348303170E+04    4.1618309447E-06
    3.4361815490E+04    3.2550634632E-06
    3.4375327800E+04    1.8059481336E-06
    3.4388840110E+04    6.8324501310E-06
    3.4402352430E+04    7.3621523736E-06
    3.4415864740E+04    1.2882449591E-05
    3.4429377060E+04    1.4706141257E-05
    3.4442889370E+04    1.3068546311E-05
    3.4456401690E+04    1.4082407869E-05
    3.4469914000E+04    1.2044215009E-05
    3.4483426310E+04    1.3802205693E-05
    3.4496938630E+04    1.0409201048E-05
    3.4510450940E+04    8.6565198133E-06
    3.4523963260E+04    8.9976673992E-06
    3.4537475570E+04    7.4621763741E-06
    3.4550987890E+04    9.3477266078E-06
    3.4564500200E+04    5.5590135888E-06
    3.4578012520E+04    6.5903514225E-06
    3.4591524830E+04    7.4237210684E-06
    3.4605037140E+04    7.4023065924E-06
    3.4618549460E+04    1.4002647420E-05
    3.4632061770E+04    1.2732293707E-05
    3.4645574090E+04    1.3787832141E-05
    3.4659086400E+04    1.5589762920E-05
    3.4672598720E+04    1.5056277605E-05
    3.4686111030E+04    1.8627907138E-05
    3.4699623350E+04    1.4540778735E-05
    3.4713135660E+04    1.9101679611E-05
    3.4726647970E+04    2.1604863337E-05
    3.4740160290E+04    1.6687474879E-05
    3.4753672600E+04    2.0311265609E-05
    3.4767184920E+04    2.0192485024E-05
    3.4780697230E+04    2.2646209262E-05
    3.4794209550E+04    2.1235730321E-05
    3.4807721860E+04    1.8061551745E-05
    3.4821234170E+04    2.1698382179E-05
    3.4834746490E+04    1.7300986564E-05
    3.4848258800E+04    1.6337347316E-05
    3.4861771120E+04    1.3495396153E-05
    3.4875283430E+04    1.1130687022E-05
    3.4888795750E+04    1.2670422000E-05
    3.4902308060E+04    7.9712669297E-06
    3.4915820380E+04    1.2980888439E-05
    3.4929332690E+04    1.7456544121E-05
    3.4942845000E+04    1.6227319685E-05
    3.4956357320E+04    1.7958835025E-05
    3.4969869630E+04    1.7084361640E-05
    3.4983381950E+04    2.1884092020E-05
    3.4996894260E+04    2.7623338888E-05
    3.5010406580E+04    2.8718994655E-05
    3.5023918890E+04    3.5608960584E-05
    3.5037431200E+04    3.3267759835E-05
    3.5050943520E+04    3.2680176795E-05
    3.5064455830E+04    3.3446304832E-05
    3.5077968150E+04    3.1472585447E-05
    3.5091480460E+04    3.4882878147E-05
    3.5104992780E+04    3.2031336638E-05
    3.5118505090E+04    3.4122126704E-05
    3.5132017410E+04    3.7893918485E-05
    3.5145529720E+04    3.6797125662E-05
    3.5159042030E+04    3.8647798191E-05
    3.5172554350E+04    3.4027867868E-05
    3.5186066660E+04    3.3091633761E-05
    3.5199578980E+04    3.3660398267E-05
    3.5213091290E+04    2.9498109762E-05
    3.5226603610E+04    3.1972087366E-05
    3.5240115920E+04    3.3102264699E-05
    3.5253628240E+04    3.2995129026E-05
    3.5267140550E+04    3.2197002116E-05
    3.5280652860E+04    2.8197814314E-05
    3.5294165180E+04    3.1731089718E-05
    3.5307677490E+04    3.0757045089E-05
    3.5321189810E+04    2.9527969580E-05
    3.5334702120E+04    3.0488556218E-05
    3.5348214440E+04    2.8484472067E-05
    3.5361726750E+04    3.2820415308E-05
    3.5375239060E+04    3.4067071728E-05
    3.5388751380E+04    3.0864587865E-05
    3.5402263690E+04    3.1657495710E-05
    3.5415776010E+04    2.5595403421E-05
    3.5429288320E+04    2.3747032050E-05
    3.5442800640E+04    2.3986302047E-05
    3.5456312950E+04    2.2782816639E-05
    3.5469825270E+04    2.4697979310E-05
    3.5483337580E+04    2.1406702792E-05
    3.5496849890E+04    2.0492582865E-05
    3.5510362210E+04    2.1189993137E-05
    3.5523874520E+04    1.8941370078E-05
    3.5537386840E+04    2.2516420925E-05
    3.5550899150E+04    1.9107732346E-05
    3.5564411470E+04    1.3853492958E-05
    3.5577923780E+04    1.4031607596E-05
    3.5591436090E+04    1.4700507532E-05
    3.5604948410E+04    1.7584034944E-05
    3.5618460720E+04    1.7197441325E-05
    3.5631973040E+04    1.4670903268E-05
    3.5645485350E+04    1.7477898052E-05
    3.5658997670E+04    1.4801066363E-05
    3.5672509980E+04    1.3765316646E-05
    3.5686022300E+04    1.6377743959E-05
    3.5699534610E+04    1.4812538359E-05
    3.5713046920E+04    1.2775579395E-05
    3.5726559240E+04    9.7475463298E-06
    3.5740071550E+04    9.2238334283E-06
    3.5753583870E+04    1.1769975378E-05
    3.5767096180E+04    9.1994710086E-06
    3.5780608500E+04    9.1715885443E-06
    3.5794120810E+04    8.4088922810E-06
    3.5807633120E+04    3.3155849417E-06
    3.5821145440E+04    2.5435456749E-06
    3.5834657750E+04    1.4122738554E-06
    3.5848170070E+04    1.9189534554E-06
    3.5861682380E+04    1.1165631422E-06
    3.5875194700E+04    1.4650189944E-08
    3.5888707010E+04    5.0508545295E-09
    3.5902219330E+04    3.5075520927E-07
    3.5915731640E+04    7.1314935469E-07
    3.5929243950E+04    9.7147862266E-07
    3.5942756270E+04    1.8062549994E-07
    3.5956268580E+04    5.0593582570E-09
    3.5969780900E+04    5.0610935114E-09
    3.5983293210E+04    5.0626671882E-09
    3.5996805530E+04    1.5484334523E-08
    3.6010317840E+04    1.7226720749E-08
    3.6023830160E+04    5.0681326558E-09
    3.6037342470E+04    1.5838448976E-07
    3.6050854780E+04    5.9173021709E-07
    3.6064367100E+04    9.3244120416E-07
    3.6077879410E+04    1.7249763067E-06
    3.6091391730E+04    2.0911560393E-07
    3.6104904040E+04    4.7209515131E-07
    3.6118416360E+04    1.7240001207E-06
    3.6131928670E+04    2.5447817132E-06
    3.6145440980E+04    3.6860261739E-06
    3.6158953300E+04    2.6003629779E-06
    3.6172465610E+04    2.0019879796E-06
    3.6185977930E+04    2.1152586017E-06
    3.6199490240E+04    1.9827436206E-06
    3.6213002560E+04    3.6630474506E-06
    3.6226514870E+04    4.2580736148E-06
    3.6240027190E+04    2.2825570601E-06
    3.6253539500E+04    2.8847104682E-06
    3.6267051810E+04    2.0631353108E-06
    3.6280564130E+04    4.3915982645E-07
    3.6294076440E+04    8.6104081665E-07
    3.6307588760E+04    5.0999547483E-09
    3.6321101070E+04    5.1010512016E-09
    3.6334613390E+04    5.1019484568E-09
    3.6348125700E+04    5.1028617792E-09
    3.6361638010E+04    2.9076541261E-08
    3.6375150330E+04    1.2357839975E-07
    3.6388662640E+04    5.1062959500E-09
    3.6402174960E+04    1.1432814883E-07
    3.6415687270E+04    2.2331940816E-06
    3.6429199590E+04    2.1232581540E-06
    3.6442711900E+04    1.4668495390E-06
    3.6456224220E+04    1.6989183001E-08
    3.6469736530E+04    4.3713303045E-07
    3.6483248840E+04    2.3861404490E-06
    3.6496761160E+04    4.9701819704E-07
    3.6510273470E+04    1.7085042012E-06
    3.6523785790E+04    2.2708878945E-06
    3.6537298100E+04    1.9650059923E-06
    3.6550810420E+04    5.9269594785E-06
    3.6564322730E+04    5.1118881638E-06
    3.6577835040E+04    2.0353476201E-06
    3.6591347360E+04    2.7199198426E-06
    3.6604859670E+04    2.9773609890E-07
    3.6618371990E+04    1.4462060899E-08
    3.6631884300E+04    4.8737343475E-07
    3.6645396620E+04    5.3547219904E-08
    3.6658908930E+04    5.1480610986E-09
    3.6672421250E+04    5.1495133548E-09
    3.6685933560E+04    5.1510912442E-09
    3.6699445870E+04    1.2558708756E-07
    3.6712958190E+04    3.0867064174E-07
    3.6726470500E+04    1.0187343640E-08
    3.6739982820E+04    5.1646319202E-09
    3.6753495130E+04    5.1664583777E-09
    3.6767007450E+04    5.1684856510E-09
    3.6780519760E+04    5.1705753746E-09
    3.6794032080E+04    5.1727669270E-09
    3.6807544390E+04    5.1749702002E-09
    3.6821056700E+04    5.1769234809E-09
    3.6834569020E+04    5.1790444537E-09
    3.6848081330E+04    5.1812631451E-09
    3.6861593650E+04    5.1832259213E-09
    3.6875105960E+04    5.1852594889E-09
    3.6888618280E+04    5.1871380042E-09
    3.6902130590E+04    5.1885887430E-09
    3.6915642900E+04    5.1891254543E-09
    3.6929155220E+04    5.1897595927E-09
    3.6942667530E+04    5.1964774990E-09
    3.6956179850E+04    5.1972937875E-09
    3.6969692160E+04    5.1978945006E-09
    3.6983204480E+04    5.1985120494E-09
    3.6996716790E+04    5.1992704320E-09
    3.7010229110E+04    5.1997996766E-09
    3.7023741420E+04    5.2002559757E-09
    3.7037253730E+04    5.2007829240E-09
    3.7050766050E+04    5.2012376326E-09
    3.7064278360E+04    5.2018167334E-09
    3.7077790680E+04    5.2024268177E-09
    3.7091302990E+04    5.2029377413E-09
    3.7104815310E+04    5.2038541599E-09
    3.7118327620E+04    5.2051971145E-09
    3.7131839930E+04    5.2064511604E-09
    3.7145352250E+04    5.2078043567E-09
    3.7158864560E+04    5.2090683004E-09
    3.7172376880E+04    5.2102483710E-09
    3.7185889190E+04    5.2114601262E-09
    3.7199401510E+04    5.2126271609E-09
    3.7212913820E+04    5.2139643245E-09
    3.7226426140E+04    5.2154500870E-09
    3.7239938450E+04    5.2168114049E-09
    3.7253450760E+04    5.2182703693E-09
    3.7266963080E+04    5.2197890307E-09
    3.7280475390E+04    5.2211312068E-09
    3.7293987710E+04    5.2225184805E-09
    3.7307500020E+04    5.2239471399E-09
    3.7321012340E+04    5.2253241558E-09
    3.7334524650E+04    5.2268055590E-09
    3.7348036960E+04    5.2282453850E-09
    3.7361549280E+04    5.2357158520E-09
    3.7375061590E+04    5.2373437971E-09
    3.7388573910E+04    5.2389572475E-09
    3.7402086220E+04    5.2416835698E-09
    3.7415598540E+04    1.0259805077E-07
    3.7429110850E+04    1.0701806743E-07
    3.7442623170E+04    8.3949176990E-09
    3.7456135480E+04    2.1846016199E-07
    3.7469647790E+04    3.0054779960E-06
    3.7483160110E+04    2.6170587751E-06
    3.7496672420E+04    1.5394861951E-06
    3.7510184740E+04    6.4146379924E-07
    3.7523697050E+04    1.2626980437E-06
    3.7537209370E+04    3.3309096119E-06
    3.7550721680E+04    2.8030016758E-06
    3.7564234000E+04    1.8452468597E-06
    3.7577746310E+04    2.9129640669E-06
    3.7591258620E+04    4.3818363858E-06
    3.7604770940E+04    4.6018378454E-06
    3.7618283250E+04    3.7081532797E-06
    3.7631795570E+04    4.0014175013E-08
    3.7645307880E+04    4.5961062134E-08
    3.7658820200E+04    1.3911370470E-06
    3.7672332510E+04    3.4396261877E-06
    3.7685844820E+04    3.2546949563E-06
    3.7699357140E+04    2.8392231931E-06
    3.7712869450E+04    2.0642919288E-06
    3.7726381770E+04    2.3226533060E-06
    3.7739894080E+04    4.1513884164E-06
    3.7753406400E+04    3.9639579833E-06
    3.7766918710E+04    4.0344509261E-06
    3.7780431030E+04    6.2727840766E-06
    3.7793943340E+04    6.7465770812E-06
    3.7807455650E+04    7.7913268061E-06
    3.7820967970E+04    1.1562003338E-05
    3.7834480280E+04    1.0772209198E-05
    3.7847992600E+04    9.8314979836E-06
    3.7861504910E+04    9.4419663098E-06
    3.7875017230E+04    7.3745503761E-06
    3.7888529540E+04    6.6029638473E-06
    3.7902041850E+04    5.1061732252E-06
    3.7915554170E+04    4.3431384737E-06
    3.7929066480E+04    5.6900055996E-06
    3.7942578800E+04    7.5957048179E-06
    3.7956091110E+04    5.8809942259E-06
    3.7969603430E+04    6.2573341539E-06
    3.7983115740E+04    7.8051340245E-06
    3.7996628060E+04    6.7780060865E-06
    3.8010140370E+04    6.5857316029E-06
    3.8023652680E+04    4.1940968300E-06
    3.8037165000E+04    3.7430252420E-07
    3.8050677310E+04    1.8837312715E-06
    3.8064189630E+04    7.0837361931E-06
    3.8077701940E+04    1.0051462342E-05
    3.8091214260E+04    1.0442775803E-05
    3.8104726570E+04    6.0227738582E-06
    3.8118238890E+04    6.8747983524E-07
    3.8131751200E+04    1.1916570666E-06
    3.8145263510E+04    2.3898111558E-06
    3.8158775830E+04    2.7927234478E-06
    3.8172288140E+04    3.6237742294E-06
    3.8185800460E+04    3.7307651860E-06
    3.8199312770E+04    2.6010587122E-06
    3.8212825090E+04    2.5079311938E-06
    3.8226337400E+04    3.1143361389E-06
    3.8239849710E+04    3.7792914523E-06
    3.8253362030E+04    4.4164946589E-06
    3.8266874340E+04    5.6126988434E-06
    3.8280386660E+04    5.5534351113E-06
    3.8293898970E+04    6.4924107966E-06
    3.8307411290E+04    5.5014767359E-06
    3.8320923600E+04    2.8798593667E-06
    3.8334435920E+04    4.6925598573E-06
    3.8347948230E+04    8.0234577287E-06
    3.8361460540E+04    7.3233082307E-06
    3.8374972860E+04    8.8737854182E-06
    3.8388485170E+04    7.6496951527E-06
    3.8401997490E+04    2.3040266874E-06
    3.8415509800E+04    1.7784682977E-06
    3.8429022120E+04    1.5690705287E-06
    3.8442534430E+04    3.3834356295E-06
    3.8456046740E+04    5.0656734688E-06
    3.8469559060E+04    5.5255737494E-06
    3.8483071370E+04    4.8900415380E-06
    3.8496583690E+04    4.3037488384E-06
    3.8510096000E+04    2.0079884802E-06
    3.8523608320E+04    8.7754793284E-08
    3.8537120630E+04    3.0709098817E-07
    3.8550632950E+04    2.1821028901E-06
    3.8564145260E+04    5.3879979378E-07
    3.8577657570E+04    9.0839363619E-08
    3.8591169890E+04    1.1940239452E-06
    3.8604682200E+04    6.9207773507E-07
    3.8618194520E+04    2.7263104533E-07
    3.8631706830E+04    1.4702163155E-06
    3.8645219150E+04    7.0952025157E-07
    3.8658731460E+04    4.1996249604E-08
    3.8672243770E+04    1.0569233497E-06
    3.8685756090E+04    2.9349234163E-06
    3.8699268400E+04    2.2786082291E-06
    3.8712780720E+04    1.0499858221E-06
    3.8726293030E+04    4.3062526786E-08
    3.8739805350E+04    5.2997319557E-09
    3.8753317660E+04    3.5574260270E-08
    3.8766829980E+04    2.9605222086E-06
    3.8780342290E+04    3.2640191004E-06
    3.8793854600E+04    3.3520856263E-06
    3.8807366920E+04    3.3171337858E-06
    3.8820879230E+04    4.5735879299E-06
    3.8834391550E+04    7.9031751545E-06
    3.8847903860E+04    6.0842361781E-06
    3.8861416180E+04    4.1139008744E-06
    3.8874928490E+04    4.5549992344E-06
    3.8888440810E+04    3.9788201078E-06
    3.8901953120E+04    3.6776737844E-06
    3.8915465430E+04    4.4204284050E-06
    3.8928977750E+04    7.0341355991E-06
    3.8942490060E+04    6.7229017745E-06
    3.8956002380E+04    7.4597324854E-06
    3.8969514690E+04    8.9461102169E-06
    3.8983027010E+04    7.3693697800E-06
    3.8996539320E+04    7.8724319071E-06
    3.9010051630E+04    9.3815247121E-06
    3.9023563950E+04    8.0409745435E-06
    3.9037076260E+04    8.7617620782E-06
    3.9050588580E+04    8.1237661599E-06
    3.9064100890E+04    6.6854247919E-06
    3.9077613210E+04    5.0764339109E-06
    3.9091125520E+04    6.8429974026E-06
    3.9104637840E+04    7.5185014003E-06
    3.9118150150E+04    7.4964290771E-06
    3.9131662460E+04    9.3528040928E-06
    3.9145174780E+04    9.1199480386E-06
    3.9158687090E+04    8.1448525319E-06
    3.9172199410E+04    9.8098209097E-06
    3.9185711720E+04    8.4712622324E-06
    3.9199224040E+04    9.5333038009E-06
    3.9212736350E+04    1.3281234587E-05
    3.9226248660E+04    1.3765006181E-05
    3.9239760980E+04    1.0294918225E-05
    3.9253273290E+04    8.8226297308E-06
    3.9266785610E+04    7.9545470602E-06
    3.9280297920E+04    5.7764341794E-06
    3.9293810240E+04    7.6654113978E-06
    3.9307322550E+04    1.2298825748E-05
    3.9320834870E+04    1.0952549338E-05
    3.9334347180E+04    9.4069945397E-06
    3.9347859490E+04    9.4837512829E-06
    3.9361371810E+04    7.4312815994E-06
    3.9374884120E+04    7.2393594056E-06
    3.9388396440E+04    7.9937086095E-06
    3.9401908750E+04    7.6940331725E-06
    3.9415421070E+04    6.5635729525E-06
    3.9428933380E+04    6.9767347231E-06
    3.9442445690E+04    7.2010697048E-06
    3.9455958010E+04    5.1911342782E-06
    3.9469470320E+04    3.5988161717E-06
    3.9482982640E+04    2.8821007065E-06
    3.9496494950E+04    1.7948161545E-06
    3.9510007270E+04    1.1068625858E-06
    3.9523519580E+04    4.3614190183E-06
    3.9537031900E+04    4.6175069377E-06
    3.9550544210E+04    3.8833619305E-06
    3.9564056520E+04    3.8883829986E-06
    3.9577568840E+04    1.7822881648E-06
    3.9591081150E+04    6.7199825073E-09
    3.9604593470E+04    5.4861636005E-07
    3.9618105780E+04    2.4922576867E-06
    3.9631618100E+04    3.4713525276E-06
    3.9645130410E+04    4.5723902508E-06
    3.9658642730E+04    5.7535287903E-06
    3.9672155040E+04    4.4834476735E-06
    3.9685667350E+04    3.2358332351E-06
    3.9699179670E+04    2.2291354519E-06
    3.9712691980E+04    1.9066616452E-07
    3.9726204300E+04    1.6987791128E-07
    3.9739716610E+04    6.0452955081E-07
    3.9753228930E+04    1.6075840653E-06
    3.9766741240E+04    3.0532146008E-06
    3.9780253550E+04    3.8963419838E-06
    3.9793765870E+04    2.3659927452E-06
    3.9807278180E+04    8.6905009322E-07
    3.9820790500E+04    3.6321510054E-07
    3.9834302810E+04    9.6762832444E-07
    3.9847815130E+04    1.8567658244E-06
    3.9861327440E+04    2.4051974854E-06
    3.9874839760E+04    2.0568455828E-06
    3.9888352070E+04    1.2947019523E-06
    3.9901864380E+04    1.1826838779E-06
    3.9915376700E+04    2.3533656783E-06
    3.9928889010E+04    1.5844205331E-06
    3.9942401330E+04    2.4565578137E-07
    3.9955913640E+04    1.9192858995E-07
    3.9969425960E+04    1.1351552298E-06
    3.9982938270E+04    3.0597553069E-06
    3.9996450580E+04    4.8306063443E-06
    4.0009962900E+04    5.0465490660E-06
    4.0023475210E+04    4.0343377127E-06
    4.0036987530E+04    3.3840381740E-06
    4.0050499840E+04    2.8228662306E-06
    4.0064012160E+04    1.3112915972E-06
    4.0077524470E+04    1.3863758872E-06
    4.0091036790E+04    1.6938327631E-06
    4.0104549100E+04    1.4804783883E-06
    4.0118061410E+04    1.9415522013E-06
    4.0131573730E+04    3.0483066855E-06
    4.0145086040E+04    2.7790916123E-06
    4.0158598360E+04    1.1084155234E-06
    4.0172110670E+04    1.3550786263E-06
    4.0185622990E+04    2.2221978376E-06
    4.0199135300E+04    3.3963762913E-06
    4.0212647610E+04    3.8206471680E-06
    4.0226159930E+04    3.4610383088E-06
    4.0239672240E+04    2.0285608300E-06
    4.0253184560E+04    1.0097515920E-06
    4.0266696870E+04    1.3409660461E-06
    4.0280209190E+04    1.0761576284E-06
    4.0293721500E+04    9.5081164022E-07
    4.0307233820E+04    1.3019667477E-06
    4.0320746130E+04    1.7890085123E-06
    4.0334258440E+04    1.8621607331E-06
    4.0347770760E+04    1.9265867945E-06
    4.0361283070E+04    2.3518525552E-06
    4.0374795390E+04    1.6363970374E-06
    4.0388307700E+04    8.2003449231E-07
    4.0401820020E+04    9.9959376320E-07
    4.0415332330E+04    1.4793957489E-06
    4.0428844650E+04    1.6255290619E-06
    4.0442356960E+04    1.3396502785E-06
    4.0455869270E+04    1.0384565472E-06
    4.0469381590E+04    6.5644726348E-07
    4.0482893900E+04    6.8266503225E-07
    4.0496406220E+04    8.7219124143E-07
    4.0509918530E+04    1.1419498189E-06
    4.0523430850E+04    1.0628648261E-06
    4.0536943160E+04    1.0638124660E-06
    4.0550455470E+04    1.0494236088E-06
    4.0563967790E+04    7.2839377313E-07
    4.0577480100E+04    5.8691799918E-07
    4.0590992420E+04    4.7287942763E-07
    4.0604504730E+04    3.9633491190E-07
    4.0618017050E+04    4.0515615822E-07
    4.0631529360E+04    7.1910304817E-07
    4.0645041680E+04    6.4555467102E-07
    4.0658553990E+04    5.1549455438E-07
    4.0672066300E+04    5.2836765150E-07
    4.0685578620E+04    5.1021342597E-07
    4.0699090930E+04    3.9168663572E-07
    4.0712603250E+04    3.1350231969E-07
    4.0726115560E+04    4.5102086796E-07
    4.0739627880E+04    4.5894687399E-07
    4.0753140190E+04    3.9104459427E-07
    4.0766652500E+04    3.6446758284E-07
    4.0780164820E+04    3.5978628052E-07
    4.0793677130E+04    3.2535324901E-07
    4.0807189450E+04    3.0660034700E-07
    4.0820701760E+04    3.1642884644E-07
    4.0834214080E+04    2.2629923165E-07
    4.0847726390E+04    1.3267126760E-07
    4.0861238710E+04    8.5267129721E-08
    4.0874751020E+04    8.0546116878E-08
    4.0888263330E+04    6.3217637347E-08
    4.0901775650E+04    5.6714236373E-08
    4.0915287960E+04    4.7421220627E-08
    4.0928800280E+04    6.3089651952E-08
    4.0942312590E+04    9.4554384622E-08
    4.0955824910E+04    1.3194639954E-07
    4.0969337220E+04    1.0135186649E-07
    4.0982849530E+04    3.6927434514E-08
    4.0996361850E+04    4.0988238040E-08
    4.1009874160E+04    4.5694805820E-08
    4.1023386480E+04    4.9901147472E-08
    4.1036898790E+04    5.4383723179E-08
    4.1050411110E+04    8.8451915136E-08
    4.1063923420E+04    8.0075182959E-08
    4.1077435740E+04    5.1093305080E-08
    4.1090948050E+04    4.9102821123E-08
    4.1104460360E+04    3.8273415899E-08
    4.1117972680E+04    1.6750781577E-08
    4.1131484990E+04    3.9210981989E-09
    4.1144997310E+04    4.6865566560E-09
    4.1158509620E+04    1.2360870297E-10
    4.1172021940E+04    4.6571339828E-11
    4.1185534250E+04    4.4213948112E-11
    4.1199046570E+04    4.1984872858E-11
    4.1212558880E+04    3.9585392797E-11
    4.1226071190E+04    1.5777921530E-09
    4.1239583510E+04    1.0323957524E-08
    4.1253095820E+04    1.4522987891E-08
    4.1266608140E+04    1.2986099615E-08
    4.1280120450E+04    1.8453021807E-08
    4.1293632770E+04    1.9663985784E-08
    4.1307145080E+04    9.2135465112E-09
    4.1320657390E+04    1.0189462233E-08
    4.1334169710E+04    1.6946732390E-08
    4.1347682020E+04    1.1483832111E-08
    4.1361194340E+04    5.1147683517E-09
    4.1374706650E+04    9.7363046622E-09
    4.1388218970E+04    1.7018250519E-08
    4.1401731280E+04    5.0585991509E-09
    4.1415243600E+04    4.2865217682E-10
    4.1428755910E+04    4.1298287996E-09
    4.1442268220E+04    3.9305913541E-09
    4.1455780540E+04    3.9906951913E-09
    4.1469292850E+04    1.6152121289E-09
    4.1482805170E+04    8.1795941673E-09
    4.1496317480E+04    1.3585799575E-08
    4.1509829800E+04    1.5748952696E-08
    4.1523342110E+04    1.5449064774E-08
    4.1536854420E+04    1.1633090209E-08
    4.1550366740E+04    1.0015876763E-08
    4.1563879050E+04    1.1682751783E-08
    4.1577391370E+04    1.3212992274E-08
    4.1590903680E+04    8.8981601135E-09
    4.1604416000E+04    5.6401473874E-09
    4.1617928310E+04    5.1518526703E-09
    4.1631440630E+04    4.5734177307E-09
    4.1644952940E+04    4.6906292041E-09
    4.1658465250E+04    7.4509818596E-09
    4.1671977570E+04    6.9717802037E-09
    4.1685489880E+04    5.4110110891E-09
    4.1699002200E+04    5.1598651533E-09
    4.1712514510E+04    6.7549271712E-09
    4.1726026830E+04    8.9392082472E-09
    4.1739539140E+04    9.2251302157E-09
    4.1753051460E+04    9.3746633784E-09
    4.1766563770E+04    8.5618346561E-09
    4.1780076080E+04    6.9103978754E-09
    4.1793588400E+04    7.1227823825E-09
    4.1807100710E+04    1.0062768050E-08
    4.1820613030E+04    1.0795839903E-08
    4.1834125340E+04    1.0672050853E-08
    4.1847637660E+04    9.8807811783E-09
    4.1861149970E+04    1.0676127590E-08
    4.1874662280E+04    8.1016684828E-09
    4.1888174600E+04    6.5654322274E-09
    4.1901686910E+04    6.4664278998E-09
    4.1915199230E+04    6.8913284819E-09
    4.1928711540E+04    4.9771224073E-09
    4.1942223860E+04    4.7332785150E-09
    4.1955736170E+04    5.7312039343E-09
    4.1969248490E+04    5.7354755429E-09
    4.1982760800E+04    5.0482596091E-09
    4.1996273110E+04    6.0020101231E-09
    4.2009785430E+04    7.6412412714E-09
    4.2023297740E+04    6.4565375318E-09
    4.2036810060E+04    4.8670728629E-09
    4.2050322370E+04    4.4244267075E-09
    4.2063834690E+04    5.2018834158E-09
    4.2077347000E+04    4.3431853375E-09
    4.2090859310E+04    4.3437197843E-09
    4.2104371630E+04    4.7393169004E-09
    4.2117883940E+04    4.6138865036E-09
    4.2131396260E+04    3.1100836237E-09
    4.2144908570E+04    3.3189512542E-09
    4.2158420890E+04    3.4778112373E-09
    4.2171933200E+04    2.8873162786E-09
    4.2185445520E+04    1.9388633911E-09
    4.2198957830E+04    2.2638520399E-09
    4.2212470140E+04    1.4452330493E-09
    4.2225982460E+04    8.2893832132E-10
    4.2239494770E+04    5.8089656060E-10
    4.2253007090E+04    1.2819524035E-09
    4.2266519400E+04    1.5577615802E-09
    4.2280031720E+04    1.6215713367E-09
    4.2293544030E+04    2.0383613669E-09
    4.2307056340E+04    2.7418164776E-09
    4.2320568660E+04    1.7111928349E-09
    4.2334080970E+04    1.1919449567E-09
    4.2347593290E+04    1.1934736917E-09
    4.2361105600E+04    1.7516312219E-09
    4.2374617920E+04    1.4576823817E-09
    4.2388130230E+04    1.8083006043E-09
    4.2401642550E+04    2.3579252074E-09
    4.2415154860E+04    1.9877329859E-09
    4.2428667170E+04    8.2180588403E-10
    4.2442179490E+04    4.2035978590E-10
    4.2455691800E+04    2.5923441900E-10
    4.2469204120E+04    6.8242740772E-11
    4.2482716430E+04    4.0785047791E-12
    4.2496228750E+04    6.5770088575E-13
    4.2509741060E+04    7.9625935451E-11
    4.2523253380E+04    3.6179238231E-10
    4.2536765690E+04    4.1288050054E-10
    4.2550278000E+04    6.4257908933E-10
    4.2563790320E+04    7.8995002119E-10
    4.2577302630E+04    6.1514179842E-10
    4.2590814950E+04    5.1009777607E-10
    4.2604327260E+04    3.4619915017E-10
    4.2617839580E+04    2.3284939979E-10
    4.2631351890E+04    2.1510975145E-10
    4.2644864200E+04    3.7361563199E-10
    4.2658376520E+04    6.9839960055E-10
    4.2671888830E+04    5.5012871234E-10
    4.2685401150E+04    3.2261670321E-10
    4.2698913460E+04    3.6354042524E-10
    4.2712425780E+04    2.8798646234E-10
    4.2725938090E+04    5.9223775022E-11
    4.2739450410E+04    6.2467830288E-13
    4.2752962720E+04    1.5448275135E-11
    4.2766475030E+04    1.8515178955E-10
    4.2779987350E+04    1.9074790641E-10
    4.2793499660E+04    1.6168641641E-10
    4.2807011980E+04    2.8638772953E-10
    4.2820524290E+04    4.3807859087E-10
    4.2834036610E+04    5.5026935803E-10
    4.2847548920E+04    7.5954379835E-10
    4.2861061230E+04    7.0873117104E-10
    4.2874573550E+04    2.9249621543E-10
    4.2888085860E+04    1.1195343056E-10
    4.2901598180E+04    7.1780601419E-11
    4.2915110490E+04    1.9016431534E-10
    4.2928622810E+04    3.0248872903E-10
    4.2942135120E+04    4.8063795024E-10
    4.2955647440E+04    8.0346520286E-10
    4.2969159750E+04    7.4239278898E-10
    4.2982672060E+04    2.3465898360E-10
    4.2996184380E+04    1.7258099936E-10
    4.3009696690E+04    1.7793656484E-10
    4.3023209010E+04    1.2178795002E-10
    4.3036721320E+04    8.7115015474E-11
    4.3050233640E+04    1.2413894546E-10
    4.3063745950E+04    2.8298198928E-10
    4.3077258260E+04    3.3626830710E-10
    4.3090770580E+04    3.0577601441E-10
    4.3104282890E+04    3.5529707849E-10
    4.3117795210E+04    4.9010419225E-10
    4.3131307520E+04    2.4977488944E-10
    4.3144819840E+04    1.3009874587E-10
    4.3158332150E+04    1.1164816799E-10
    4.3171844470E+04    1.1997406119E-10
    4.3185356780E+04    7.1927018393E-11
    4.3198869090E+04    1.0331078177E-10
    4.3212381410E+04    2.2398208751E-10
    4.3225893720E+04    3.8675474741E-10
    4.3239406040E+04    2.2896229620E-10
    4.3252918350E+04    2.2182302710E-10
    4.3266430670E+04    2.3634439706E-10
    4.3279942980E+04    1.0030481376E-10
    4.3293455300E+04    5.4118063869E-12
    4.3306967610E+04    1.4079047464E-11
    4.3320479920E+04    4.2485926920E-12
    4.3333992240E+04    8.5959224230E-12
    4.3347504550E+04    3.4699529239E-13
    4.3361016870E+04    3.5266467326E-13
    4.3374529180E+04    6.6596443480E-12
    4.3388041500E+04    4.2272290823E-10
    4.3401553810E+04    5.4632344800E-10
    4.3415066120E+04    7.9326410187E-10
    4.3428578440E+04    8.0912020569E-10
    4.3442090750E+04    4.4907061158E-10
    4.3455603070E+04    2.0134208963E-10
    4.3469115380E+04    2.7594301695E-10
    4.3482627700E+04    3.8424088268E-10
    4.3496140010E+04    3.9549895180E-10
    4.3509652330E+04    2.9787584682E-10
    4.3523164640E+04    3.7114387773E-10
    4.3536676950E+04    4.0785333906E-10
    4.3550189270E+04    2.3884604809E-10
    4.3563701580E+04    6.2045414758E-11
    4.3577213900E+04    2.9711780545E-11
    4.3590726210E+04    8.3910919359E-11
    4.3604238530E+04    8.4146333133E-11
    4.3617750840E+04    9.1633649581E-11
    4.3631263150E+04    1.1881370024E-10
    4.3644775470E+04    3.4260087883E-10
    4.3658287780E+04    2.4676720158E-10
    4.3671800100E+04    2.8081483186E-10
    4.3685312410E+04    3.9459004098E-10
    4.3698824730E+04    2.7679622617E-10
    4.3712337040E+04    3.2968397922E-11
    4.3725849360E+04    2.8338961959E-11
    4.3739361670E+04    1.0727470806E-10
    4.3752873980E+04    2.7967236289E-10
    4.3766386300E+04    1.4898029145E-10
    4.3779898610E+04    1.6980014436E-10
    4.3793410930E+04    3.8622675665E-10
    4.3806923240E+04    7.6905540301E-10
    4.3820435560E+04    3.2179088370E-10
    4.3833947870E+04    2.7776863390E-10
    4.3847460180E+04    4.0959453465E-10
    4.3860972500E+04    5.4107977558E-10
    4.3874484810E+04    2.7842799420E-10
    4.3887997130E+04    2.7163109012E-10
    4.3901509440E+04    5.4838371627E-10
    4.3915021760E+04    3.5281284116E-10
    4.3928534070E+04    1.2473993849E-10
    4.3942046390E+04    1.2153095676E-10
    4.3955558700E+04    5.0681201972E-10
    4.3969071010E+04    4.8034054882E-10
    4.3982583330E+04    3.3565066448E-10
    4.3996095640E+04    2.6117433951E-10
    4.4009607960E+04    4.8402873435E-10
    4.4023120270E+04    2.9809728411E-10
    4.4036632590E+04    1.2961009269E-10
    4.4050144900E+04    7.4609273615E-11
    4.4063657220E+04    2.9418535961E-10
    4.4077169530E+04    2.8241822803E-10
    4.4090681840E+04    2.3405537010E-10
    4.4104194160E+04    2.1758114947E-10
    4.4117706470E+04    2.4529021016E-10
    4.4131218790E+04    1.8758804300E-10
    4.4144731100E+04    1.0630742623E-10
    4.4158243420E+04    1.5427633062E-10
    4.4171755730E+04    3.1384832438E-10
    4.4185268040E+04    2.8794932158E-10
    4.4198780360E+04    7.0813028236E-11
    4.4212292670E+04    1.4142001772E-10
    4.4225804990E+04    1.6857773640E-10
    4.4239317300E+04    2.6046979457E-10
    4.4252829620E+04    1.8030350189E-10
    4.4266341930E+04    2.5819254187E-10
    4.4279854250E+04    3.5943867146E-10
    4.4293366560E+04    3.6303453312E-10
    4.4306878870E+04    7.6378613944E-11
    4.4320391190E+04    1.0531770481E-10
    4.4333903500E+04    3.2478119105E-10
    4.4347415820E+04    1.9529902165E-10
    4.4360928130E+04    1.5954739173E-12
    4.4374440450E+04    3.6927096026E-12
    4.4387952760E+04    2.0985215210E-11
    4.4401465070E+04    5.4126941430E-13
    4.4414977390E+04    1.4910777446E-13
    4.4428489700E+04    1.4922314453E-13
    4.4442002020E+04    1.4839375111E-11
    4.4455514330E+04    6.4183935735E-11
    4.4469026650E+04    5.2809273889E-11
    4.4482538960E+04    2.8737631080E-11
    4.4496051280E+04    6.9615717524E-11
    4.4509563590E+04    1.0365990653E-10
    4.4523075900E+04    4.3680259708E-11
    4.4536588220E+04    3.3516045904E-11
    4.4550100530E+04    5.9240242029E-11
    4.4563612850E+04    5.6062874113E-11
    4.4577125160E+04    2.9756611556E-11
    4.4590637480E+04    7.5866480309E-11
    4.4604149790E+04    1.8282460897E-10
    4.4617662110E+04    3.2462239282E-10
    4.4631174420E+04    3.9225707962E-11
    4.4644686730E+04    1.8228923562E-12
    4.4658199050E+04    2.1366268605E-13
    4.4671711360E+04    3.0940301460E-13
    4.4685223680E+04    1.6281006524E-13
    4.4698735990E+04    3.4528786634E-13
    4.4712248310E+04    4.1122203104E-11
    4.4725760620E+04    1.2879433080E-10
    4.4739272930E+04    1.0778983889E-10
    4.4752785250E+04    5.4795658286E-11
    4.4766297560E+04    1.5818813678E-10
    4.4779809880E+04    2.3921096334E-10
    4.4793322190E+04    2.1468304431E-10
    4.4806834510E+04    6.3953120950E-11
    4.4820346820E+04    2.8445507013E-11
    4.4833859140E+04    9.9412051017E-12
    4.4847371450E+04    3.9607910469E-13
    4.4860883760E+04    2.1467545578E-13
    4.4874396080E+04    9.8833199322E-13
    4.4887908390E+04    3.6308607606E-10
    4.4901420710E+04    3.6331894218E-10
    4.4914933020E+04    2.8273258684E-10
    4.4928445340E+04    2.0017187174E-10
    4.4941957650E+04    2.8187745590E-10
    4.4955469960E+04    2.9460495960E-10
    4.4968982280E+04    2.7068867532E-10
    4.4982494590E+04    2.1069292354E-10
    4.4996006910E+04    2.5093663325E-10
    4.5009519220E+04    3.8109595228E-10
    4.5023031540E+04    2.7674837660E-10
    4.5036543850E+04    2.4355599754E-10
    4.5050056170E+04    3.1670454579E-10
    4.5063568480E+04    3.6339535191E-10
    4.5077080790E+04    8.9344284546E-11
    4.5090593110E+04    9.4985055451E-11
    4.5104105420E+04    2.1515766159E-10
    4.5117617740E+04    3.6440704903E-10
    4.5131130050E+04    2.9402703963E-10
    4.5144642370E+04    2.1667440538E-10
    4.5158154680E+04    3.8393629650E-10
    4.5171666990E+04    3.9644033686E-10
    4.5185179310E+04    2.0509064646E-10
    4.5198691620E+04    1.8938470082E-11
    4.5212203940E+04    8.0243085597E-12
    4.5225716250E+04    1.9702911534E-10
    4.5239228570E+04    4.0638984703E-10
    4.5252740880E+04    2.9392493808E-10
    4.5266253200E+04    2.7193014484E-10
    4.5279765510E+04    4.7856456207E-10
    4.5293277820E+04    3.9437900805E-10
    4.5306790140E+04    2.5990570671E-10
    4.5320302450E+04    2.2313137489E-10
    4.5333814770E+04    5.5777087557E-10
    4.5347327080E+04    7.4827846705E-10
    4.5360839400E+04    6.1882564384E-10
    4.5374351710E+04    3.4968243882E-10
    4.5387864030E+04    3.9777509716E-10
    4.5401376340E+04    5.6553039845E-10
    4.5414888650E+04    4.9555236962E-10
    4.5428400970E+04    4.7769876270E-10
    4.5441913280E+04    4.1141113321E-10
    4.5455425600E+04    5.7695852627E-10
    4.5468937910E+04    4.0584486932E-10
    4.5482450230E+04    2.7702831139E-10
    4.5495962540E+04    2.4878779008E-10
    4.5509474850E+04    3.3893010674E-10
    4.5522987170E+04    3.9510901614E-10
    4.5536499480E+04    2.5546930654E-10
    4.5550011800E+04    3.2570622626E-10
    4.5563524110E+04    4.9507042368E-10
    4.5577036430E+04    9.5238223622E-10
    4.5590548740E+04    7.0611978153E-10
    4.5604061060E+04    4.9779186297E-10
    4.5617573370E+04    4.4174077280E-10
    4.5631085680E+04    4.0816649404E-10
    4.5644598000E+04    2.8215903715E-10
    4.5658110310E+04    1.3902572485E-10
    4.5671622630E+04    1.6771992250E-10
    4.5685134940E+04    1.5661326700E-10
    4.5698647260E+04    1.0049039705E-10
    4.5712159570E+04    1.4584027067E-11
    4.5725671880E+04    1.7091587543E-10
    4.5739184200E+04    7.3626551904E-10
    4.5752696510E+04    2.9001909055E-10
    4.5766208830E+04    1.6361006397E-10
    4.5779721140E+04    1.3521003103E-10
    4.5793233460E+04    4.0033407996E-10
    4.5806745770E+04    6.9292218513E-10
    4.5820258090E+04    8.0680690909E-10
    4.5833770400E+04    6.7816206246E-10
    4.5847282710E+04    8.3965411757E-10
    4.5860795030E+04    1.2704399317E-09
    4.5874307340E+04    6.9198578183E-10
    4.5887819660E+04    3.7414892685E-11
    4.5901331970E+04    4.0362241140E-13
    4.5914844290E+04    5.6438258160E-13
    4.5928356600E+04    6.0373051507E-13
    4.5941868910E+04    4.9921963190E-13
    4.5955381230E+04    4.9825551304E-13
    4.5968893540E+04    3.2355490027E-12
    4.5982405860E+04    2.7443548052E-10
    4.5995918170E+04    2.5888074602E-10
    4.6009430490E+04    2.4724093962E-10
    4.6022942800E+04    2.5984624509E-10
    4.6036455120E+04    3.3720202388E-10
    4.6049967430E+04    2.3219965972E-10
    4.6063479740E+04    9.8480912374E-11
    4.6076992060E+04    5.9912646239E-11
    4.6090504370E+04    1.0418213836E-11
    4.6104016690E+04    6.8759273232E-13
    4.6117529000E+04    4.5865915173E-13
    4.6131041320E+04    4.2498014775E-13
    4.6144553630E+04    5.6410633355E-13
    4.6158065950E+04    6.4890592428E-13
    4.6171578260E+04    6.3622128103E-13
    4.6185090570E+04    4.8297204290E-13
    4.6198602890E+04    9.5564730240E-12
    4.6212115200E+04    3.4019774953E-10
    4.6225627520E+04    5.6297265779E-10
    4.6239139830E+04    3.9863358325E-10
    4.6252652150E+04    7.9793839843E-11
    4.6266164460E+04    1.1481133238E-12
    4.6279676770E+04    5.8981039228E-13
    4.6293189090E+04    5.1081792670E-13
    4.6306701400E+04    3.7157878171E-13
    4.6320213720E+04    2.2521952945E-12
    4.6333726030E+04    8.2681306181E-11
    4.6347238350E+04    8.6171680602E-11
    4.6360750660E+04    1.6818235042E-11
    4.6374262980E+04    1.6773346650E-12
    4.6387775290E+04    4.6270106239E-13
    4.6401287600E+04    3.4721764452E-13
    4.6414799920E+04    2.6110606860E-13
    4.6428312230E+04    2.7697860423E-13
    4.6441824550E+04    3.5663188672E-13
    4.6455336860E+04    5.6240992012E-13
    4.6468849180E+04    2.8708841074E-12
    4.6482361490E+04    2.2648334162E-11
    4.6495873800E+04    6.4550419344E-11
    4.6509386120E+04    3.4998794915E-12
    4.6522898430E+04    5.6207405691E-13
    4.6536410750E+04    3.6756860565E-13
    4.6549923060E+04    1.1736457709E-12
    4.6563435380E+04    5.8832983346E-12
    4.6576947690E+04    6.7438739072E-13
    4.6590460010E+04    2.9340815209E-13
    4.6603972320E+04    1.7358369959E-13
    4.6617484630E+04    2.6960993361E-13
    4.6630996950E+04    3.7305843388E-13
    4.6644509260E+04    4.6563839347E-13
    4.6658021580E+04    2.9545263083E-13
    4.6671533890E+04    2.7892956377E-13
    4.6685046210E+04    4.3088638324E-13
    4.6698558520E+04    4.7451065440E-13
    4.6712070830E+04    4.2221709829E-13
    4.6725583150E+04    2.6830496730E-13
    4.6739095460E+04    3.3819579918E-13
    4.6752607780E+04    4.6848717454E-13
    4.6766120090E+04    4.3941092333E-13
    4.6779632410E+04    3.0789696002E-13
    4.6793144720E+04    2.0405941239E-13
    4.6806657040E+04    3.3999246752E-13
    4.6820169350E+04    4.0684806743E-13
    4.6833681660E+04    3.6380274578E-13
    4.6847193980E+04    2.8983408943E-13
    4.6860706290E+04    3.0107372874E-13
    4.6874218610E+04    4.8216945618E-13
    4.6887730920E+04    4.2659877668E-13
    4.6901243240E+04    3.3817378829E-13
    4.6914755550E+04    2.7673831123E-13
    4.6928267870E+04    3.4814099387E-13
    4.6941780180E+04    4.8655843863E-13
    4.6955292490E+04    3.5439755481E-13
    4.6968804810E+04    3.0558239624E-13
    4.6982317120E+04    3.0353965860E-13
    4.6995829440E+04    1.1248142919E-11
    4.7009341750E+04    1.5858176097E-10
    4.7022854070E+04    9.9423189158E-11
    4.7036366380E+04    5.6983554846E-11
    4.7049878690E+04    1.3437383931E-10
    4.7063391010E+04    2.0904965005E-10
    4.7076903320E+04    1.1835790476E-10
    4.7090415640E+04    4.3346561896E-11
    4.7103927950E+04    1.4798178568E-11
    4.7117440270E+04    1.3881525484E-11
    4.7130952580E+04    3.6990863027E-11
    4.7144464900E+04    7.8505970655E-12
    4.7157977210E+04    1.5294128490E-12
    4.7171489520E+04    3.5371404108E-13
    4.7185001840E+04    3.8953608984E-13
    4.7198514150E+04    4.0381181374E-13
    4.7212026470E+04    2.2762847574E-13
    4.7225538780E+04    2.3142095823E-13
    4.7239051100E+04    3.8759591673E-13
    4.7252563410E+04    4.1471685038E-13
    4.7266075720E+04    5.8976815285E-13
    4.7279588040E+04    3.7568506370E-12
    4.7293100350E+04    1.8519590755E-11
    4.7306612670E+04    2.9420956388E-11
    4.7320124980E+04    7.8507795606E-13
    4.7333637300E+04    2.5835784923E-13
    4.7347149610E+04    1.8292477316E-13
    4.7360661930E+04    6.9427410733E-12
    4.7374174240E+04    2.5821496242E-11
    4.7387686550E+04    5.9229296533E-13
    4.7401198870E+04    3.3213964257E-13
    4.7414711180E+04    3.0921903573E-13
    4.7428223500E+04    4.4212614303E-13
    4.7441735810E+04    4.2371682368E-13
    4.7455248130E+04    2.9781398673E-13
    4.7468760440E+04    2.6810003520E-13
    4.7482272760E+04    5.4831938165E-13
    4.7495785070E+04    2.1154626265E-11
    4.7509297380E+04    2.5566664132E-12
    4.7522809700E+04    1.7870044756E-13
    4.7536322010E+04    1.9078686873E-13
    4.7549834330E+04    2.4858671507E-13
    4.7563346640E+04    4.0196147971E-13
    4.7576858960E+04    4.0611210389E-12
    4.7590371270E+04    7.1856201736E-11
    4.7603883580E+04    2.0404027777E-10
    4.7617395900E+04    3.1360991126E-10
    4.7630908210E+04    2.6473363963E-10
    4.7644420530E+04    1.7060285449E-12
    4.7657932840E+04    2.7187983656E-13
    4.7671445160E+04    3.3482371767E-13
    4.7684957470E+04    9.1351497395E-13
    4.7698469790E+04    2.1393307618E-12
    4.7711982100E+04    1.4882514435E-13
    4.7725494410E+04    9.6278566745E-14
    4.7739006730E+04    2.4730896982E-13
    4.7752519040E+04    3.1265102781E-13
    4.7766031360E+04    5.0497403134E-13
    4.7779543670E+04    6.3495086760E-12
    4.7793055990E+04    5.7230591977E-11
    4.7806568300E+04    3.6177548254E-10
    4.7820080610E+04    1.9358905361E-10
    4.7833592930E+04    1.2066707822E-11
    4.7847105240E+04    1.2757407220E-13
    4.7860617560E+04    1.2183207715E-13
    4.7874129870E+04    2.9045873774E-13
    4.7887642190E+04    2.4942811474E-13
    4.7901154500E+04    1.9036100903E-13
    4.7914666820E+04    1.5922414572E-13
    4.7928179130E+04    1.6221558026E-12
    4.7941691440E+04    3.6624506312E-11
    4.7955203760E+04    2.5510785869E-11
    4.7968716070E+04    2.0521958877E-11
    4.7982228390E+04    1.8115433933E-11
    4.7995740700E+04    1.7899119064E-11
    4.8009253020E+04    7.9918923984E-12
    4.8022765330E+04    3.2601576769E-13
    4.8036277640E+04    1.5365105863E-13
    4.8049789960E+04    1.8103467122E-13
    4.8063302270E+04    6.1714239045E-12
    4.8076814590E+04    9.3603711338E-11
    4.8090326900E+04    8.6373191193E-11
    4.8103839220E+04    7.7183751388E-11
    4.8117351530E+04    6.2759915410E-11
    4.8130863850E+04    1.4381796236E-11
    4.8144376160E+04    1.8012430265E-12
    4.8157888470E+04    1.9777355550E-13
    4.8171400790E+04    1.7481958894E-13
    4.8184913100E+04    2.6115073580E-13
    4.8198425420E+04    3.0562970651E-13
    4.8211937730E+04    3.7873431372E-13
    4.8225450050E+04    2.4346117776E-12
    4.8238962360E+04    2.0393635695E-11
    4.8252474680E+04    1.6621323740E-10
    4.8265986990E+04    1.9158595620E-10
    4.8279499300E+04    8.5296203739E-11
    4.8293011620E+04    2.9545176853E-11
    4.8306523930E+04    1.3090268104E-12
    4.8320036250E+04    1.5706401366E-13
    4.8333548560E+04    1.4862000721E-13
    4.8347060880E+04    1.1899929874E-13
    4.8360573190E+04    8.8789639895E-14
    4.8374085500E+04    1.2451913942E-13
    4.8387597820E+04    2.7392312454E-13
    4.8401110130E+04    2.4578743452E-13
    4.8414622450E+04    3.5819502800E-13
    4.8428134760E+04    3.7256075213E-12
    4.8441647080E+04    2.2408986019E-11
    4.8455159390E+04    7.5737052883E-11
    4.8468671710E+04    8.6998712028E-12
    4.8482184020E+04    1.0695036544E-12
    4.8495696330E+04    1.7706600109E-13
    4.8509208650E+04    6.2385952929E-13
    4.8522720960E+04    9.4701308429E-12
    4.8536233280E+04    2.0836565716E-11
    4.8549745590E+04    7.4885506524E-12
    4.8563257910E+04    2.7023644607E-13
    4.8576770220E+04    8.8847445230E-13
    4.8590282530E+04    3.4565850062E-11
    4.8603794850E+04    2.1985647972E-11
    4.8617307160E+04    1.1970133918E-11
    4.8630819480E+04    1.8752498340E-11
    4.8644331790E+04    7.9774076646E-11
    4.8657844110E+04    1.2172059285E-10
    4.8671356420E+04    2.7660259962E-11
    4.8684868740E+04    1.3168818319E-11
    4.8698381050E+04    2.9705354077E-11
    4.8711893360E+04    4.9737045345E-11
    4.8725405680E+04    7.4523724220E-11
    4.8738917990E+04    3.9297454519E-12
    4.8752430310E+04    1.0747054225E-11
    4.8765942620E+04    8.1642005020E-13
    4.8779454940E+04    1.1332536670E-12
    4.8792967250E+04    3.1695443613E-11
    4.8806479560E+04    2.1509650620E-12
    4.8819991880E+04    1.5735748445E-13
    4.8833504190E+04    2.2132513872E-13
    4.8847016510E+04    3.1063474716E-13
    4.8860528820E+04    2.8616726524E-13
    4.8874041140E+04    1.5621905652E-13
    4.8887553450E+04    8.9807915031E-14
    4.8901065770E+04    1.7405781681E-13
    4.8914578080E+04    4.1158479048E-13
    4.8928090390E+04    3.1788957568E-12
    4.8941602710E+04    9.3905928727E-12
    4.8955115020E+04    9.5933657303E-12
    4.8968627340E+04    2.7107379874E-12
    4.8982139650E+04    6.7142120207E-11
    4.8995651970E+04    4.5905413486E-11
    4.9009164280E+04    7.8315471355E-12
    4.9022676600E+04    3.7416007241E-13
    4.9036188910E+04    3.2529800714E-13
    4.9049701220E+04    5.0819563752E-13
    4.9063213540E+04    3.5089997346E-13
    4.9076725850E+04    2.5156485660E-13
    4.9090238170E+04    1.9490148103E-13
    4.9103750480E+04    6.0255760384E-13
    4.9117262800E+04    1.7034404669E-11
    4.9130775110E+04    1.5326678559E-12
    4.9144287420E+04    2.0468642993E-13
    4.9157799740E+04    2.0215661661E-13
    4.9171312050E+04    4.4715854903E-13
    4.9184824370E+04    1.2306169360E-11
    4.9198336680E+04    2.4660998613E-11
    4.9211849000E+04    1.2150582047E-11
    4.9225361310E+04    9.9023544391E-13
    4.9238873630E+04    2.9654770489E-13
    4.9252385940E+04    3.5570446091E-13
    4.9265898250E+04    3.0989540208E-13
    4.9279410570E+04    2.1300874523E-13
    4.9292922880E+04    9.5478889994E-13
    4.9306435200E+04    2.5829880400E-11
    4.9319947510E+04    3.9933306842E-11
    4.9333459830E+04    1.6373311594E-11
    4.9346972140E+04    5.5670128291E-13
    4.9360484450E+04    2.5377408258E-13
    4.9373996770E+04    3.3547535647E-13
    4.9387509080E+04    2.7504226687E-12
    4.9401021400E+04    8.0523999930E-11
    4.9414533710E+04    5.4380593287E-11
    4.9428046030E+04    4.2677730648E-11
    4.9441558340E+04    6.1593251404E-11
    4.9455070660E+04    6.3754061088E-11
    4.9468582970E+04    1.3551591436E-11
    4.9482095280E+04    1.1113794161E-12
    4.9495607600E+04    2.3107357366E-13
    4.9509119910E+04    3.1874742140E-13
    4.9522632230E+04    3.7995621373E-13
    4.9536144540E+04    3.2150814959E-13
    4.9549656860E+04    2.5639988960E-13
    4.9563169170E+04    1.9317625763E-13
    4.9576681480E+04    2.4943059125E-13
    4.9590193800E+04    3.7632569070E-13
    4.9603706110E+04    3.1056730043E-13
    4.9617218430E+04    2.8886942543E-13
    4.9630730740E+04    2.8615132308E-13
    4.9644243060E+04    1.0029551639E-12
    4.9657755370E+04    3.3935012273E-11
    4.9671267690E+04    3.2771442789E-12
    4.9684780000E+04    2.4172343423E-12
    4.9698292310E+04    1.1968058988E-11
    4.9711804630E+04    5.1117980629E-11
    4.9725316940E+04    1.0342942228E-10
    4.9738829260E+04    8.2567137311E-11
    4.9752341570E+04    9.1692268279E-11
    4.9765853890E+04    1.2873198016E-10
    4.9779366200E+04    1.8809481995E-10
    4.9792878520E+04    2.4881984944E-10
    4.9806390830E+04    2.5613437360E-10
    4.9819903140E+04    1.1049355609E-10
    4.9833415460E+04    1.3502159452E-11
    4.9846927770E+04    4.7031745893E-13
    4.9860440090E+04    3.3389113937E-13
    4.9873952400E+04    4.0811404075E-13
    4.9887464720E+04    2.4776495373E-13
    4.9900977030E+04    2.1617093799E-13
    4.9914489340E+04    3.6707465631E-12
    4.9928001660E+04    4.1718597111E-11
    4.9941513970E+04    4.6862762197E-11
    4.9955026290E+04    2.9085180307E-11
    4.9968538600E+04    1.2234894410E-11
    4.9982050920E+04    2.9072680320E-11
    4.9995563230E+04    4.0227591781E-10
    5.0009075550E+04    4.3571084540E-10
    5.0022587860E+04    4.5572775736E-10
    5.0036100170E+04    3.2954255572E-10
    5.0049612490E+04    3.0484047954E-10
    5.0063124800E+04    3.9733969436E-10
    5.0076637120E+04    2.8028625709E-10
    5.0090149430E+04    1.4328309190E-10
    5.0103661750E+04    4.4444844637E-12
    5.0117174060E+04    1.6285627502E-13
    5.0130686370E+04    2.4621770033E-13
    5.0144198690E+04    3.3876639695E-13
    5.0157711000E+04    3.1666621110E-13
    5.0171223320E+04    3.1156309741E-13
    5.0184735630E+04    3.1315696326E-13
    5.0198247950E+04    3.6153668735E-13
    5.0211760260E+04    4.7337155030E-13
    5.0225272580E+04    1.5886212999E-12
    5.0238784890E+04    1.3959708809E-11
    5.0252297200E+04    2.8637432026E-11
    5.0265809520E+04    5.9157064019E-11
    5.0279321830E+04    1.2409853897E-10
    5.0292834150E+04    1.7422680153E-10
    5.0306346460E+04    1.5347153672E-10
    5.0319858780E+04    1.2189473657E-10
    5.0333371090E+04    9.4356919002E-11
    5.0346883410E+04    2.1340548684E-11
    5.0360395720E+04    6.6845499435E-11
    5.0373908030E+04    1.1963198870E-12
    5.0387420350E+04    1.5398273780E-13
    5.0400932660E+04    1.8197731010E-13
    5.0414444980E+04    5.6410078083E-13
    5.0427957290E+04    1.9608273928E-11
    5.0441469610E+04    7.1637243347E-11
    5.0454981920E+04    6.6798322780E-11
    5.0468494230E+04    4.1752529194E-12
    5.0482006550E+04    3.6412131357E-13
    5.0495518860E+04    3.7401298977E-13
    5.0509031180E+04    3.4142958261E-13
    5.0522543490E+04    2.1461127297E-13
    5.0536055810E+04    1.8792251507E-13
    5.0549568120E+04    2.6889681676E-13
    5.0563080440E+04    3.3130988207E-13
    5.0576592750E+04    3.3470663158E-13
    5.0590105060E+04    1.3241313653E-12
    5.0603617380E+04    3.4708983279E-11
    5.0617129690E+04    7.4627284481E-11
    5.0630642010E+04    1.7411710988E-10
    5.0644154320E+04    7.9191155587E-11
    5.0657666640E+04    6.1171006062E-11
    5.0671178950E+04    2.8906544686E-11
    5.0684691260E+04    2.0167179213E-11
    5.0698203580E+04    2.9965781675E-11
    5.0711715890E+04    3.1837388848E-11
    5.0725228210E+04    1.8396747502E-11
    5.0738740520E+04    2.0273173404E-12
    5.0752252840E+04    2.1482489770E-13
    5.0765765150E+04    1.2689042779E-12
    5.0779277470E+04    3.4442874799E-11
    5.0792789780E+04    1.9043279071E-11
    5.0806302090E+04    7.5792961129E-12
    5.0819814410E+04    5.6266830646E-13
    5.0833326720E+04    2.1266358242E-13
    5.0846839040E+04    2.9178019186E-13
    5.0860351350E+04    3.0970838269E-13
    5.0873863670E+04    2.4947805194E-13
    5.0887375980E+04    2.3527159026E-13
    5.0900888290E+04    2.5071952395E-13
    5.0914400610E+04    3.1314585923E-13
    5.0927912920E+04    3.9388761814E-13
    5.0941425240E+04    2.4715262819E-13
    5.0954937550E+04    1.8351503743E-13
    5.0968449870E+04    2.0618438599E-13
    5.0981962180E+04    3.5233713361E-13
    5.0995474500E+04    6.8514060882E-12
