###   Wavelength (A)        Transmission
    2.0004663860E+04    2.8122533068E-10
    2.0020744780E+04    2.5468580792E-10
    2.0036825700E+04    2.3217167495E-10
    2.0052906620E+04    2.1333290019E-10
    2.0068987540E+04    1.9699222279E-10
    2.0085068460E+04    1.8414713794E-10
    2.0101149380E+04    1.7247295261E-10
    2.0117230300E+04    1.6100213419E-10
    2.0133311220E+04    1.5175018516E-10
    2.0149392140E+04    1.4374142500E-10
    2.0165473060E+04    1.3499373406E-10
    2.0181553980E+04    1.2884329908E-10
    2.0197634900E+04    1.2212316818E-10
    2.0213715820E+04    1.1753617121E-10
    2.0229796740E+04    1.1366120171E-10
    2.0245877660E+04    1.0888240720E-10
    2.0261958580E+04    1.0598381788E-10
    2.0278039490E+04    1.0348541900E-10
    2.0294120410E+04    1.0099637182E-10
    2.0310201330E+04    9.8734433873E-11
    2.0326282250E+04    9.6110463839E-11
    2.0342363170E+04    9.2338741655E-11
    2.0358444090E+04    9.0181385481E-11
    2.0374525010E+04    8.8440764142E-11
    2.0390605930E+04    8.7601313236E-11
    2.0406686850E+04    8.8116451257E-11
    2.0422767770E+04    8.8283555896E-11
    2.0438848690E+04    8.8933047114E-11
    2.0454929610E+04    9.0264830389E-11
    2.0471010530E+04    9.2096749844E-11
    2.0487091450E+04    9.4493341665E-11
    2.0503172370E+04    9.6728374190E-11
    2.0519253290E+04    9.8871944262E-11
    2.0535334210E+04    1.0244510801E-10
    2.0551415130E+04    1.0579761047E-10
    2.0567496050E+04    1.1067287522E-10
    2.0583576970E+04    1.1598141809E-10
    2.0599657880E+04    1.2300444838E-10
    2.0615738800E+04    1.3030657918E-10
    2.0631819720E+04    1.3805539894E-10
    2.0647900640E+04    1.4717674687E-10
    2.0663981560E+04    1.5780905595E-10
    2.0680062480E+04    1.6982322125E-10
    2.0696143400E+04    1.8306851047E-10
    2.0712224320E+04    1.9771957644E-10
    2.0728305240E+04    2.1570685541E-10
    2.0744386160E+04    2.3463817323E-10
    2.0760467080E+04    2.5856515730E-10
    2.0776548000E+04    2.8357014954E-10
    2.0792628920E+04    3.1234827677E-10
    2.0808709840E+04    3.4537674314E-10
    2.0824790760E+04    3.8116062931E-10
    2.0840871680E+04    4.2534076095E-10
    2.0856952600E+04    4.7833495338E-10
    2.0873033520E+04    5.4056605796E-10
    2.0889114440E+04    6.1880049926E-10
    2.0905195360E+04    7.1232199685E-10
    2.0921276270E+04    8.2177205711E-10
    2.0937357190E+04    9.5359814113E-10
    2.0953438110E+04    1.1051160181E-09
    2.0969519030E+04    1.2742435806E-09
    2.0985599950E+04    1.4864537574E-09
    2.1001680870E+04    1.7476257522E-09
    2.1017761790E+04    2.0400759354E-09
    2.1033842710E+04    2.3879541064E-09
    2.1049923630E+04    2.7874826218E-09
    2.1066004550E+04    3.2176248195E-09
    2.1082085470E+04    3.6901530423E-09
    2.1098166390E+04    4.1666880335E-09
    2.1114247310E+04    4.6134673640E-09
    2.1130328230E+04    4.9598380131E-09
    2.1146409150E+04    5.2066150069E-09
    2.1162490070E+04    5.4115623918E-09
    2.1178570990E+04    5.4825960588E-09
    2.1194651910E+04    5.5730471267E-09
    2.1210732830E+04    5.5903487439E-09
    2.1226813750E+04    5.5734446189E-09
    2.1242894660E+04    5.4976576479E-09
    2.1258975580E+04    5.4163030290E-09
    2.1275056500E+04    5.3270264142E-09
    2.1291137420E+04    5.2238788956E-09
    2.1307218340E+04    5.1358601077E-09
    2.1323299260E+04    5.0225802083E-09
    2.1339380180E+04    4.8678523722E-09
    2.1355461100E+04    4.7291749218E-09
    2.1371542020E+04    4.6123272586E-09
    2.1387622940E+04    4.4994241244E-09
    2.1403703860E+04    4.3492922887E-09
    2.1419784780E+04    4.1979309439E-09
    2.1435865700E+04    4.0113436003E-09
    2.1451946620E+04    3.8221256434E-09
    2.1468027540E+04    3.6458042522E-09
    2.1484108460E+04    3.4833836260E-09
    2.1500189380E+04    3.3241519581E-09
    2.1516270300E+04    3.1581388363E-09
    2.1532351220E+04    3.0042188372E-09
    2.1548432140E+04    2.8263201305E-09
    2.1564513050E+04    2.6705207132E-09
    2.1580593970E+04    2.5035981103E-09
    2.1596674890E+04    2.3567612969E-09
    2.1612755810E+04    2.2147873304E-09
    2.1628836730E+04    2.0729855311E-09
    2.1644917650E+04    1.9247283912E-09
    2.1660998570E+04    1.7598681261E-09
    2.1677079490E+04    1.6094785556E-09
    2.1693160410E+04    1.4593774208E-09
    2.1709241330E+04    1.3234760576E-09
    2.1725322250E+04    1.1856947786E-09
    2.1741403170E+04    1.0614221666E-09
    2.1757484090E+04    9.5631210082E-10
    2.1773565010E+04    8.6608507455E-10
    2.1789645930E+04    8.0414116020E-10
    2.1805726850E+04    7.7827879567E-10
    2.1821807770E+04    7.5242533747E-10
    2.1837888690E+04    7.0162713494E-10
    2.1853969610E+04    6.6121613370E-10
    2.1870050530E+04    6.4893050200E-10
    2.1886131450E+04    6.4768529531E-10
    2.1902212360E+04    6.0644288600E-10
    2.1918293280E+04    5.3268534988E-10
    2.1934374200E+04    4.7609448932E-10
    2.1950455120E+04    4.5265135243E-10
    2.1966536040E+04    4.4485898248E-10
    2.1982616960E+04    4.9769537186E-10
    2.1998697880E+04    5.7635224191E-10
    2.2014778800E+04    6.1245960808E-10
    2.2030859720E+04    6.1029566446E-10
    2.2046940640E+04    6.3921155233E-10
    2.2063021560E+04    7.3951189203E-10
    2.2079102480E+04    8.6540095864E-10
    2.2095183400E+04    8.8112363718E-10
    2.2111264320E+04    9.1698125652E-10
    2.2127345240E+04    9.8738183246E-10
    2.2143426160E+04    1.0978002825E-09
    2.2159507080E+04    1.2270070005E-09
    2.2175588000E+04    1.2687560725E-09
    2.2191668920E+04    1.3298181849E-09
    2.2207749840E+04    1.2535492714E-09
    2.2223830750E+04    1.2024358905E-09
    2.2239911670E+04    1.2794541290E-09
    2.2255992590E+04    1.5184217709E-09
    2.2272073510E+04    1.8104029664E-09
    2.2288154430E+04    1.9768884082E-09
    2.2304235350E+04    2.1891639028E-09
    2.2320316270E+04    1.8663540508E-09
    2.2336397190E+04    2.0650946622E-09
    2.2352478110E+04    2.0188005351E-09
    2.2368559030E+04    1.3675065536E-09
    2.2384639950E+04    9.5653915200E-10
    2.2400720870E+04    9.6267352338E-10
    2.2416801790E+04    1.4688643655E-09
    2.2432882710E+04    3.0524196695E-09
    2.2448963630E+04    3.8434558452E-09
    2.2465044550E+04    4.2953174542E-09
    2.2481125470E+04    2.8370581043E-09
    2.2497206390E+04    2.8576717123E-09
    2.2513287310E+04    2.0187341131E-09
    2.2529368230E+04    1.3332713428E-09
    2.2545449140E+04    1.9766259726E-09
    2.2561530060E+04    3.5144409919E-09
    2.2577610980E+04    6.4539529427E-09
    2.2593691900E+04    5.8988799082E-09
    2.2609772820E+04    5.5886895281E-09
    2.2625853740E+04    2.3639481288E-09
    2.2641934660E+04    6.1717401601E-10
    2.2658015580E+04    1.5748478447E-09
    2.2674096500E+04    3.2550331815E-10
    2.2690177420E+04    6.7065955876E-11
    2.2706258340E+04    4.0703792733E-11
    2.2722339260E+04    4.2749663788E-11
    2.2738420180E+04    4.4707963498E-11
    2.2754501100E+04    1.7211026757E-10
    2.2770582020E+04    1.5213297519E-09
    2.2786662940E+04    6.4165047439E-09
    2.2802743860E+04    1.0745042455E-08
    2.2818824780E+04    3.6105622594E-08
    2.2834905700E+04    4.2614083135E-08
    2.2850986620E+04    4.9890438798E-08
    2.2867067530E+04    5.0075901444E-08
    2.2883148450E+04    5.0480317466E-08
    2.2899229370E+04    5.5856823766E-08
    2.2915310290E+04    5.4042666709E-08
    2.2931391210E+04    5.2389915291E-08
    2.2947472130E+04    5.0913912777E-08
    2.2963553050E+04    5.3865084589E-08
    2.2979633970E+04    6.8603979255E-08
    2.2995714890E+04    4.8590391674E-08
    2.3011795810E+04    4.4992216173E-08
    2.3027876730E+04    4.1591227804E-08
    2.3043957650E+04    3.4854841789E-08
    2.3060038570E+04    2.9441483567E-08
    2.3076119490E+04    1.4400622095E-08
    2.3092200410E+04    6.3539422111E-09
    2.3108281330E+04    4.4717407392E-09
    2.3124362250E+04    1.0771652918E-08
    2.3140443170E+04    2.6360792074E-08
    2.3156524090E+04    8.7413944557E-09
    2.3172605010E+04    1.4936570039E-09
    2.3188685920E+04    6.3677886455E-10
    2.3204766840E+04    1.0457617530E-09
    2.3220847760E+04    1.9367208584E-09
    2.3236928680E+04    5.4604038263E-09
    2.3253009600E+04    2.2490360603E-08
    2.3269090520E+04    1.0032606822E-07
    2.3285171440E+04    1.7935377682E-07
    2.3301252360E+04    3.4688548453E-07
    2.3317333280E+04    6.0174153457E-07
    2.3333414200E+04    7.8231249867E-07
    2.3349495120E+04    1.0289379758E-06
    2.3365576040E+04    8.6760537973E-07
    2.3381656960E+04    6.1802252935E-07
    2.3397737880E+04    4.5034231540E-07
    2.3413818800E+04    4.3254677787E-07
    2.3429899720E+04    4.1128654090E-07
    2.3445980640E+04    3.1867339231E-07
    2.3462061560E+04    1.9930212952E-07
    2.3478142480E+04    1.2472833767E-07
    2.3494223400E+04    1.5449331699E-07
    2.3510304310E+04    2.1830218491E-07
    2.3526385230E+04    1.9489717904E-07
    2.3542466150E+04    4.2293361509E-08
    2.3558547070E+04    1.9975605121E-07
    2.3574627990E+04    3.3252589272E-07
    2.3590708910E+04    1.0866764502E-07
    2.3606789830E+04    3.6859679772E-08
    2.3622870750E+04    1.3202837340E-08
    2.3638951670E+04    5.8688209422E-09
    2.3655032590E+04    4.5650717723E-09
    2.3671113510E+04    2.1866767498E-08
    2.3687194430E+04    1.8913635284E-07
    2.3703275350E+04    4.9957427294E-07
    2.3719356270E+04    3.5493880079E-07
    2.3735437190E+04    2.5141227958E-07
    2.3751518110E+04    5.9468133211E-08
    2.3767599030E+04    3.7239091653E-08
    2.3783679950E+04    1.3073002356E-07
    2.3799760870E+04    2.2665211543E-07
    2.3815841790E+04    3.9477219751E-07
    2.3831922710E+04    4.8855813834E-07
    2.3848003620E+04    3.3590538566E-07
    2.3864084540E+04    2.3126320546E-07
    2.3880165460E+04    1.5857146351E-07
    2.3896246380E+04    1.0850064469E-07
    2.3912327300E+04    7.4592648911E-08
    2.3928408220E+04    1.7519358952E-07
    2.3944489140E+04    4.7907323776E-07
    2.3960570060E+04    1.1426283668E-06
    2.3976650980E+04    1.2411581763E-06
    2.3992731900E+04    1.4962567624E-06
    2.4008812820E+04    2.2363058136E-06
    2.4024893740E+04    2.6316632712E-06
    2.4040974660E+04    3.1012900375E-06
    2.4057055580E+04    2.2981967977E-06
    2.4073136500E+04    1.3683357961E-06
    2.4089217420E+04    8.6444790940E-07
    2.4105298340E+04    1.3930624167E-07
    2.4121379260E+04    1.9962731243E-08
    2.4137460180E+04    4.6047458846E-09
    2.4153541100E+04    4.6092198319E-09
    2.4169622010E+04    4.6136948662E-09
    2.4185702930E+04    4.6181709906E-09
    2.4201783850E+04    4.6227285269E-09
    2.4217864770E+04    4.6321496323E-09
    2.4233945690E+04    1.0193720658E-08
    2.4250026610E+04    8.9846456327E-08
    2.4266107530E+04    9.0429417598E-07
    2.4282188450E+04    1.3272241060E-06
    2.4298269370E+04    8.8963662279E-07
    2.4314350290E+04    6.8049105349E-07
    2.4330431210E+04    1.2344442665E-07
    2.4346512130E+04    1.7588055079E-08
    2.4362593050E+04    4.8670455616E-09
    2.4378673970E+04    4.6892050234E-09
    2.4394754890E+04    4.6951980785E-09
    2.4410835810E+04    5.3613149890E-09
    2.4426916730E+04    3.0742939156E-08
    2.4442997650E+04    2.2944534878E-07
    2.4459078570E+04    1.0800028218E-06
    2.4475159490E+04    9.8354445746E-07
    2.4491240400E+04    1.0099791583E-06
    2.4507321320E+04    9.9436581459E-07
    2.4523402240E+04    9.4834242291E-07
    2.4539483160E+04    9.9691956067E-07
    2.4555564080E+04    1.1660020876E-06
    2.4571645000E+04    1.5458227393E-06
    2.4587725920E+04    2.4347551538E-06
    2.4603806840E+04    3.1866073338E-06
    2.4619887760E+04    2.6835568845E-06
    2.4635968680E+04    2.2641521854E-06
    2.4652049600E+04    1.5519336216E-06
    2.4668130520E+04    1.1283457754E-06
    2.4684211440E+04    1.1477558596E-06
    2.4700292360E+04    1.5127079611E-06
    2.4716373280E+04    1.8752793264E-06
    2.4732454200E+04    2.3710790245E-06
    2.4748535120E+04    2.8747861053E-06
    2.4764616040E+04    3.4834538244E-06
    2.4780696960E+04    4.2948452000E-06
    2.4796777880E+04    4.3205204498E-06
    2.4812858790E+04    4.3071072069E-06
    2.4828939710E+04    4.3927190992E-06
    2.4845020630E+04    3.8061140178E-06
    2.4861101550E+04    3.3069453616E-06
    2.4877182470E+04    2.9199891205E-06
    2.4893263390E+04    2.3828656618E-06
    2.4909344310E+04    2.2064099031E-06
    2.4925425230E+04    2.0999497088E-06
    2.4941506150E+04    2.1890484498E-06
    2.4957587070E+04    2.3246712784E-06
    2.4973667990E+04    2.5071579493E-06
    2.4989748910E+04    2.8000363990E-06
    2.4997781620E+04    2.1056278259E-06
    2.5011293930E+04    3.4077834604E-06
    2.5024806240E+04    4.8266207121E-06
    2.5038318560E+04    4.8649202176E-06
    2.5051830870E+04    8.9158433933E-06
    2.5065343190E+04    5.6724637689E-06
    2.5078855500E+04    4.9631527519E-07
    2.5092367820E+04    1.3770300366E-06
    2.5105880130E+04    1.6256197448E-06
    2.5119392440E+04    1.8443557664E-06
    2.5132904760E+04    2.1624355469E-06
    2.5146417070E+04    1.2762245323E-06
    2.5159929390E+04    2.7915976233E-06
    2.5173441700E+04    8.8254424589E-07
    2.5186954020E+04    6.4165042650E-06
    2.5200466330E+04    6.3718995370E-06
    2.5213978650E+04    6.9471091425E-06
    2.5227490960E+04    1.5932532165E-06
    2.5241003270E+04    2.7317078175E-06
    2.5254515590E+04    3.6400181408E-06
    2.5268027900E+04    1.5401037768E-06
    2.5281540220E+04    5.9759769774E-08
    2.5295052530E+04    1.9067503235E-06
    2.5308564850E+04    1.9396634049E-06
    2.5322077160E+04    6.6963682455E-07
    2.5335589480E+04    2.6639548215E-06
    2.5349101790E+04    2.4031863309E-06
    2.5362614100E+04    1.7484662170E-06
    2.5376126420E+04    2.3265580519E-06
    2.5389638730E+04    1.1326619294E-06
    2.5403151050E+04    1.1179386419E-06
    2.5416663360E+04    4.7292224311E-09
    2.5430175680E+04    9.3926739526E-07
    2.5443687990E+04    2.2877509645E-06
    2.5457200300E+04    3.2629984581E-06
    2.5470712620E+04    8.5849222446E-06
    2.5484224930E+04    4.8323584748E-06
    2.5497737250E+04    2.6197824761E-06
    2.5511249560E+04    3.0304848827E-06
    2.5524761880E+04    2.5877989594E-07
    2.5538274190E+04    4.5604342768E-06
    2.5551786510E+04    2.0639906204E-06
    2.5565298820E+04    9.2495870442E-07
    2.5578811130E+04    1.3006192013E-06
    2.5592323450E+04    2.3808063123E-06
    2.5605835760E+04    3.6867987544E-06
    2.5619348080E+04    2.1306059930E-06
    2.5632860390E+04    8.1392084802E-07
    2.5646372710E+04    3.2246061896E-06
    2.5659885020E+04    7.1574005995E-06
    2.5673397330E+04    3.3294712685E-06
    2.5686909650E+04    3.5573624032E-06
    2.5700421960E+04    6.7828224183E-06
    2.5713934280E+04    5.6317768260E-06
    2.5727446590E+04    1.2663927076E-06
    2.5740958910E+04    2.0707061685E-06
    2.5754471220E+04    5.2662898436E-06
    2.5767983540E+04    7.0224256648E-06
    2.5781495850E+04    1.7663926366E-06
    2.5795008160E+04    1.5164936107E-06
    2.5808520480E+04    1.3804855441E-06
    2.5822032790E+04    1.2914384112E-06
    2.5835545110E+04    1.2659175102E-06
    2.5849057420E+04    1.9695594545E-06
    2.5862569740E+04    4.2576998635E-06
    2.5876082050E+04    4.9520672594E-06
    2.5889594370E+04    1.2553694651E-06
    2.5903106680E+04    1.1906247694E-06
    2.5916618990E+04    2.8730169810E-06
    2.5930131310E+04    4.6360133632E-06
    2.5943643620E+04    2.3193992370E-06
    2.5957155940E+04    3.3347601533E-08
    2.5970668250E+04    5.7749386690E-06
    2.5984180570E+04    3.5369989178E-06
    2.5997692880E+04    1.0678029496E-06
    2.6011205190E+04    6.6269550354E-07
    2.6024717510E+04    3.4370956812E-06
    2.6038229820E+04    2.2279643116E-06
    2.6051742140E+04    8.1588744049E-09
    2.6065254450E+04    3.2595993094E-06
    2.6078766770E+04    7.1011764683E-07
    2.6092279080E+04    2.1891838914E-06
    2.6105791400E+04    5.2894015279E-09
    2.6119303710E+04    3.0469668019E-07
    2.6132816020E+04    2.1714670059E-06
    2.6146328340E+04    2.2416615603E-06
    2.6159840650E+04    2.9219168875E-08
    2.6173352970E+04    1.7955409620E-08
    2.6186865280E+04    3.6788083369E-06
    2.6200377600E+04    4.2467758710E-06
    2.6213889910E+04    4.2839250814E-06
    2.6227402220E+04    4.8410544517E-06
    2.6240914540E+04    1.5553301947E-06
    2.6254426850E+04    9.0747458476E-07
    2.6267939170E+04    3.5349277258E-06
    2.6281451480E+04    1.1842656413E-06
    2.6294963800E+04    2.0891545126E-06
    2.6308476110E+04    2.0773127137E-06
    2.6321988430E+04    2.4424242484E-06
    2.6335500740E+04    2.3479159976E-06
    2.6349013050E+04    4.0537971022E-07
    2.6362525370E+04    2.5228138954E-06
    2.6376037680E+04    3.9125552453E-06
    2.6389550000E+04    2.4870880917E-06
    2.6403062310E+04    3.8735430443E-06
    2.6416574630E+04    2.5317345461E-06
    2.6430086940E+04    4.0731867032E-06
    2.6443599250E+04    5.1287023636E-06
    2.6457111570E+04    4.7592044036E-06
    2.6470623880E+04    5.2181895519E-06
    2.6484136200E+04    3.9582486112E-06
    2.6497648510E+04    4.8513505278E-06
    2.6511160830E+04    4.8220264122E-06
    2.6524673140E+04    5.6086174049E-06
    2.6538185460E+04    8.0967798835E-06
    2.6551697770E+04    6.6417560131E-06
    2.6565210080E+04    2.3733275074E-06
    2.6578722400E+04    2.7622355456E-06
    2.6592234710E+04    5.4496312749E-06
    2.6605747030E+04    3.1419773139E-06
    2.6619259340E+04    1.5803329579E-06
    2.6632771660E+04    5.9853940817E-06
    2.6646283970E+04    5.3371286186E-06
    2.6659796290E+04    5.9533087036E-07
    2.6673308600E+04    2.0716864657E-08
    2.6686820910E+04    6.3819254320E-09
    2.6700333230E+04    1.0785006833E-06
    2.6713845540E+04    6.2798686763E-06
    2.6727357860E+04    6.9807353762E-06
    2.6740870170E+04    4.3409478426E-06
    2.6754382490E+04    6.2581072852E-06
    2.6767894800E+04    7.0302565259E-06
    2.6781407110E+04    6.8623641180E-06
    2.6794919430E+04    5.4943527654E-06
    2.6808431740E+04    2.0538188678E-06
    2.6821944060E+04    1.2451828913E-06
    2.6835456370E+04    9.6360198789E-07
    2.6848968690E+04    1.0937225721E-08
    2.6862481000E+04    2.3788371768E-08
    2.6875993320E+04    2.5367975092E-06
    2.6889505630E+04    3.7219976272E-06
    2.6903017940E+04    2.3868079083E-06
    2.6916530260E+04    3.7690759882E-06
    2.6930042570E+04    4.6838511005E-06
    2.6943554890E+04    7.3566451307E-07
    2.6957067200E+04    1.5725581744E-06
    2.6970579520E+04    2.0670986804E-06
    2.6984091830E+04    2.9187646215E-06
    2.6997604140E+04    1.6381453780E-06
    2.7011116460E+04    5.0082850215E-06
    2.7024628770E+04    4.7995146627E-06
    2.7038141090E+04    5.2357412252E-06
    2.7051653400E+04    7.2899082691E-06
    2.7065165720E+04    6.9028172260E-06
    2.7078678030E+04    3.8168595357E-06
    2.7092190350E+04    3.9098433365E-06
    2.7105702660E+04    4.2719602816E-06
    2.7119214970E+04    2.2744856980E-06
    2.7132727290E+04    1.8547847083E-06
    2.7146239600E+04    6.2730064225E-07
    2.7159751920E+04    1.0907251186E-08
    2.7173264230E+04    1.8812667199E-06
    2.7186776550E+04    1.9906673321E-06
    2.7200288860E+04    3.2310183112E-06
    2.7213801170E+04    1.6598368016E-06
    2.7227313490E+04    1.5305201080E-07
    2.7240825800E+04    1.4200251130E-06
    2.7254338120E+04    1.9251861530E-06
    2.7267850430E+04    4.1909295127E-06
    2.7281362750E+04    3.7052817845E-06
    2.7294875060E+04    1.6373967727E-06
    2.7308387380E+04    1.5652281225E-06
    2.7321899690E+04    1.3531522948E-06
    2.7335412000E+04    1.3213557436E-06
    2.7348924320E+04    2.0060683411E-08
    2.7362436630E+04    4.7630514013E-09
    2.7375948950E+04    2.2844164855E-06
    2.7389461260E+04    3.4505941591E-06
    2.7402973580E+04    2.9300473653E-06
    2.7416485890E+04    1.8501183991E-06
    2.7429998210E+04    3.2700897925E-07
    2.7443510520E+04    6.4304279664E-07
    2.7457022830E+04    4.7796734555E-09
    2.7470535150E+04    4.7820014026E-09
    2.7484047460E+04    7.8075409025E-09
    2.7497559780E+04    5.9261533447E-09
    2.7511072090E+04    2.0101835308E-06
    2.7524584410E+04    3.6871533028E-06
    2.7538096720E+04    3.3832457470E-06
    2.7551609030E+04    3.2537549366E-06
    2.7565121350E+04    2.4591058682E-06
    2.7578633660E+04    2.0906349068E-06
    2.7592145980E+04    2.0895743024E-06
    2.7605658290E+04    6.9805383538E-06
    2.7619170610E+04    6.2964370012E-06
    2.7632682920E+04    6.6740319526E-06
    2.7646195240E+04    8.0584780254E-06
    2.7659707550E+04    9.9136225751E-07
    2.7673219860E+04    4.7149127319E-09
    2.7686732180E+04    5.9047456633E-07
    2.7700244490E+04    1.8856087156E-06
    2.7713756810E+04    1.3291840717E-06
    2.7727269120E+04    1.4333837079E-06
    2.7740781440E+04    1.2873759320E-06
    2.7754293750E+04    4.9718986070E-09
    2.7767806060E+04    3.9986484343E-07
    2.7781318380E+04    2.2897904583E-06
    2.7794830690E+04    2.3120407108E-06
    2.7808343010E+04    3.1953114793E-06
    2.7821855320E+04    1.7671933112E-06
    2.7835367640E+04    1.3834845524E-06
    2.7848879950E+04    1.7805147320E-06
    2.7862392270E+04    1.1373625424E-06
    2.7875904580E+04    2.4417824031E-06
    2.7889416890E+04    2.3026125421E-06
    2.7902929210E+04    1.6475474840E-08
    2.7916441520E+04    1.0032516426E-06
    2.7929953840E+04    5.9647913394E-07
    2.7943466150E+04    6.2998542100E-07
    2.7956978470E+04    2.3152263207E-06
    2.7970490780E+04    1.7193645420E-06
    2.7984003090E+04    1.3217161286E-06
    2.7997515410E+04    3.0619325764E-06
    2.8011027720E+04    4.9810903741E-06
    2.8024540040E+04    4.5772571346E-07
    2.8038052350E+04    4.7461862424E-09
    2.8051564670E+04    3.3977552147E-07
    2.8065076980E+04    1.2260669272E-06
    2.8078589300E+04    1.8528137165E-06
    2.8092101610E+04    1.4961595511E-06
    2.8105613920E+04    1.3191862109E-06
    2.8119126240E+04    1.9983544355E-07
    2.8132638550E+04    4.7436694926E-09
    2.8146150870E+04    4.7408020381E-09
    2.8159663180E+04    9.2122508189E-07
    2.8173175500E+04    1.6466558038E-06
    2.8186687810E+04    1.3386973934E-06
    2.8200200130E+04    2.7142920082E-06
    2.8213712440E+04    1.9590009192E-06
    2.8227224750E+04    1.3390872164E-06
    2.8240737070E+04    1.0885166665E-06
    2.8254249380E+04    4.7335329813E-09
    2.8267761700E+04    4.7318131140E-09
    2.8281274010E+04    4.7299508572E-09
    2.8294786330E+04    4.3222168990E-07
    2.8308298640E+04    1.0525997689E-06
    2.8321810950E+04    2.4313443979E-07
    2.8335323270E+04    1.7425035142E-06
    2.8348835580E+04    3.4087283209E-06
    2.8362347900E+04    1.5303852586E-06
    2.8375860210E+04    9.6857452165E-07
    2.8389372530E+04    1.1199851420E-07
    2.8402884840E+04    4.0938385935E-06
    2.8416397160E+04    1.9811667446E-06
    2.8429909470E+04    1.6784193716E-07
    2.8443421780E+04    1.3039102711E-06
    2.8456934100E+04    4.6925486020E-09
    2.8470446410E+04    4.6897077438E-09
    2.8483958730E+04    2.9551429761E-06
    2.8497471040E+04    4.4058201901E-06
    2.8510983360E+04    5.8061026436E-07
    2.8524495670E+04    4.6731389108E-09
    2.8538007980E+04    1.2689213945E-07
    2.8551520300E+04    4.6618211098E-09
    2.8565032610E+04    4.6563596952E-09
    2.8578544930E+04    2.3029890171E-07
    2.8592057240E+04    6.2516333195E-08
    2.8605569560E+04    1.2840858935E-06
    2.8619081870E+04    8.4152148121E-07
    2.8632594190E+04    2.9877750310E-08
    2.8646106500E+04    1.0633267376E-08
    2.8659618810E+04    2.1384035752E-06
    2.8673131130E+04    1.0614654224E-06
    2.8686643440E+04    8.8658551623E-09
    2.8700155760E+04    4.6189862254E-09
    2.8713668070E+04    2.4126425888E-07
    2.8727180390E+04    2.6037312103E-06
    2.8740692700E+04    5.3666445100E-08
    2.8754205010E+04    4.6111030540E-09
    2.8767717330E+04    2.6494957063E-08
    2.8781229640E+04    6.3005142785E-07
    2.8794741960E+04    1.0399236155E-06
    2.8808254270E+04    1.1996940775E-08
    2.8821766590E+04    4.6021128772E-09
    2.8835278900E+04    4.6002694682E-09
    2.8848791220E+04    1.9554132499E-08
    2.8862303530E+04    4.5909877596E-09
    2.8875815840E+04    5.5250842974E-07
    2.8889328160E+04    9.0513262626E-07
    2.8902840470E+04    4.5851096404E-09
    2.8916352790E+04    4.4363424816E-07
    2.8929865100E+04    1.7713778355E-06
    2.8943377420E+04    3.3414939929E-06
    2.8956889730E+04    3.5442016737E-06
    2.8970402050E+04    3.5578677596E-06
    2.8983914360E+04    2.9305026648E-06
    2.8997426670E+04    2.1150946987E-06
    2.9010938990E+04    1.9329599249E-06
    2.9024451300E+04    3.8818561558E-08
    2.9037963620E+04    8.6447508139E-09
    2.9051475930E+04    3.6037973875E-06
    2.9064988250E+04    2.5949326247E-06
    2.9078500560E+04    4.9059773686E-07
    2.9092012870E+04    1.4657711094E-06
    2.9105525190E+04    1.9265281623E-06
    2.9119037500E+04    1.9532296186E-06
    2.9132549820E+04    3.2392936479E-06
    2.9146062130E+04    4.3961575738E-06
    2.9159574450E+04    3.1248791009E-06
    2.9173086760E+04    2.9178508840E-06
    2.9186599080E+04    2.0629773325E-06
    2.9200111390E+04    2.7439463285E-06
    2.9213623700E+04    4.5202220318E-06
    2.9227136020E+04    2.5094903702E-06
    2.9240648330E+04    1.5906627786E-06
    2.9254160650E+04    1.4482542927E-06
    2.9267672960E+04    2.6631957491E-06
    2.9281185280E+04    2.2726006277E-06
    2.9294697590E+04    3.4401295598E-06
    2.9308209900E+04    6.2323345966E-06
    2.9321722220E+04    2.9967877386E-06
    2.9335234530E+04    1.4796847618E-06
    2.9348746850E+04    1.6239797719E-06
    2.9362259160E+04    1.7690881075E-06
    2.9375771480E+04    3.9773830919E-06
    2.9389283790E+04    1.1496624211E-08
    2.9402796110E+04    4.4038680025E-09
    2.9416308420E+04    9.3277610103E-08
    2.9429820730E+04    4.3897984522E-09
    2.9443333050E+04    4.9748611127E-07
    2.9456845360E+04    4.3770573340E-07
    2.9470357680E+04    2.7983776631E-08
    2.9483869990E+04    6.5581750303E-09
    2.9497382310E+04    1.1837892718E-06
    2.9510894620E+04    6.9134387273E-09
    2.9524406940E+04    4.5117567307E-09
    2.9537919250E+04    1.3699473562E-06
    2.9551431560E+04    4.4727504313E-07
    2.9564943880E+04    4.3302959596E-09
    2.9578456190E+04    3.6680197778E-07
    2.9591968510E+04    4.3274047607E-07
    2.9605480820E+04    4.3105248391E-09
    2.9618993140E+04    4.3043169368E-09
    2.9632505450E+04    4.2983313492E-09
    2.9646017760E+04    4.2925478858E-09
    2.9659530080E+04    4.2869516342E-09
    2.9673042390E+04    4.2815715687E-09
    2.9686554710E+04    4.2763737581E-09
    2.9700067020E+04    3.2811754860E-09
    2.9713579340E+04    1.6923182224E-06
    2.9727091650E+04    6.0553881811E-09
    2.9740603970E+04    9.7176926969E-07
    2.9754116280E+04    7.1649936275E-07
    2.9767628590E+04    1.2908394076E-07
    2.9781140910E+04    2.7188352716E-06
    2.9794653220E+04    3.6423144169E-06
    2.9808165540E+04    2.2169845245E-06
    2.9821677850E+04    6.5289139909E-07
    2.9835190170E+04    2.4421814996E-06
    2.9848702480E+04    7.0280724357E-06
    2.9862214790E+04    4.5666280366E-06
    2.9875727110E+04    2.3629146093E-06
    2.9889239420E+04    2.9189316422E-06
    2.9902751740E+04    5.4807800616E-06
    2.9916264050E+04    5.0098325682E-06
    2.9929776370E+04    4.3703501225E-06
    2.9943288680E+04    5.8155060308E-06
    2.9956801000E+04    7.0630391651E-06
    2.9970313310E+04    4.1948049552E-06
    2.9983825620E+04    4.6032272044E-06
    2.9997337940E+04    1.5821640136E-06
    3.0010850250E+04    2.1559118030E-06
    3.0024362570E+04    6.0214271709E-06
    3.0037874880E+04    5.9614667082E-06
    3.0051387200E+04    3.1919029555E-06
    3.0064899510E+04    8.1276221217E-07
    3.0078411820E+04    6.7609669696E-08
    3.0091924140E+04    2.8664526510E-06
    3.0105436450E+04    3.7502837508E-06
    3.0118948770E+04    1.9698446359E-07
    3.0132461080E+04    2.0262140240E-06
    3.0145973400E+04    3.1846497010E-06
    3.0159485710E+04    1.8026419622E-06
    3.0172998030E+04    1.4008322322E-06
    3.0186510340E+04    1.5764242988E-06
    3.0200022650E+04    9.7268216486E-07
    3.0213534970E+04    2.3597749036E-06
    3.0227047280E+04    1.3653671810E-06
    3.0240559600E+04    1.5407053847E-06
    3.0254071910E+04    4.3392602577E-07
    3.0267584230E+04    3.8047987633E-06
    3.0281096540E+04    5.1919859339E-06
    3.0294608860E+04    3.8327480784E-06
    3.0308121170E+04    2.5067197485E-06
    3.0321633480E+04    3.6744028939E-06
    3.0335145800E+04    3.0948796097E-06
    3.0348658110E+04    1.5783280200E-06
    3.0362170430E+04    2.4186563848E-06
    3.0375682740E+04    5.3154414842E-06
    3.0389195060E+04    6.2063543010E-06
    3.0402707370E+04    7.1410498428E-06
    3.0416219680E+04    2.7557414588E-06
    3.0429732000E+04    1.8672567950E-06
    3.0443244310E+04    4.4329710740E-06
    3.0456756630E+04    8.0422940089E-07
    3.0470268940E+04    1.5332875321E-06
    3.0483781260E+04    5.1026027940E-06
    3.0497293570E+04    6.8267027151E-06
    3.0510805890E+04    3.4871301837E-06
    3.0524318200E+04    4.0563414983E-09
    3.0537830510E+04    9.5071652773E-07
    3.0551342830E+04    3.8044875810E-06
    3.0564855140E+04    4.7268059698E-06
    3.0578367460E+04    5.6669637406E-06
    3.0591879770E+04    1.4008546092E-06
    3.0605392090E+04    2.3444336576E-06
    3.0618904400E+04    4.1641879799E-06
    3.0632416710E+04    2.3488089929E-06
    3.0645929030E+04    2.9502808560E-06
    3.0659441340E+04    2.4677430902E-06
    3.0672953660E+04    3.3578630305E-06
    3.0686465970E+04    5.1499554437E-06
    3.0699978290E+04    6.9219409167E-06
    3.0713490600E+04    5.1628836121E-06
    3.0727002920E+04    2.6960031267E-06
    3.0740515230E+04    3.6119098092E-06
    3.0754027540E+04    3.4374720985E-06
    3.0767539860E+04    5.3862291346E-06
    3.0781052170E+04    5.3753120060E-06
    3.0794564490E+04    5.7330344321E-06
    3.0808076800E+04    7.8798320195E-06
    3.0821589120E+04    1.0171892320E-05
    3.0835101430E+04    1.0363905144E-05
    3.0848613740E+04    9.9840483630E-06
    3.0862126060E+04    1.0956666383E-05
    3.0875638370E+04    9.1986402734E-06
    3.0889150690E+04    6.4201752204E-06
    3.0902663000E+04    4.0257890867E-06
    3.0916175320E+04    4.4408215938E-06
    3.0929687630E+04    4.5293984779E-06
    3.0943199950E+04    2.8248105881E-06
    3.0956712260E+04    4.0057445198E-06
    3.0970224570E+04    5.7711284761E-06
    3.0983736890E+04    5.4929663339E-06
    3.0997249200E+04    5.3597645635E-06
    3.1010761520E+04    3.5905725342E-06
    3.1024273830E+04    1.7588023338E-06
    3.1037786150E+04    1.9843364637E-07
    3.1051298460E+04    1.1751268018E-07
    3.1064810780E+04    2.8152505584E-06
    3.1078323090E+04    4.0754051502E-06
    3.1091835400E+04    5.8703856738E-06
    3.1105347720E+04    5.4985908786E-06
    3.1118860030E+04    6.3486879419E-06
    3.1132372350E+04    5.0153047890E-06
    3.1145884660E+04    5.6979096559E-06
    3.1159396980E+04    5.3417215194E-06
    3.1172909290E+04    5.5709394111E-06
    3.1186421600E+04    7.6049113557E-06
    3.1199933920E+04    4.7113202051E-06
    3.1213446230E+04    3.6538632851E-06
    3.1226958550E+04    5.5267031097E-06
    3.1240470860E+04    5.6125638463E-06
    3.1253983180E+04    2.2001610472E-06
    3.1267495490E+04    2.1315710281E-06
    3.1281007810E+04    4.2847879703E-06
    3.1294520120E+04    3.7734188209E-06
    3.1308032430E+04    1.1309865695E-06
    3.1321544750E+04    1.7035006755E-06
    3.1335057060E+04    3.6259580747E-06
    3.1348569380E+04    4.5220262984E-06
    3.1362081690E+04    4.1690084935E-06
    3.1375594010E+04    4.3750990721E-06
    3.1389106320E+04    5.4685007042E-06
    3.1402618630E+04    8.2003008325E-06
    3.1416130950E+04    6.4704272390E-06
    3.1429643260E+04    4.9344482940E-06
    3.1443155580E+04    5.1460347141E-06
    3.1456667890E+04    3.8159985991E-06
    3.1470180210E+04    2.5754643396E-06
    3.1483692520E+04    5.9166725389E-06
    3.1497204840E+04    8.6562760998E-06
    3.1510717150E+04    7.9389583326E-06
    3.1524229460E+04    5.6892333701E-06
    3.1537741780E+04    5.9180496282E-06
    3.1551254090E+04    3.9201523514E-06
    3.1564766410E+04    5.5473520216E-06
    3.1578278720E+04    4.8466358103E-06
    3.1591791040E+04    5.2671651183E-06
    3.1605303350E+04    6.1425566460E-06
    3.1618815660E+04    9.1262184452E-06
    3.1632327980E+04    8.9501646024E-06
    3.1645840290E+04    1.0057908346E-05
    3.1659352610E+04    9.8303329202E-06
    3.1672864920E+04    5.5140326568E-06
    3.1686377240E+04    5.2996472493E-06
    3.1699889550E+04    6.1985737237E-06
    3.1713401870E+04    5.6848150755E-06
    3.1726914180E+04    5.5441016476E-06
    3.1740426490E+04    4.5392797288E-06
    3.1753938810E+04    5.1465165007E-06
    3.1767451120E+04    5.0715904553E-06
    3.1780963440E+04    6.6958277428E-06
    3.1794475750E+04    7.8391473392E-06
    3.1807988070E+04    6.3455925912E-06
    3.1821500380E+04    5.2062648223E-06
    3.1835012700E+04    5.7061827520E-06
    3.1848525010E+04    7.0666426655E-06
    3.1862037320E+04    5.2258168329E-06
    3.1875549640E+04    3.1156930391E-06
    3.1889061950E+04    5.6458888616E-06
    3.1902574270E+04    7.2913800204E-06
    3.1916086580E+04    5.2041203784E-06
    3.1929598900E+04    1.8676773594E-06
    3.1943111210E+04    5.2287730230E-07
    3.1956623520E+04    1.3524576977E-06
    3.1970135840E+04    1.5690927867E-06
    3.1983648150E+04    7.6010211249E-07
    3.1997160470E+04    1.4082114903E-06
    3.2010672780E+04    2.9422182603E-06
    3.2024185100E+04    3.2173537899E-06
    3.2037697410E+04    3.2259637919E-06
    3.2051209730E+04    3.2344214651E-06
    3.2064722040E+04    1.4167949814E-06
    3.2078234350E+04    1.9655290701E-08
    3.2091746670E+04    4.5775115938E-09
    3.2105258980E+04    1.4650681825E-06
    3.2118771300E+04    1.1664853110E-06
    3.2132283610E+04    4.6116773572E-09
    3.2145795930E+04    4.0958067595E-07
    3.2159308240E+04    1.1481977310E-06
    3.2172820550E+04    8.5430592896E-07
    3.2186332870E+04    3.6472492437E-07
    3.2199845180E+04    1.0083323500E-06
    3.2213357500E+04    2.2038418761E-07
    3.2226869810E+04    4.6440184568E-09
    3.2240382130E+04    8.6818142632E-08
    3.2253894440E+04    4.6590181717E-09
    3.2267406760E+04    4.6664650774E-09
    3.2280919070E+04    6.0098329915E-07
    3.2294431380E+04    2.8129701999E-06
    3.2307943700E+04    9.9107271389E-07
    3.2321456010E+04    6.0967737603E-09
    3.2334968330E+04    8.0926857121E-09
    3.2348480640E+04    5.3923429399E-07
    3.2361992960E+04    9.0372690349E-07
    3.2375505270E+04    9.7048620344E-07
    3.2389017590E+04    1.3608340674E-06
    3.2402529900E+04    1.8754762302E-06
    3.2416042210E+04    4.2571812013E-06
    3.2429554530E+04    6.0696867850E-06
    3.2443066840E+04    4.0555457519E-06
    3.2456579160E+04    1.8204394480E-06
    3.2470091470E+04    1.1572759294E-06
    3.2483603790E+04    4.9542706100E-08
    3.2497116100E+04    6.4149226100E-09
    3.2510628410E+04    9.4678506763E-09
    3.2524140730E+04    2.6551616552E-07
    3.2537653040E+04    1.4644384286E-06
    3.2551165360E+04    1.6351608261E-06
    3.2564677670E+04    1.8697925129E-06
    3.2578189990E+04    2.6797130196E-06
    3.2591702300E+04    2.6647150908E-06
    3.2605214620E+04    2.1940499016E-06
    3.2618726930E+04    3.8750365106E-07
    3.2632239240E+04    1.9256025603E-08
    3.2645751560E+04    1.2420736394E-07
    3.2659263870E+04    7.1671403930E-07
    3.2672776190E+04    1.9434685420E-06
    3.2686288500E+04    2.8668092529E-06
    3.2699800820E+04    1.6274694017E-06
    3.2713313130E+04    4.8234845856E-09
    3.2726825440E+04    6.0387083731E-08
    3.2740337760E+04    1.5875376587E-07
    3.2753850070E+04    4.8319473320E-09
    3.2767362390E+04    4.8348552126E-09
    3.2780874700E+04    4.8378122581E-09
    3.2794387020E+04    4.8408275742E-09
    3.2807899330E+04    4.8439097869E-09
    3.2821411650E+04    1.6775733023E-08
    3.2834923960E+04    4.3382347993E-07
    3.2848436270E+04    4.8094631719E-08
    3.2861948590E+04    4.8569243719E-09
    3.2875460900E+04    4.8603559505E-09
    3.2888973220E+04    7.0219257350E-08
    3.2902485530E+04    4.8731845144E-09
    3.2915997850E+04    4.8768569295E-09
    3.2929510160E+04    5.6638524533E-08
    3.2943022470E+04    4.8844481101E-09
    3.2956534790E+04    4.8883723535E-09
    3.2970047100E+04    4.8923779945E-09
    3.2983559420E+04    4.8964825838E-09
    3.2997071730E+04    4.9006701841E-09
    3.3010584050E+04    8.1026641550E-08
    3.3024096360E+04    6.0075453696E-07
    3.3037608680E+04    8.7060146564E-08
    3.3051120990E+04    7.2708720420E-09
    3.3064633300E+04    4.9158619700E-09
    3.3078145620E+04    4.9190990180E-09
    3.3091657930E+04    4.9224249492E-09
    3.3105170250E+04    4.9255824106E-09
    3.3118682560E+04    4.9334438132E-09
    3.3132194880E+04    1.8587220096E-08
    3.3145707190E+04    8.3848596058E-08
    3.3159219510E+04    5.2545032218E-09
    3.3172731820E+04    4.9463250906E-09
    3.3186244130E+04    4.9495450225E-09
    3.3199756450E+04    4.9528315184E-09
    3.3213268760E+04    4.9556924527E-09
    3.3226781080E+04    4.9586056712E-09
    3.3240293390E+04    4.9615778195E-09
    3.3253805710E+04    4.9646150776E-09
    3.3267318020E+04    1.7989014631E-07
    3.3280830330E+04    9.8003393944E-08
    3.3294342650E+04    4.9740347104E-09
    3.3307854960E+04    4.9735850675E-09
    3.3321367280E+04    4.9705192235E-09
    3.3334879590E+04    4.9674854480E-09
    3.3348391910E+04    4.9693763434E-09
    3.3361904220E+04    4.9673260207E-09
    3.3375416540E+04    4.9643542139E-09
    3.3388928850E+04    4.9613948748E-09
    3.3402441160E+04    6.5259867259E-08
    3.3415953480E+04    1.4748000868E-06
    3.3429465790E+04    1.1656532700E-06
    3.3442978110E+04    2.7477184166E-08
    3.3456490420E+04    4.8915440498E-09
    3.3470002740E+04    4.8753617747E-09
    3.3483515050E+04    4.8591503043E-09
    3.3497027360E+04    4.8429076090E-09
    3.3510539680E+04    4.8093249592E-09
    3.3524051990E+04    4.7707994846E-09
    3.3537564310E+04    4.7322095684E-09
    3.3551076620E+04    1.0790614219E-08
    3.3564588940E+04    7.3089178957E-09
    3.3578101250E+04    4.6160190716E-09
    3.3591613570E+04    4.5771417599E-09
    3.3605125880E+04    4.5548537143E-09
    3.3618638190E+04    1.6016650467E-07
    3.3632150510E+04    1.5358874542E-06
    3.3645662820E+04    1.9814370826E-06
    3.3659175140E+04    1.9775740820E-06
    3.3672687450E+04    7.0896872744E-07
    3.3686199770E+04    6.4067154651E-09
    3.3699712080E+04    1.8663210799E-07
    3.3713224390E+04    9.0220610796E-07
    3.3726736710E+04    1.0061283741E-06
    3.3740249020E+04    1.8397772499E-06
    3.3753761340E+04    2.1214794352E-06
    3.3767273650E+04    1.7675663838E-07
    3.3780785970E+04    4.8575708062E-09
    3.3794298280E+04    4.9006935794E-09
    3.3807810600E+04    2.8131076333E-07
    3.3821322910E+04    3.3749163943E-06
    3.3834835220E+04    3.8874461404E-06
    3.3848347540E+04    3.8702793099E-06
    3.3861859850E+04    2.0535760130E-06
    3.3875372170E+04    1.3693725073E-06
    3.3888884480E+04    1.8250058216E-06
    3.3902396800E+04    1.9177458064E-06
    3.3915909110E+04    4.4807074849E-08
    3.3929421430E+04    8.2256857227E-07
    3.3942933740E+04    1.8677684961E-06
    3.3956446050E+04    1.5974401880E-07
    3.3969958370E+04    1.0812518218E-06
    3.3983470680E+04    2.4880031636E-06
    3.3996983000E+04    4.9838272169E-09
    3.4010495310E+04    1.0958849305E-07
    3.4024007630E+04    4.9743265228E-09
    3.4037519940E+04    4.9694503216E-09
    3.4051032250E+04    4.9645429734E-09
    3.4064544570E+04    5.4926584499E-09
    3.4078056880E+04    5.1650004412E-07
    3.4091569200E+04    4.2813893741E-08
    3.4105081510E+04    4.9512356956E-09
    3.4118593830E+04    4.9482907223E-09
    3.4132106140E+04    4.9453298001E-09
    3.4145618460E+04    4.9423560238E-09
    3.4159130770E+04    4.9444396894E-09
    3.4172643080E+04    4.9419270955E-09
    3.4186155400E+04    4.9389264925E-09
    3.4199667710E+04    4.9359227348E-09
    3.4213180030E+04    4.9369549084E-09
    3.4226692340E+04    1.4888691220E-08
    3.4240204660E+04    2.7200289887E-07
    3.4253716970E+04    8.9138933046E-09
    3.4267229280E+04    4.9415321040E-09
    3.4280741600E+04    4.9426962279E-09
    3.4294253910E+04    4.9438731193E-09
    3.4307766230E+04    4.6921021911E-09
    3.4321278540E+04    4.9464160301E-07
    3.4334790860E+04    1.1618564506E-06
    3.4348303170E+04    4.9419041360E-09
    3.4361815490E+04    4.9412514552E-09
    3.4375327800E+04    4.0430765651E-08
    3.4388840110E+04    6.5936007475E-07
    3.4402352430E+04    5.6931665340E-09
    3.4415864740E+04    4.9362904398E-09
    3.4429377060E+04    4.9335671977E-09
    3.4442889370E+04    4.9366481288E-09
    3.4456401690E+04    4.9339661020E-09
    3.4469914000E+04    4.9313041604E-09
    3.4483426310E+04    1.1785313766E-07
    3.4496938630E+04    1.2288789744E-06
    3.4510450940E+04    1.0165552808E-07
    3.4523963260E+04    4.9315159731E-09
    3.4537475570E+04    4.9318436086E-09
    3.4550987890E+04    4.9321918333E-09
    3.4564500200E+04    1.8808287083E-06
    3.4578012520E+04    1.3532300291E-06
    3.4591524830E+04    1.6360065666E-06
    3.4605037140E+04    1.7152997574E-06
    3.4618549460E+04    1.6961894528E-06
    3.4632061770E+04    1.4551549479E-06
    3.4645574090E+04    5.6751656854E-07
    3.4659086400E+04    4.9539320707E-09
    3.4672598720E+04    4.9586166298E-09
    3.4686111030E+04    3.2782141404E-08
    3.4699623350E+04    5.7760484570E-07
    3.4713135660E+04    8.8349849605E-07
    3.4726647970E+04    2.0767456391E-06
    3.4740160290E+04    1.6799672971E-07
    3.4753672600E+04    3.7251233362E-08
    3.4767184920E+04    2.5583115480E-07
    3.4780697230E+04    8.6624736113E-08
    3.4794209550E+04    1.3518184606E-06
    3.4807721860E+04    1.4313549293E-06
    3.4821234170E+04    1.3561272955E-06
    3.4834746490E+04    7.7868779955E-07
    3.4848258800E+04    2.1347315626E-08
    3.4861771120E+04    5.0105805311E-09
    3.4875283430E+04    7.1972036167E-08
    3.4888795750E+04    5.2493376881E-07
    3.4902308060E+04    5.0249155971E-09
    3.4915820380E+04    5.0310799772E-09
    3.4929332690E+04    5.0372275599E-09
    3.4942845000E+04    5.0433536670E-09
    3.4956357320E+04    5.0494592912E-09
    3.4969869630E+04    5.0555440016E-09
    3.4983381950E+04    6.4524980232E-07
    3.4996894260E+04    1.1026771044E-07
    3.5010406580E+04    5.0730308529E-09
    3.5023918890E+04    5.0782111107E-09
    3.5037431200E+04    5.0833641812E-09
    3.5050943520E+04    5.0884877009E-09
    3.5064455830E+04    5.0935780926E-09
    3.5077968150E+04    5.1033906317E-09
    3.5091480460E+04    5.1096341887E-09
    3.5104992780E+04    5.1177586784E-09
    3.5118505090E+04    5.1263183522E-09
    3.5132017410E+04    5.1319755603E-09
    3.5145529720E+04    5.1375980513E-09
    3.5159042030E+04    5.1431885421E-09
    3.5172554350E+04    1.8233424622E-06
    3.5186066660E+04    2.6411354486E-06
    3.5199578980E+04    4.0862682780E-07
    3.5213091290E+04    1.4238559175E-07
    3.5226603610E+04    1.2879854702E-06
    3.5240115920E+04    1.5595381884E-06
    3.5253628240E+04    1.0017868064E-06
    3.5267140550E+04    3.7230799091E-07
    3.5280652860E+04    5.4506297251E-09
    3.5294165180E+04    6.1232731492E-09
    3.5307677490E+04    2.1302688574E-07
    3.5321189810E+04    2.3764720479E-06
    3.5334702120E+04    1.6280850440E-06
    3.5348214440E+04    1.1142691158E-06
    3.5361726750E+04    2.1832421158E-06
    3.5375239060E+04    5.5105327400E-06
    3.5388751380E+04    7.8874825591E-06
    3.5402263690E+04    9.1462973409E-06
    3.5415776010E+04    9.0389546537E-06
    3.5429288320E+04    8.5495230418E-06
    3.5442800640E+04    8.3216650885E-06
    3.5456312950E+04    7.3000943933E-06
    3.5469825270E+04    7.6634860634E-06
    3.5483337580E+04    8.7084177228E-06
    3.5496849890E+04    1.1519732513E-05
    3.5510362210E+04    1.2466111382E-05
    3.5523874520E+04    9.3286916380E-06
    3.5537386840E+04    1.0031656686E-05
    3.5550899150E+04    9.7080123650E-06
    3.5564411470E+04    1.2666955819E-05
    3.5577923780E+04    1.3096929983E-05
    3.5591436090E+04    1.1573658239E-05
    3.5604948410E+04    1.0715722658E-05
    3.5618460720E+04    1.0954245040E-05
    3.5631973040E+04    1.1230607077E-05
    3.5645485350E+04    1.2733874867E-05
    3.5658997670E+04    1.4277137100E-05
    3.5672509980E+04    1.3191011185E-05
    3.5686022300E+04    9.7823711414E-06
    3.5699534610E+04    6.1793648507E-06
    3.5713046920E+04    6.5014186489E-06
    3.5726559240E+04    7.6786473788E-06
    3.5740071550E+04    8.2402665283E-06
    3.5753583870E+04    9.2403238988E-06
    3.5767096180E+04    1.0002223787E-05
    3.5780608500E+04    1.0393167656E-05
    3.5794120810E+04    9.2691089697E-06
    3.5807633120E+04    9.8777074009E-06
    3.5821145440E+04    1.4633164601E-05
    3.5834657750E+04    1.5044235846E-05
    3.5848170070E+04    1.3403758423E-05
    3.5861682380E+04    1.2794265448E-05
    3.5875194700E+04    1.4135024793E-05
    3.5888707010E+04    1.5167777667E-05
    3.5902219330E+04    1.5470357038E-05
    3.5915731640E+04    1.4779169610E-05
    3.5929243950E+04    1.5563685052E-05
    3.5942756270E+04    1.8295975607E-05
    3.5956268580E+04    1.9997460681E-05
    3.5969780900E+04    2.2046999660E-05
    3.5983293210E+04    2.3929368334E-05
    3.5996805530E+04    2.4774846396E-05
    3.6010317840E+04    2.5746667884E-05
    3.6023830160E+04    2.5431816014E-05
    3.6037342470E+04    2.5428774875E-05
    3.6050854780E+04    2.6370501400E-05
    3.6064367100E+04    2.4402831068E-05
    3.6077879410E+04    2.3091795903E-05
    3.6091391730E+04    2.5991409773E-05
    3.6104904040E+04    2.9473718471E-05
    3.6118416360E+04    3.0861099165E-05
    3.6131928670E+04    3.0824340139E-05
    3.6145440980E+04    3.2406253377E-05
    3.6158953300E+04    3.5341692219E-05
    3.6172465610E+04    3.6687960944E-05
    3.6185977930E+04    3.7387380723E-05
    3.6199490240E+04    3.7807556388E-05
    3.6213002560E+04    3.8608526985E-05
    3.6226514870E+04    4.2643193660E-05
    3.6240027190E+04    4.7973332130E-05
    3.6253539500E+04    5.1288129151E-05
    3.6267051810E+04    5.3831003281E-05
    3.6280564130E+04    5.5652940384E-05
    3.6294076440E+04    5.5313015158E-05
    3.6307588760E+04    5.2791400633E-05
    3.6321101070E+04    5.2052156143E-05
    3.6334613390E+04    5.6579629579E-05
    3.6348125700E+04    6.1718956946E-05
    3.6361638010E+04    6.3264667817E-05
    3.6375150330E+04    6.3281421131E-05
    3.6388662640E+04    6.2895235522E-05
    3.6402174960E+04    6.2893539890E-05
    3.6415687270E+04    6.3777120361E-05
    3.6429199590E+04    6.4218312559E-05
    3.6442711900E+04    6.4894461845E-05
    3.6456224220E+04    6.6569839454E-05
    3.6469736530E+04    6.8021917469E-05
    3.6483248840E+04    6.7960285468E-05
    3.6496761160E+04    6.5990187285E-05
    3.6510273470E+04    6.4775567449E-05
    3.6523785790E+04    6.5527529489E-05
    3.6537298100E+04    6.5138237647E-05
    3.6550810420E+04    6.5844272742E-05
    3.6564322730E+04    6.9428497101E-05
    3.6577835040E+04    7.1805547350E-05
    3.6591347360E+04    7.2680037408E-05
    3.6604859670E+04    7.5435828154E-05
    3.6618371990E+04    8.0525189116E-05
    3.6631884300E+04    8.5854584695E-05
    3.6645396620E+04    8.8626894172E-05
    3.6658908930E+04    8.9253111597E-05
    3.6672421250E+04    9.0788548517E-05
    3.6685933560E+04    9.3543507219E-05
    3.6699445870E+04    9.5302404163E-05
    3.6712958190E+04    9.6443864766E-05
    3.6726470500E+04    1.0055978828E-04
    3.6739982820E+04    1.0851399719E-04
    3.6753495130E+04    1.1596451935E-04
    3.6767007450E+04    1.2108348871E-04
    3.6780519760E+04    1.2702695533E-04
    3.6794032080E+04    1.3418411285E-04
    3.6807544390E+04    1.4074071468E-04
    3.6821056700E+04    1.4678474606E-04
    3.6834569020E+04    1.5295613665E-04
    3.6848081330E+04    1.5941960454E-04
    3.6861593650E+04    1.6482218653E-04
    3.6875105960E+04    1.6977585613E-04
    3.6888618280E+04    1.7942769085E-04
    3.6902130590E+04    1.9414556954E-04
    3.6915642900E+04    2.0713562642E-04
    3.6929155220E+04    2.1561804730E-04
    3.6942667530E+04    2.2437077356E-04
    3.6956179850E+04    2.3644059630E-04
    3.6969692160E+04    2.4949586541E-04
    3.6983204480E+04    2.6113470590E-04
    3.6996716790E+04    2.7452019550E-04
    3.7010229110E+04    2.9178506272E-04
    3.7023741420E+04    3.1151967206E-04
    3.7037253730E+04    3.3327868793E-04
    3.7050766050E+04    3.5652880087E-04
    3.7064278360E+04    3.8120245296E-04
    3.7077790680E+04    4.0790973615E-04
    3.7091302990E+04    4.3391024476E-04
    3.7104815310E+04    4.5838740054E-04
    3.7118327620E+04    4.8523663947E-04
    3.7131839930E+04    5.1465999396E-04
    3.7145352250E+04    5.4494487617E-04
    3.7158864560E+04    5.7713825082E-04
    3.7172376880E+04    6.1091791737E-04
    3.7185889190E+04    6.4595677634E-04
    3.7199401510E+04    6.8361960636E-04
    3.7212913820E+04    7.2376182604E-04
    3.7226426140E+04    7.6667375216E-04
    3.7239938450E+04    8.1288580270E-04
    3.7253450760E+04    8.6209134227E-04
    3.7266963080E+04    9.1668336181E-04
    3.7280475390E+04    9.7798660426E-04
    3.7293987710E+04    1.0425820511E-03
    3.7307500020E+04    1.1079104181E-03
    3.7321012340E+04    1.1744827961E-03
    3.7334524650E+04    1.2450161082E-03
    3.7348036960E+04    1.3223637020E-03
    3.7361549280E+04    1.4066995397E-03
    3.7375061590E+04    1.4936676031E-03
    3.7388573910E+04    1.5871208017E-03
    3.7402086220E+04    1.6860323722E-03
    3.7415598540E+04    1.7887976466E-03
    3.7429110850E+04    1.8963023691E-03
    3.7442623170E+04    2.0124328578E-03
    3.7456135480E+04    2.1357944600E-03
    3.7469647790E+04    2.2662667321E-03
    3.7483160110E+04    2.4057300861E-03
    3.7496672420E+04    2.5563601035E-03
    3.7510184740E+04    2.7178235685E-03
    3.7523697050E+04    2.8880377739E-03
    3.7537209370E+04    3.0681287786E-03
    3.7550721680E+04    3.2595703519E-03
    3.7564234000E+04    3.4615431775E-03
    3.7577746310E+04    3.6762705715E-03
    3.7591258620E+04    3.9067130361E-03
    3.7604770940E+04    4.1517216134E-03
    3.7618283250E+04    4.4107561944E-03
    3.7631795570E+04    4.6853508453E-03
    3.7645307880E+04    4.9765113007E-03
    3.7658820200E+04    5.2858069802E-03
    3.7672332510E+04    5.6143003245E-03
    3.7685844820E+04    5.9626179978E-03
    3.7699357140E+04    6.3336179685E-03
    3.7712869450E+04    6.7290278682E-03
    3.7726381770E+04    7.1486634943E-03
    3.7739894080E+04    7.5955166244E-03
    3.7753406400E+04    8.0731208638E-03
    3.7766918710E+04    8.5877544610E-03
    3.7780431030E+04    9.1299409578E-03
    3.7793943340E+04    9.7040432773E-03
    3.7807455650E+04    1.0316924413E-02
    3.7820967970E+04    1.0970364599E-02
    3.7834480280E+04    1.1667178313E-02
    3.7847992600E+04    1.2411425258E-02
    3.7861504910E+04    1.3205532045E-02
    3.7875017230E+04    1.4050517461E-02
    3.7888529540E+04    1.4949714640E-02
    3.7902041850E+04    1.5909028511E-02
    3.7915554170E+04    1.6928739686E-02
    3.7929066480E+04    1.8014291522E-02
    3.7942578800E+04    1.9175122881E-02
    3.7956091110E+04    2.0421189589E-02
    3.7969603430E+04    2.1752536830E-02
    3.7983115740E+04    2.3171858593E-02
    3.7996628060E+04    2.4691209482E-02
    3.8010140370E+04    2.6323218230E-02
    3.8023652680E+04    2.8067373254E-02
    3.8037165000E+04    2.9929856974E-02
    3.8050677310E+04    3.1920336959E-02
    3.8064189630E+04    3.4051015943E-02
    3.8077701940E+04    3.6333923029E-02
    3.8091214260E+04    3.8773467050E-02
    3.8104726570E+04    4.1375888083E-02
    3.8118238890E+04    4.4154031762E-02
    3.8131751200E+04    4.7121033370E-02
    3.8145263510E+04    5.0288069533E-02
    3.8158775830E+04    5.3672617082E-02
    3.8172288140E+04    5.7300393731E-02
    3.8185800460E+04    6.1204942333E-02
    3.8199312770E+04    6.5312050692E-02
    3.8212825090E+04    6.9690833371E-02
    3.8226337400E+04    7.4354201798E-02
    3.8239849710E+04    7.9317781312E-02
    3.8253362030E+04    8.4592235491E-02
    3.8266874340E+04    9.0185091533E-02
    3.8280386660E+04    9.6111205497E-02
    3.8293898970E+04    1.0238040124E-01
    3.8307411290E+04    1.0899327827E-01
    3.8320923600E+04    1.1596435548E-01
    3.8334435920E+04    1.2330390145E-01
    3.8347948230E+04    1.3100498333E-01
    3.8361460540E+04    1.3907756935E-01
    3.8374972860E+04    1.4751460705E-01
    3.8388485170E+04    1.5644966456E-01
    3.8401997490E+04    1.6563102742E-01
    3.8415509800E+04    1.7512056368E-01
    3.8429022120E+04    1.8491041938E-01
    3.8442534430E+04    1.9499527969E-01
    3.8456046740E+04    2.0534781718E-01
    3.8469559060E+04    2.1592230550E-01
    3.8483071370E+04    2.2669177473E-01
    3.8496583690E+04    2.3762249309E-01
    3.8510096000E+04    2.4866130801E-01
    3.8523608320E+04    2.5977377976E-01
    3.8537120630E+04    2.7092217057E-01
    3.8550632950E+04    2.8203867270E-01
    3.8564145260E+04    2.9307678943E-01
    3.8577657570E+04    3.0427298710E-01
    3.8591169890E+04    3.1510841614E-01
    3.8604682200E+04    3.2563288788E-01
    3.8618194520E+04    3.3589771293E-01
    3.8631706830E+04    3.4581081035E-01
    3.8645219150E+04    3.5538676515E-01
    3.8658731460E+04    3.6462191056E-01
    3.8672243770E+04    3.7344983532E-01
    3.8685756090E+04    3.8186174197E-01
    3.8699268400E+04    3.8986543397E-01
    3.8712780720E+04    3.9742076517E-01
    3.8726293030E+04    4.0453396530E-01
    3.8739805350E+04    4.1122450526E-01
    3.8753317660E+04    4.1747758337E-01
    3.8766829980E+04    4.2328676531E-01
    3.8780342290E+04    4.2869389440E-01
    3.8793854600E+04    4.3369784614E-01
    3.8807366920E+04    4.3829058541E-01
    3.8820879230E+04    4.4254652004E-01
    3.8834391550E+04    4.4643187227E-01
    3.8847903860E+04    4.4996258287E-01
    3.8861416180E+04    4.5320711096E-01
    3.8874928490E+04    4.5615828267E-01
    3.8888440810E+04    4.5881484032E-01
    3.8901953120E+04    4.6122886308E-01
    3.8915465430E+04    4.6341138444E-01
    3.8928977750E+04    4.6536604956E-01
    3.8942490060E+04    4.6712889021E-01
    3.8956002380E+04    4.6872558302E-01
    3.8969514690E+04    4.7013624003E-01
    3.8983027010E+04    4.7193793437E-01
    3.8996539320E+04    4.7308911917E-01
    3.9010051630E+04    4.7407125429E-01
    3.9023563950E+04    4.7494111211E-01
    3.9037076260E+04    4.7573859687E-01
    3.9050588580E+04    4.7642133364E-01
    3.9064100890E+04    4.7702347970E-01
    3.9077613210E+04    4.7757555065E-01
    3.9091125520E+04    4.7805986586E-01
    3.9104637840E+04    4.7848052975E-01
    3.9118150150E+04    4.7887288503E-01
    3.9131662460E+04    4.7922125274E-01
    3.9145174780E+04    4.7978392706E-01
    3.9158687090E+04    4.8032253481E-01
    3.9172199410E+04    4.8057780456E-01
    3.9185711720E+04    4.8077453605E-01
    3.9199224040E+04    4.8097746871E-01
    3.9212736350E+04    4.8116747213E-01
    3.9226248660E+04    4.8131924532E-01
    3.9239760980E+04    4.8146610063E-01
    3.9253273290E+04    4.8161404266E-01
    3.9266785610E+04    4.8173836282E-01
    3.9280297920E+04    4.8185194084E-01
    3.9293810240E+04    4.8198378684E-01
    3.9307322550E+04    4.8208549256E-01
    3.9320834870E+04    4.8216333958E-01
    3.9334347180E+04    4.8227402098E-01
    3.9347859490E+04    4.8235883919E-01
    3.9361371810E+04    4.8242964916E-01
    3.9374884120E+04    4.8278199741E-01
    3.9388396440E+04    4.8313309582E-01
    3.9401908750E+04    4.8319454218E-01
    3.9415421070E+04    4.8332908169E-01
    3.9428933380E+04    4.8347186051E-01
    3.9442445690E+04    4.8357911515E-01
    3.9455958010E+04    4.8369859857E-01
    3.9469470320E+04    4.8383542807E-01
    3.9482982640E+04    4.8393466539E-01
    3.9496494950E+04    4.8404668880E-01
    3.9510007270E+04    4.8411081230E-01
    3.9523519580E+04    4.8413612796E-01
    3.9537031900E+04    4.8415212040E-01
    3.9550544210E+04    4.8418030293E-01
    3.9564056520E+04    4.8419760302E-01
    3.9577568840E+04    4.8418647776E-01
    3.9591081150E+04    4.8421230006E-01
    3.9604593470E+04    4.8423310077E-01
    3.9618105780E+04    4.8423204283E-01
    3.9631618100E+04    4.8424771903E-01
    3.9645130410E+04    4.8425816367E-01
    3.9658642730E+04    4.8424811079E-01
    3.9672155040E+04    4.8424016720E-01
    3.9685667350E+04    4.8424879822E-01
    3.9699179670E+04    4.8472460159E-01
    3.9712691980E+04    4.8475462205E-01
    3.9726204300E+04    4.8477649338E-01
    3.9739716610E+04    4.8476798444E-01
    3.9753228930E+04    4.8475283149E-01
    3.9766741240E+04    4.8475600607E-01
    3.9780253550E+04    4.8531076818E-01
    3.9793765870E+04    4.8529055156E-01
    3.9807278180E+04    4.8527624557E-01
    3.9820790500E+04    4.8527098291E-01
    3.9834302810E+04    4.8522175405E-01
    3.9847815130E+04    4.8518709743E-01
    3.9861327440E+04    4.8516585386E-01
    3.9874839760E+04    4.8512263546E-01
    3.9888352070E+04    4.8508356467E-01
    3.9901864380E+04    4.8505597878E-01
    3.9915376700E+04    4.8501567214E-01
    3.9928889010E+04    4.8494938881E-01
    3.9942401330E+04    4.8491480089E-01
    3.9955913640E+04    4.8487658425E-01
    3.9969425960E+04    4.8480723307E-01
    3.9982938270E+04    4.8475584551E-01
    3.9996450580E+04    4.8470127880E-01
    4.0009962900E+04    4.8461761569E-01
    4.0023475210E+04    4.8452290631E-01
    4.0036987530E+04    4.8444858408E-01
    4.0050499840E+04    4.8435637314E-01
    4.0064012160E+04    4.8425373940E-01
    4.0077524470E+04    4.8417901821E-01
    4.0091036790E+04    4.8408318639E-01
    4.0104549100E+04    4.8399352543E-01
    4.0118061410E+04    4.8395594397E-01
    4.0131573730E+04    4.8392262471E-01
    4.0145086040E+04    4.8385499033E-01
    4.0158598360E+04    4.8378352806E-01
    4.0172110670E+04    4.8373097140E-01
    4.0185622990E+04    4.8395834651E-01
    4.0199135300E+04    4.8411932589E-01
    4.0212647610E+04    4.8453015769E-01
    4.0226159930E+04    4.8439449448E-01
    4.0239672240E+04    4.8423821956E-01
    4.0253184560E+04    4.8410421871E-01
    4.0266696870E+04    4.8398388811E-01
    4.0280209190E+04    4.8382972241E-01
    4.0293721500E+04    4.8369538774E-01
    4.0307233820E+04    4.8356791749E-01
    4.0320746130E+04    4.8342428114E-01
    4.0334258440E+04    4.8326830960E-01
    4.0347770760E+04    4.8314072258E-01
    4.0361283070E+04    4.8300936063E-01
    4.0374795390E+04    4.8286394461E-01
    4.0388307700E+04    4.8275589971E-01
    4.0401820020E+04    4.8266426091E-01
    4.0415332330E+04    4.8262294665E-01
    4.0428844650E+04    4.8258943397E-01
    4.0442356960E+04    4.8258688564E-01
    4.0455869270E+04    4.8256785665E-01
    4.0469381590E+04    4.8255042740E-01
    4.0482893900E+04    4.8256557815E-01
    4.0496406220E+04    4.8257799253E-01
    4.0509918530E+04    4.8253937165E-01
    4.0523430850E+04    4.8250326960E-01
    4.0536943160E+04    4.8249485403E-01
    4.0550455470E+04    4.8245974255E-01
    4.0563967790E+04    4.8245001383E-01
    4.0577480100E+04    4.8247098179E-01
    4.0590992420E+04    4.8248757105E-01
    4.0604504730E+04    4.8275511873E-01
    4.0618017050E+04    4.8310111119E-01
    4.0631529360E+04    4.8315284500E-01
    4.0645041680E+04    4.8316582951E-01
    4.0658553990E+04    4.8321183820E-01
    4.0672066300E+04    4.8327103560E-01
    4.0685578620E+04    4.8331518022E-01
    4.0699090930E+04    4.8335044822E-01
    4.0712603250E+04    4.8347101632E-01
    4.0726115560E+04    4.8392066936E-01
    4.0739627880E+04    4.8422308780E-01
    4.0753140190E+04    4.8434339921E-01
    4.0766652500E+04    4.8446298405E-01
    4.0780164820E+04    4.8456432550E-01
    4.0793677130E+04    4.8465359910E-01
    4.0807189450E+04    4.8472780279E-01
    4.0820701760E+04    4.8472637361E-01
    4.0834214080E+04    4.8469736332E-01
    4.0847726390E+04    4.8467858804E-01
    4.0861238710E+04    4.8464964459E-01
    4.0874751020E+04    4.8459160336E-01
    4.0888263330E+04    4.8452025936E-01
    4.0901775650E+04    4.8446426545E-01
    4.0915287960E+04    4.8436105976E-01
    4.0928800280E+04    4.8424520240E-01
    4.0942312590E+04    4.8413129243E-01
    4.0955824910E+04    4.8400880393E-01
    4.0969337220E+04    4.8384680680E-01
    4.0982849530E+04    4.8368143548E-01
    4.0996361850E+04    4.8350695663E-01
    4.1009874160E+04    4.8324022450E-01
    4.1023386480E+04    4.8294051802E-01
    4.1036898790E+04    4.8302830500E-01
    4.1050411110E+04    4.8289822486E-01
    4.1063923420E+04    4.8255137858E-01
    4.1077435740E+04    4.8222302165E-01
    4.1090948050E+04    4.8189015144E-01
    4.1104460360E+04    4.8155688667E-01
    4.1117972680E+04    4.8125145027E-01
    4.1131484990E+04    4.8096899088E-01
    4.1144997310E+04    4.8066844649E-01
    4.1158509620E+04    4.8034164517E-01
    4.1172021940E+04    4.8003574369E-01
    4.1185534250E+04    4.8003291197E-01
    4.1199046570E+04    4.7996136182E-01
    4.1212558880E+04    4.7964580987E-01
    4.1226071190E+04    4.7937255519E-01
    4.1239583510E+04    4.7909255961E-01
    4.1253095820E+04    4.7882003780E-01
    4.1266608140E+04    4.7857332177E-01
    4.1280120450E+04    4.7835818557E-01
    4.1293632770E+04    4.7813331730E-01
    4.1307145080E+04    4.7790430836E-01
    4.1320657390E+04    4.7768908138E-01
    4.1334169710E+04    4.7748371881E-01
    4.1347682020E+04    4.7727947243E-01
    4.1361194340E+04    4.7709892114E-01
    4.1374706650E+04    4.7695948723E-01
    4.1388218970E+04    4.7681654461E-01
    4.1401731280E+04    4.7672139726E-01
    4.1415243600E+04    4.7676815765E-01
    4.1428755910E+04    4.7683902527E-01
    4.1442268220E+04    4.7690708441E-01
    4.1455780540E+04    4.7703641771E-01
    4.1469292850E+04    4.7719561688E-01
    4.1482805170E+04    4.7791293446E-01
    4.1496317480E+04    4.7810021875E-01
    4.1509829800E+04    4.7828797083E-01
    4.1523342110E+04    4.7846848967E-01
    4.1536854420E+04    4.7864348563E-01
    4.1550366740E+04    4.7885076464E-01
    4.1563879050E+04    4.7908198790E-01
    4.1577391370E+04    4.7931021956E-01
    4.1590903680E+04    4.7953422374E-01
    4.1604416000E+04    4.8003641400E-01
    4.1617928310E+04    4.8060099504E-01
    4.1631440630E+04    4.8086187213E-01
    4.1644952940E+04    4.8112717882E-01
    4.1658465250E+04    4.8142556614E-01
    4.1671977570E+04    4.8168732044E-01
    4.1685489880E+04    4.8193449033E-01
    4.1699002200E+04    4.8218362851E-01
    4.1712514510E+04    4.8243190105E-01
    4.1726026830E+04    4.8263305921E-01
    4.1739539140E+04    4.8282242948E-01
    4.1753051460E+04    4.8300447111E-01
    4.1766563770E+04    4.8314978662E-01
    4.1780076080E+04    4.8325393374E-01
    4.1793588400E+04    4.8335400802E-01
    4.1807100710E+04    4.8344423393E-01
    4.1820613030E+04    4.8348076708E-01
    4.1834125340E+04    4.8349213480E-01
    4.1847637660E+04    4.8349090548E-01
    4.1861149970E+04    4.8346696438E-01
    4.1874662280E+04    4.8337309664E-01
    4.1888174600E+04    4.8326931008E-01
    4.1901686910E+04    4.8313737483E-01
    4.1915199230E+04    4.8295815690E-01
    4.1928711540E+04    4.8272765335E-01
    4.1942223860E+04    4.8305262440E-01
    4.1955736170E+04    4.8279287237E-01
    4.1969248490E+04    4.8249647701E-01
    4.1982760800E+04    4.8217662885E-01
    4.1996273110E+04    4.8186945792E-01
    4.2009785430E+04    4.8151642568E-01
    4.2023297740E+04    4.8114079833E-01
    4.2036810060E+04    4.8112838375E-01
    4.2050322370E+04    4.8093123134E-01
    4.2063834690E+04    4.8052999030E-01
    4.2077347000E+04    4.8011750827E-01
    4.2090859310E+04    4.7971736798E-01
    4.2104371630E+04    4.7931564402E-01
    4.2117883940E+04    4.7889994394E-01
    4.2131396260E+04    4.7849559052E-01
    4.2144908570E+04    4.7811652278E-01
    4.2158420890E+04    4.7772178338E-01
    4.2171933200E+04    4.7731943507E-01
    4.2185445520E+04    4.7693739906E-01
    4.2198957830E+04    4.7658306224E-01
    4.2212470140E+04    4.7619019486E-01
    4.2225982460E+04    4.7580079948E-01
    4.2239494770E+04    4.7542717999E-01
    4.2253007090E+04    4.7505760968E-01
    4.2266519400E+04    4.7463281572E-01
    4.2280031720E+04    4.7419922340E-01
    4.2293544030E+04    4.7374559465E-01
    4.2307056340E+04    4.7325877713E-01
    4.2320568660E+04    4.7271046465E-01
    4.2334080970E+04    4.7214806823E-01
    4.2347593290E+04    4.7152936099E-01
    4.2361105600E+04    4.7083473889E-01
    4.2374617920E+04    4.7005125519E-01
    4.2388130230E+04    4.6921002171E-01
    4.2401642550E+04    4.6826973007E-01
    4.2415154860E+04    4.6721365465E-01
    4.2428667170E+04    4.6650941701E-01
    4.2442179490E+04    4.6530134584E-01
    4.2455691800E+04    4.6381669985E-01
    4.2469204120E+04    4.6215188292E-01
    4.2482716430E+04    4.6082003264E-01
    4.2496228750E+04    4.5881272368E-01
    4.2509741060E+04    4.5647981237E-01
    4.2523253380E+04    4.5392986709E-01
    4.2536765690E+04    4.5116709162E-01
    4.2550278000E+04    4.4818251116E-01
    4.2563790320E+04    4.4486102493E-01
    4.2577302630E+04    4.4124249678E-01
    4.2590814950E+04    4.3737293074E-01
    4.2604327260E+04    4.3297375066E-01
    4.2617839580E+04    4.2770968025E-01
    4.2631351890E+04    4.2208484600E-01
    4.2644864200E+04    4.1620950200E-01
    4.2658376520E+04    4.1007253664E-01
    4.2671888830E+04    4.0366888621E-01
    4.2685401150E+04    3.9693107778E-01
    4.2698913460E+04    3.8994417157E-01
    4.2712425780E+04    3.8240261625E-01
    4.2725938090E+04    3.7464149561E-01
    4.2739450410E+04    3.6667225088E-01
    4.2752962720E+04    3.5848624062E-01
    4.2766475030E+04    3.5016956898E-01
    4.2779987350E+04    3.4175094923E-01
    4.2793499660E+04    3.3324524759E-01
    4.2807011980E+04    3.2587099643E-01
    4.2820524290E+04    3.1956592590E-01
    4.2834036610E+04    3.1312815005E-01
    4.2847548920E+04    3.0658922777E-01
    4.2861061230E+04    2.9983404046E-01
    4.2874573550E+04    2.9299825242E-01
    4.2888085860E+04    2.8611400050E-01
    4.2901598180E+04    2.7905532824E-01
    4.2915110490E+04    2.7083566237E-01
    4.2928622810E+04    2.6267421348E-01
    4.2942135120E+04    2.5495549178E-01
    4.2955647440E+04    2.4721440541E-01
    4.2969159750E+04    2.3929931216E-01
    4.2982672060E+04    2.3148215300E-01
    4.2996184380E+04    2.2380177623E-01
    4.3009696690E+04    2.1623663203E-01
    4.3023209010E+04    2.0876874584E-01
    4.3036721320E+04    2.0143343048E-01
    4.3050233640E+04    1.9426210049E-01
    4.3063745950E+04    1.8725186448E-01
    4.3077258260E+04    1.8037801089E-01
    4.3090770580E+04    1.7365399196E-01
    4.3104282890E+04    1.6709958901E-01
    4.3117795210E+04    1.6070846075E-01
    4.3131307520E+04    1.5445957996E-01
    4.3144819840E+04    1.4835670838E-01
    4.3158332150E+04    1.4242132356E-01
    4.3171844470E+04    1.3664845474E-01
    4.3185356780E+04    1.3102054014E-01
    4.3198869090E+04    1.2553050802E-01
    4.3212381410E+04    1.2020119792E-01
    4.3225893720E+04    1.1502742963E-01
    4.3239406040E+04    1.0999857095E-01
    4.3252918350E+04    1.0510993537E-01
    4.3266430670E+04    1.0037527555E-01
    4.3279942980E+04    9.5791343711E-02
    4.3293455300E+04    9.1346583755E-02
    4.3306967610E+04    8.7033919808E-02
    4.3320479920E+04    8.2867963027E-02
    4.3333992240E+04    7.8847655797E-02
    4.3347504550E+04    7.4963953884E-02
    4.3361016870E+04    7.1213445992E-02
    4.3374529180E+04    6.7605431320E-02
    4.3388041500E+04    6.4137570540E-02
    4.3401553810E+04    6.0801275655E-02
    4.3415066120E+04    5.7595371594E-02
    4.3428578440E+04    5.4522993229E-02
    4.3442090750E+04    5.1580939144E-02
    4.3455603070E+04    4.8790589270E-02
    4.3469115380E+04    4.6118023052E-02
    4.3482627700E+04    4.3549549917E-02
    4.3496140010E+04    4.1103453887E-02
    4.3509652330E+04    3.8771265408E-02
    4.3523164640E+04    3.6595288314E-02
    4.3536676950E+04    3.4487550598E-02
    4.3550189270E+04    3.2487523975E-02
    4.3563701580E+04    3.0588204246E-02
    4.3577213900E+04    2.8789972498E-02
    4.3590726210E+04    2.7089151445E-02
    4.3604238530E+04    2.5481434310E-02
    4.3617750840E+04    2.3966330664E-02
    4.3631263150E+04    2.2540259286E-02
    4.3644775470E+04    2.1196536224E-02
    4.3658287780E+04    1.9928064686E-02
    4.3671800100E+04    1.8731622235E-02
    4.3685312410E+04    1.7606738019E-02
    4.3698824730E+04    1.6549690574E-02
    4.3712337040E+04    1.5556945914E-02
    4.3725849360E+04    1.4625826962E-02
    4.3739361670E+04    1.3751315122E-02
    4.3752873980E+04    1.2929998158E-02
    4.3766386300E+04    1.2160755555E-02
    4.3779898610E+04    1.1442396164E-02
    4.3793410930E+04    1.0768062392E-02
    4.3806923240E+04    1.0133429697E-02
    4.3820435560E+04    9.5347348014E-03
    4.3833947870E+04    8.9762182317E-03
    4.3847460180E+04    8.4545174339E-03
    4.3860972500E+04    7.9670340542E-03
    4.3874484810E+04    7.5081442269E-03
    4.3887997130E+04    7.0781121864E-03
    4.3901509440E+04    6.6753437533E-03
    4.3915021760E+04    6.2985520385E-03
    4.3928534070E+04    5.9441255967E-03
    4.3942046390E+04    5.6112460495E-03
    4.3955558700E+04    5.2988934175E-03
    4.3969071010E+04    5.0050921118E-03
    4.3982583330E+04    4.7287941979E-03
    4.3996095640E+04    4.4696946125E-03
    4.4009607960E+04    4.2285964793E-03
    4.4023120270E+04    4.0027695267E-03
    4.4036632590E+04    3.7912344623E-03
    4.4050144900E+04    3.5934276430E-03
    4.4063657220E+04    3.4144608228E-03
    4.4077169530E+04    3.2396830550E-03
    4.4090681840E+04    3.0729083354E-03
    4.4104194160E+04    2.9137546069E-03
    4.4117706470E+04    2.7682318857E-03
    4.4131218790E+04    2.6330672283E-03
    4.4144731100E+04    2.5088133700E-03
    4.4158243420E+04    2.3894651972E-03
    4.4171755730E+04    2.2768413534E-03
    4.4185268040E+04    2.1694861737E-03
    4.4198780360E+04    2.0666700028E-03
    4.4212292670E+04    1.9696176569E-03
    4.4225804990E+04    1.8776827518E-03
    4.4239317300E+04    1.7900775631E-03
    4.4252829620E+04    1.7053007198E-03
    4.4266341930E+04    1.6265276208E-03
    4.4279854250E+04    1.5530234365E-03
    4.4293366560E+04    1.4844890948E-03
    4.4306878870E+04    1.4179036779E-03
    4.4320391190E+04    1.3554585046E-03
    4.4333903500E+04    1.2967389047E-03
    4.4347415820E+04    1.2414292168E-03
    4.4360928130E+04    1.1867959815E-03
    4.4374440450E+04    1.1355663587E-03
    4.4387952760E+04    1.0886877779E-03
    4.4401465070E+04    1.0476493941E-03
    4.4414977390E+04    1.0066172026E-03
    4.4428489700E+04    9.6564073861E-04
    4.4442002020E+04    9.2433292378E-04
    4.4455514330E+04    8.8505276217E-04
    4.4469026650E+04    8.4837363782E-04
    4.4482538960E+04    8.1473751540E-04
    4.4496051280E+04    7.8632272818E-04
    4.4509563590E+04    7.5939474035E-04
    4.4523075900E+04    7.3340636385E-04
    4.4536588220E+04    7.0669615511E-04
    4.4550100530E+04    6.8063611059E-04
    4.4563612850E+04    6.5470691729E-04
    4.4577125160E+04    6.2799275995E-04
    4.4590637480E+04    6.0131635559E-04
    4.4604149790E+04    5.7686714423E-04
    4.4617662110E+04    5.5497233505E-04
    4.4631174420E+04    5.3514654497E-04
    4.4644686730E+04    5.1663381857E-04
    4.4658199050E+04    4.9949301100E-04
    4.4671711360E+04    4.8445770166E-04
    4.4685223680E+04    4.6893772552E-04
    4.4698735990E+04    4.5321661563E-04
    4.4712248310E+04    4.3721013326E-04
    4.4725760620E+04    4.2223761143E-04
    4.4739272930E+04    4.0746748453E-04
    4.4752785250E+04    3.9281211440E-04
    4.4766297560E+04    3.7890496524E-04
    4.4779809880E+04    3.6627675634E-04
    4.4793322190E+04    3.5464702255E-04
    4.4806834510E+04    3.4415541061E-04
    4.4820346820E+04    3.3428357064E-04
    4.4833859140E+04    3.2454130075E-04
    4.4847371450E+04    3.1481284814E-04
    4.4860883760E+04    3.0524278269E-04
    4.4874396080E+04    2.9630823401E-04
    4.4887908390E+04    2.8812239405E-04
    4.4901420710E+04    2.7799566670E-04
    4.4914933020E+04    2.6772933540E-04
    4.4928445340E+04    2.5795185811E-04
    4.4941957650E+04    2.5150950301E-04
    4.4955469960E+04    2.4580300300E-04
    4.4968982280E+04    2.4023407970E-04
    4.4982494590E+04    2.3406303750E-04
    4.4996006910E+04    2.2896054044E-04
    4.5009519220E+04    2.2398499484E-04
    4.5023031540E+04    2.1874559697E-04
    4.5036543850E+04    2.1154723875E-04
    4.5050056170E+04    2.0386066120E-04
    4.5063568480E+04    1.9586734019E-04
    4.5077080790E+04    1.8816807215E-04
    4.5090593110E+04    1.8160189384E-04
    4.5104105420E+04    1.7595032086E-04
    4.5117617740E+04    1.7100754107E-04
    4.5131130050E+04    1.6600380842E-04
    4.5144642370E+04    1.6120531566E-04
    4.5158154680E+04    1.5703894817E-04
    4.5171666990E+04    1.5153339379E-04
    4.5185179310E+04    1.4529899660E-04
    4.5198691620E+04    1.3826202402E-04
    4.5212203940E+04    1.3403748730E-04
    4.5225716250E+04    1.3057183274E-04
    4.5239228570E+04    1.2741855431E-04
    4.5252740880E+04    1.2304527194E-04
    4.5266253200E+04    1.1922878930E-04
    4.5279765510E+04    1.1611390269E-04
    4.5293277820E+04    1.1037863489E-04
    4.5306790140E+04    1.0433151796E-04
    4.5320302450E+04    9.8576430526E-05
    4.5333814770E+04    9.8248331796E-05
    4.5347327080E+04    9.7405448990E-05
    4.5360839400E+04    9.5710789136E-05
    4.5374351710E+04    9.0537539799E-05
    4.5387864030E+04    8.7586657353E-05
    4.5401376340E+04    8.5751324769E-05
    4.5414888650E+04    8.4102059612E-05
    4.5428400970E+04    8.0670854377E-05
    4.5441913280E+04    7.7537028041E-05
    4.5455425600E+04    7.6839280255E-05
    4.5468937910E+04    7.6830963143E-05
    4.5482450230E+04    7.6280801896E-05
    4.5495962540E+04    7.3995131425E-05
    4.5509474850E+04    7.2047800423E-05
    4.5522987170E+04    7.0149172728E-05
    4.5536499480E+04    6.8244889552E-05
    4.5550011800E+04    6.5821663845E-05
    4.5563524110E+04    6.3189312859E-05
    4.5577036430E+04    6.0348154834E-05
    4.5590548740E+04    5.6179411167E-05
    4.5604061060E+04    5.3009722730E-05
    4.5617573370E+04    5.1115862573E-05
    4.5631085680E+04    5.0634673369E-05
    4.5644598000E+04    4.8730109946E-05
    4.5658110310E+04    4.5199394197E-05
    4.5671622630E+04    4.2307027592E-05
    4.5685134940E+04    4.0970841025E-05
    4.5698647260E+04    4.1124398660E-05
    4.5712159570E+04    3.9976716259E-05
    4.5725671880E+04    3.9327295109E-05
    4.5739184200E+04    3.9129514684E-05
    4.5752696510E+04    3.9359955975E-05
    4.5766208830E+04    3.7969607112E-05
    4.5779721140E+04    3.5276751123E-05
    4.5793233460E+04    3.3008993621E-05
    4.5806745770E+04    3.1558310946E-05
    4.5820258090E+04    3.0714111445E-05
    4.5833770400E+04    2.6833930851E-05
    4.5847282710E+04    2.4171582032E-05
    4.5860795030E+04    2.2215198290E-05
    4.5874307340E+04    2.0205617693E-05
    4.5887819660E+04    1.9166996365E-05
    4.5901331970E+04    1.9004886973E-05
    4.5914844290E+04    1.9467572280E-05
    4.5928356600E+04    1.9299197871E-05
    4.5941868910E+04    2.0000495618E-05
    4.5955381230E+04    1.7546283036E-05
    4.5968893540E+04    1.6826066675E-05
    4.5982405860E+04    1.6178528322E-05
    4.5995918170E+04    1.4433887337E-05
    4.6009430490E+04    1.3221634141E-05
    4.6022942800E+04    1.2497392453E-05
    4.6036455120E+04    1.2693645858E-05
    4.6049967430E+04    1.2269883745E-05
    4.6063479740E+04    1.1175884450E-05
    4.6076992060E+04    1.1275917013E-05
    4.6090504370E+04    1.2545682077E-05
    4.6104016690E+04    1.5845977748E-05
    4.6117529000E+04    1.8620114541E-05
    4.6131041320E+04    2.0934931642E-05
    4.6144553630E+04    2.2212372352E-05
    4.6158065950E+04    2.1748269314E-05
    4.6171578260E+04    2.0085540346E-05
    4.6185090570E+04    1.7095146953E-05
    4.6198602890E+04    1.5056169123E-05
    4.6212115200E+04    1.4079985574E-05
    4.6225627520E+04    1.5294896423E-05
    4.6239139830E+04    1.6781721954E-05
    4.6252652150E+04    1.8069899470E-05
    4.6266164460E+04    1.7981110299E-05
    4.6279676770E+04    1.5819337276E-05
    4.6293189090E+04    1.2810170914E-05
    4.6306701400E+04    9.2427694150E-06
    4.6320213720E+04    7.5255871633E-06
    4.6333726030E+04    7.3913943964E-06
    4.6347238350E+04    7.8936950087E-06
    4.6360750660E+04    8.5536064550E-06
    4.6374262980E+04    1.0520448703E-05
    4.6387775290E+04    1.2941264807E-05
    4.6401287600E+04    1.5157012140E-05
    4.6414799920E+04    1.6987619804E-05
    4.6428312230E+04    1.7027319136E-05
    4.6441824550E+04    1.6408918311E-05
    4.6455336860E+04    1.4921171332E-05
    4.6468849180E+04    1.1306381005E-05
    4.6482361490E+04    8.6429672647E-06
    4.6495873800E+04    6.9440740693E-06
    4.6509386120E+04    7.9595548712E-06
    4.6522898430E+04    9.6409732175E-06
    4.6536410750E+04    1.0583349612E-05
    4.6549923060E+04    1.0314858568E-05
    4.6563435380E+04    9.7988892195E-06
    4.6576947690E+04    9.5541937959E-06
    4.6590460010E+04    9.3613116292E-06
    4.6603972320E+04    9.6127146674E-06
    4.6617484630E+04    1.0883230195E-05
    4.6630996950E+04    1.2384498026E-05
    4.6644509260E+04    1.4376890274E-05
    4.6658021580E+04    1.3847484802E-05
    4.6671533890E+04    1.2968306878E-05
    4.6685046210E+04    1.1693697317E-05
    4.6698558520E+04    1.0964617528E-05
    4.6712070830E+04    1.0160965508E-05
    4.6725583150E+04    9.1114741240E-06
    4.6739095460E+04    7.9452270990E-06
    4.6752607780E+04    6.7592235490E-06
    4.6766120090E+04    6.8527553454E-06
    4.6779632410E+04    6.7293325537E-06
    4.6793144720E+04    6.2952570838E-06
    4.6806657040E+04    6.5250952873E-06
    4.6820169350E+04    6.9176275624E-06
    4.6833681660E+04    7.4816005368E-06
    4.6847193980E+04    5.9540316351E-06
    4.6860706290E+04    4.4643957514E-06
    4.6874218610E+04    3.1113961862E-06
    4.6887730920E+04    3.8571405708E-06
    4.6901243240E+04    6.7529471708E-06
    4.6914755550E+04    9.5160552239E-06
    4.6928267870E+04    1.1309064807E-05
    4.6941780180E+04    1.2552640232E-05
    4.6955292490E+04    1.2000697569E-05
    4.6968804810E+04    1.1032516388E-05
    4.6982317120E+04    1.0271130117E-05
    4.6995829440E+04    9.5959370899E-06
    4.7009341750E+04    8.3506675105E-06
    4.7022854070E+04    6.5599958902E-06
    4.7036366380E+04    4.2271115328E-06
    4.7049878690E+04    3.2326359661E-06
    4.7063391010E+04    3.3986771106E-06
    4.7076903320E+04    5.2171443758E-06
    4.7090415640E+04    7.8755018817E-06
    4.7103927950E+04    9.4267253535E-06
    4.7117440270E+04    9.5008513403E-06
    4.7130952580E+04    8.0097553482E-06
    4.7144464900E+04    4.6829339213E-06
    4.7157977210E+04    4.1562024100E-06
    4.7171489520E+04    5.1233777267E-06
    4.7185001840E+04    6.7025466422E-06
    4.7198514150E+04    8.6522412050E-06
    4.7212026470E+04    9.2735923885E-06
    4.7225538780E+04    9.8086616282E-06
    4.7239051100E+04    8.9143713420E-06
    4.7252563410E+04    8.4128152793E-06
    4.7266075720E+04    8.1197984397E-06
    4.7279588040E+04    8.2805845287E-06
    4.7293100350E+04    8.6959517497E-06
    4.7306612670E+04    9.3074069044E-06
    4.7320124980E+04    8.7088194184E-06
    4.7333637300E+04    7.2517977653E-06
    4.7347149610E+04    5.6604559375E-06
    4.7360661930E+04    6.4570228222E-06
    4.7374174240E+04    8.0849616381E-06
    4.7387686550E+04    1.1138879261E-05
    4.7401198870E+04    1.2591037529E-05
    4.7414711180E+04    1.3316856648E-05
    4.7428223500E+04    1.2412555984E-05
    4.7441735810E+04    1.1427205225E-05
    4.7455248130E+04    1.0242468275E-05
    4.7468760440E+04    8.9088915632E-06
    4.7482272760E+04    7.8942428304E-06
    4.7495785070E+04    7.2316407999E-06
    4.7509297380E+04    7.0404868839E-06
    4.7522809700E+04    7.0644500423E-06
    4.7536322010E+04    7.6160752045E-06
    4.7549834330E+04    8.4181234494E-06
    4.7563346640E+04    9.4315242817E-06
    4.7576858960E+04    9.7799312164E-06
    4.7590371270E+04    9.9409558990E-06
    4.7603883580E+04    9.3705932031E-06
    4.7617395900E+04    7.8890959823E-06
    4.7630908210E+04    6.2492428013E-06
    4.7644420530E+04    4.4326574148E-06
    4.7657932840E+04    4.0485635399E-06
    4.7671445160E+04    5.0761524054E-06
    4.7684957470E+04    6.4569141400E-06
    4.7698469790E+04    7.7093717881E-06
    4.7711982100E+04    6.8538795788E-06
    4.7725494410E+04    5.1263344389E-06
    4.7739006730E+04    5.0908164730E-06
    4.7752519040E+04    5.5930224309E-06
    4.7766031360E+04    5.7806284749E-06
    4.7779543670E+04    5.1819698593E-06
    4.7793055990E+04    3.8770568316E-06
    4.7806568300E+04    3.1703182388E-06
    4.7820080610E+04    2.2933944854E-06
    4.7833592930E+04    1.3171884726E-06
    4.7847105240E+04    1.5587544657E-06
    4.7860617560E+04    2.6379385864E-06
    4.7874129870E+04    4.3374926796E-06
    4.7887642190E+04    4.7690215346E-06
    4.7901154500E+04    5.4808845136E-06
    4.7914666820E+04    4.9450164292E-06
    4.7928179130E+04    4.0849477150E-06
    4.7941691440E+04    3.9502706317E-06
    4.7955203760E+04    4.3619002049E-06
    4.7968716070E+04    4.2117270699E-06
    4.7982228390E+04    3.6604752153E-06
    4.7995740700E+04    3.1521102642E-06
    4.8009253020E+04    2.8976978687E-06
    4.8022765330E+04    3.0730720028E-06
    4.8036277640E+04    3.3390138946E-06
    4.8049789960E+04    3.6670093794E-06
    4.8063302270E+04    3.8131967555E-06
    4.8076814590E+04    3.8027015547E-06
    4.8090326900E+04    3.6740582614E-06
    4.8103839220E+04    3.1303026293E-06
    4.8117351530E+04    2.6622999801E-06
    4.8130863850E+04    2.2284336383E-06
    4.8144376160E+04    1.9623589405E-06
    4.8157888470E+04    2.2914152848E-06
    4.8171400790E+04    3.7908737847E-06
    4.8184913100E+04    4.8654886730E-06
    4.8198425420E+04    5.1724916011E-06
    4.8211937730E+04    6.3321136803E-06
    4.8225450050E+04    7.3701242224E-06
    4.8238962360E+04    7.8218826599E-06
    4.8252474680E+04    7.9563388662E-06
    4.8265986990E+04    7.2427930907E-06
    4.8279499300E+04    6.3091203280E-06
    4.8293011620E+04    5.2270011602E-06
    4.8306523930E+04    4.6971328827E-06
    4.8320036250E+04    4.3449384666E-06
    4.8333548560E+04    4.2528379112E-06
    4.8347060880E+04    4.0144655325E-06
    4.8360573190E+04    3.6382756546E-06
    4.8374085500E+04    3.6615509133E-06
    4.8387597820E+04    4.9428283637E-06
    4.8401110130E+04    6.6988437195E-06
    4.8414622450E+04    9.2104320463E-06
    4.8428134760E+04    1.0105202182E-05
    4.8441647080E+04    9.7533579540E-06
    4.8455159390E+04    8.9579752180E-06
    4.8468671710E+04    7.6033013987E-06
    4.8482184020E+04    6.8757264632E-06
    4.8495696330E+04    7.1616760135E-06
    4.8509208650E+04    6.7404235923E-06
    4.8522720960E+04    6.6536640833E-06
    4.8536233280E+04    5.2977605890E-06
    4.8549745590E+04    4.8578621218E-06
    4.8563257910E+04    4.9522515836E-06
    4.8576770220E+04    6.1374229746E-06
    4.8590282530E+04    1.0213305740E-05
    4.8603794850E+04    9.2927651842E-06
    4.8617307160E+04    7.3116745253E-06
    4.8630819480E+04    5.2635591377E-06
    4.8644331790E+04    4.4016413050E-06
    4.8657844110E+04    4.9537421552E-06
    4.8671356420E+04    4.8767953083E-06
    4.8684868740E+04    5.8272122999E-06
    4.8698381050E+04    6.7088079032E-06
    4.8711893360E+04    7.6023527683E-06
    4.8725405680E+04    8.9599536156E-06
    4.8738917990E+04    7.6935694501E-06
    4.8752430310E+04    6.7556333710E-06
    4.8765942620E+04    5.9710488353E-06
    4.8779454940E+04    6.1683585976E-06
    4.8792967250E+04    8.1977011336E-06
    4.8806479560E+04    9.9915185887E-06
    4.8819991880E+04    1.0417136572E-05
    4.8833504190E+04    8.4453103256E-06
    4.8847016510E+04    6.8768876212E-06
    4.8860528820E+04    5.2329614071E-06
    4.8874041140E+04    3.9848673147E-06
    4.8887553450E+04    4.2668047800E-06
    4.8901065770E+04    5.0571313692E-06
    4.8914578080E+04    6.0328274360E-06
    4.8928090390E+04    6.4347951113E-06
    4.8941602710E+04    5.6637433903E-06
    4.8955115020E+04    4.9938742870E-06
    4.8968627340E+04    5.1814473469E-06
    4.8982139650E+04    5.8858211647E-06
    4.8995651970E+04    5.8130674380E-06
    4.9009164280E+04    5.0292249326E-06
    4.9022676600E+04    4.7516795341E-06
    4.9036188910E+04    5.3499203375E-06
    4.9049701220E+04    6.2348735115E-06
    4.9063213540E+04    6.7541266107E-06
    4.9076725850E+04    7.4083972221E-06
    4.9090238170E+04    7.2786515192E-06
    4.9103750480E+04    7.6978244238E-06
    4.9117262800E+04    8.9450767649E-06
    4.9130775110E+04    1.0350975824E-05
    4.9144287420E+04    1.2838407393E-05
    4.9157799740E+04    1.1813492590E-05
    4.9171312050E+04    9.2911698368E-06
    4.9184824370E+04    8.7272246301E-06
    4.9198336680E+04    8.2115904669E-06
    4.9211849000E+04    7.7232191064E-06
    4.9225361310E+04    7.1104953345E-06
    4.9238873630E+04    7.4059070300E-06
    4.9252385940E+04    8.1245062151E-06
    4.9265898250E+04    8.6728600079E-06
    4.9279410570E+04    8.3601222492E-06
    4.9292922880E+04    7.7357224127E-06
    4.9306435200E+04    7.1508103989E-06
    4.9319947510E+04    7.8984375414E-06
    4.9333459830E+04    1.0302855298E-05
    4.9346972140E+04    1.1943535307E-05
    4.9360484450E+04    1.3260264473E-05
    4.9373996770E+04    1.3917977826E-05
    4.9387509080E+04    1.3360775482E-05
    4.9401021400E+04    1.2972504523E-05
    4.9414533710E+04    1.1595536115E-05
    4.9428046030E+04    1.0792884004E-05
    4.9441558340E+04    1.0420275321E-05
    4.9455070660E+04    9.5357418097E-06
    4.9468582970E+04    8.2591730987E-06
    4.9482095280E+04    6.9557386837E-06
    4.9495607600E+04    6.6246552479E-06
    4.9509119910E+04    7.7741741414E-06
    4.9522632230E+04    9.0473126883E-06
    4.9536144540E+04    1.0329699612E-05
    4.9549656860E+04    1.0608447167E-05
    4.9563169170E+04    1.0731966032E-05
    4.9576681480E+04    1.0600040277E-05
    4.9590193800E+04    1.0125039424E-05
    4.9603706110E+04    9.9382974772E-06
    4.9617218430E+04    9.3399142709E-06
    4.9630730740E+04    8.7645344472E-06
    4.9644243060E+04    9.2720083924E-06
    4.9657755370E+04    1.0815446110E-05
    4.9671267690E+04    1.2447607250E-05
    4.9684780000E+04    1.4735528351E-05
    4.9698292310E+04    1.3395838095E-05
    4.9711804630E+04    1.2174228808E-05
    4.9725316940E+04    1.0203125176E-05
    4.9738829260E+04    8.8161422330E-06
    4.9752341570E+04    8.6798036987E-06
    4.9765853890E+04    8.9131523566E-06
    4.9779366200E+04    9.2146550916E-06
    4.9792878520E+04    8.5289390039E-06
    4.9806390830E+04    8.5450992432E-06
    4.9819903140E+04    7.2452528067E-06
    4.9833415460E+04    6.1983479812E-06
    4.9846927770E+04    4.9015173013E-06
    4.9860440090E+04    3.3592827649E-06
    4.9873952400E+04    2.8720114471E-06
    4.9887464720E+04    2.5158945125E-06
    4.9900977030E+04    2.7174647832E-06
    4.9914489340E+04    2.3663367334E-06
    4.9928001660E+04    2.1394349137E-06
    4.9941513970E+04    2.1983647709E-06
    4.9955026290E+04    2.9939410843E-06
    4.9968538600E+04    3.7889487785E-06
    4.9982050920E+04    3.7917438320E-06
    4.9995563230E+04    4.0545493785E-06
    5.0009075550E+04    3.0540598257E-06
    5.0022587860E+04    2.9333526529E-06
    5.0036100170E+04    2.2775997778E-06
    5.0049612490E+04    1.8285335377E-06
    5.0063124800E+04    1.7545349177E-06
    5.0076637120E+04    1.9546519162E-06
    5.0090149430E+04    2.3304983932E-06
    5.0103661750E+04    2.1629349296E-06
    5.0117174060E+04    1.9374655820E-06
    5.0130686370E+04    1.9450200962E-06
    5.0144198690E+04    2.1648300046E-06
    5.0157711000E+04    2.9847137730E-06
    5.0171223320E+04    3.8483947336E-06
    5.0184735630E+04    4.5045401243E-06
    5.0198247950E+04    4.7736542077E-06
    5.0211760260E+04    4.7520381428E-06
    5.0225272580E+04    4.2765768931E-06
    5.0238784890E+04    3.8145593547E-06
    5.0252297200E+04    3.4046632218E-06
    5.0265809520E+04    3.2828712944E-06
    5.0279321830E+04    3.9117549074E-06
    5.0292834150E+04    4.6636471447E-06
    5.0306346460E+04    5.6705982157E-06
    5.0319858780E+04    6.3248747497E-06
    5.0333371090E+04    6.5546944227E-06
    5.0346883410E+04    5.8431790057E-06
    5.0360395720E+04    5.3098712496E-06
    5.0373908030E+04    4.6099736416E-06
    5.0387420350E+04    4.4194067134E-06
    5.0400932660E+04    4.4362532778E-06
    5.0414444980E+04    4.4671379688E-06
    5.0427957290E+04    4.2733653821E-06
    5.0441469610E+04    4.3533435898E-06
    5.0454981920E+04    4.6271112589E-06
    5.0468494230E+04    4.7328640699E-06
    5.0482006550E+04    4.8815589932E-06
    5.0495518860E+04    3.6146371679E-06
    5.0509031180E+04    3.4669016278E-06
    5.0522543490E+04    4.1143385264E-06
    5.0536055810E+04    4.9452547743E-06
    5.0549568120E+04    5.6625929583E-06
    5.0563080440E+04    5.9462527603E-06
    5.0576592750E+04    5.7604462249E-06
    5.0590105060E+04    5.7212542628E-06
    5.0603617380E+04    5.8073105217E-06
    5.0617129690E+04    6.2808721834E-06
    5.0630642010E+04    6.9521144770E-06
    5.0644154320E+04    6.5726753786E-06
    5.0657666640E+04    6.1271699603E-06
    5.0671178950E+04    5.4435641925E-06
    5.0684691260E+04    5.7044901958E-06
    5.0698203580E+04    5.9404262859E-06
    5.0711715890E+04    5.4364913593E-06
    5.0725228210E+04    4.5084546543E-06
    5.0738740520E+04    2.7443009790E-06
    5.0752252840E+04    1.8186347725E-06
    5.0765765150E+04    1.4149887678E-06
    5.0779277470E+04    1.8671399737E-06
    5.0792789780E+04    1.4599501040E-06
    5.0806302090E+04    7.9584254603E-07
    5.0819814410E+04    1.3816529149E-07
    5.0833326720E+04    8.8646866300E-08
    5.0846839040E+04    3.6441050103E-07
    5.0860351350E+04    9.3515578239E-07
    5.0873863670E+04    1.1667280972E-06
    5.0887375980E+04    6.8407364469E-07
    5.0900888290E+04    5.2867502947E-07
    5.0914400610E+04    5.5961657031E-08
    5.0927912920E+04    5.7928282095E-07
    5.0941425240E+04    1.2097009873E-06
    5.0954937550E+04    2.0388121417E-06
    5.0968449870E+04    2.2744458471E-06
    5.0981962180E+04    2.8070928439E-06
    5.0995474500E+04    2.3173031655E-06
