###   Wavelength (A)        Transmission
    2.0004663860E+04    7.7181179711E-15
    2.0020744780E+04    1.5396129144E-13
    2.0036825700E+04    2.0121759091E-12
    2.0052906620E+04    2.6423241465E-12
    2.0068987540E+04    3.2750079250E-12
    2.0085068460E+04    2.7686540537E-12
    2.0101149380E+04    1.3700188537E-12
    2.0117230300E+04    3.7278221255E-13
    2.0133311220E+04    6.0263568849E-14
    2.0149392140E+04    5.5240602087E-15
    2.0165473060E+04    7.9498166252E-15
    2.0181553980E+04    1.2073878372E-13
    2.0197634900E+04    2.1536924981E-13
    2.0213715820E+04    1.1499212299E-13
    2.0229796740E+04    1.3048306872E-13
    2.0245877660E+04    2.4825184347E-13
    2.0261958580E+04    1.0342587923E-13
    2.0278039490E+04    3.1508254921E-14
    2.0294120410E+04    5.1570489958E-14
    2.0310201330E+04    1.8230967564E-13
    2.0326282250E+04    3.7088919179E-14
    2.0342363170E+04    2.8579166372E-15
    2.0358444090E+04    1.8264345155E-15
    2.0374525010E+04    1.8183496941E-15
    2.0390605930E+04    5.3771563490E-15
    2.0406686850E+04    6.9320535882E-14
    2.0422767770E+04    2.4379961920E-14
    2.0438848690E+04    2.7234844686E-15
    2.0454929610E+04    7.3199183851E-15
    2.0471010530E+04    1.5760130638E-13
    2.0487091450E+04    5.0189311992E-13
    2.0503172370E+04    6.3622392076E-13
    2.0519253290E+04    8.1292030902E-13
    2.0535334210E+04    1.1922247721E-12
    2.0551415130E+04    8.4766250345E-13
    2.0567496050E+04    1.0357442990E-12
    2.0583576970E+04    1.7095175987E-12
    2.0599657880E+04    2.0132722532E-12
    2.0615738800E+04    2.1482531370E-12
    2.0631819720E+04    2.1379002791E-12
    2.0647900640E+04    1.6045579005E-12
    2.0663981560E+04    1.0057951896E-12
    2.0680062480E+04    6.5122158929E-13
    2.0696143400E+04    6.0977028861E-13
    2.0712224320E+04    2.3606262692E-13
    2.0728305240E+04    1.8946781750E-14
    2.0744386160E+04    1.3444426044E-14
    2.0760467080E+04    2.5105648355E-13
    2.0776548000E+04    7.9929792583E-13
    2.0792628920E+04    4.8867548473E-14
    2.0808709840E+04    1.0252825886E-14
    2.0824790760E+04    4.4309757509E-14
    2.0840871680E+04    2.8572759369E-13
    2.0856952600E+04    1.2491844206E-12
    2.0873033520E+04    8.3830554002E-12
    2.0889114440E+04    1.1379937395E-11
    2.0905195360E+04    1.6005404739E-11
    2.0921276270E+04    2.1309983247E-11
    2.0937357190E+04    2.9168139348E-11
    2.0953438110E+04    2.2104172768E-11
    2.0969519030E+04    2.0074845132E-11
    2.0985599950E+04    2.7240756341E-11
    2.1001680870E+04    4.4614522303E-11
    2.1017761790E+04    5.1905231978E-11
    2.1033842710E+04    5.0931291896E-11
    2.1049923630E+04    3.6169489305E-11
    2.1066004550E+04    2.9144711065E-11
    2.1082085470E+04    2.3398268745E-11
    2.1098166390E+04    1.6680528431E-11
    2.1114247310E+04    1.4423630015E-11
    2.1130328230E+04    2.1644750403E-11
    2.1146409150E+04    4.1836930790E-11
    2.1162490070E+04    5.8158558187E-11
    2.1178570990E+04    1.0570942207E-10
    2.1194651910E+04    3.0508881078E-11
    2.1210732830E+04    1.1148753705E-11
    2.1226813750E+04    9.1172562544E-12
    2.1242894660E+04    3.5262998944E-11
    2.1258975580E+04    4.9044152565E-11
    2.1275056500E+04    3.7190096056E-11
    2.1291137420E+04    2.9140221718E-11
    2.1307218340E+04    2.6534148113E-11
    2.1323299260E+04    2.7290186139E-11
    2.1339380180E+04    1.8232036263E-11
    2.1355461100E+04    1.6532234508E-11
    2.1371542020E+04    1.7407625502E-11
    2.1387622940E+04    2.7707308125E-11
    2.1403703860E+04    3.3405338097E-11
    2.1419784780E+04    4.8448007445E-11
    2.1435865700E+04    5.1421423541E-11
    2.1451946620E+04    4.9957164214E-11
    2.1468027540E+04    4.3676424440E-11
    2.1484108460E+04    4.2377699543E-11
    2.1500189380E+04    7.7300748010E-11
    2.1516270300E+04    7.3318971257E-11
    2.1532351220E+04    7.7997162105E-11
    2.1548432140E+04    7.0334514882E-11
    2.1564513050E+04    6.4106843935E-11
    2.1580593970E+04    6.2751094784E-11
    2.1596674890E+04    6.4254855538E-11
    2.1612755810E+04    7.1489715152E-11
    2.1628836730E+04    8.5216474383E-11
    2.1644917650E+04    9.0915644594E-11
    2.1660998570E+04    7.9312537787E-11
    2.1677079490E+04    8.5663996491E-11
    2.1693160410E+04    7.2600501375E-11
    2.1709241330E+04    6.5022382579E-11
    2.1725322250E+04    6.6875854718E-11
    2.1741403170E+04    8.1764493945E-11
    2.1757484090E+04    6.0644250424E-11
    2.1773565010E+04    3.2773795504E-11
    2.1789645930E+04    1.8520228517E-11
    2.1805726850E+04    2.4981426856E-11
    2.1821807770E+04    4.2400375072E-11
    2.1837888690E+04    4.3408225512E-11
    2.1853969610E+04    4.4622829002E-11
    2.1870050530E+04    4.9300054645E-11
    2.1886131450E+04    5.8584715483E-11
    2.1902212360E+04    7.8885927040E-11
    2.1918293280E+04    1.0647843565E-10
    2.1934374200E+04    1.6734161923E-10
    2.1950455120E+04    1.4913960002E-10
    2.1966536040E+04    1.4484381252E-10
    2.1982616960E+04    1.1163009977E-10
    2.1998697880E+04    1.1078706060E-10
    2.2014778800E+04    1.0062903523E-10
    2.2030859720E+04    8.2870116321E-11
    2.2046940640E+04    7.6490727548E-11
    2.2063021560E+04    1.0382625625E-10
    2.2079102480E+04    2.0856944612E-10
    2.2095183400E+04    6.5716931927E-11
    2.2111264320E+04    2.7049270740E-11
    2.2127345240E+04    3.9043623641E-11
    2.2143426160E+04    1.5737057483E-10
    2.2159507080E+04    7.1789332485E-10
    2.2175588000E+04    9.4949432001E-10
    2.2191668920E+04    1.2646552716E-09
    2.2207749840E+04    1.0478791682E-09
    2.2223830750E+04    9.0115233883E-10
    2.2239911670E+04    7.2659075513E-10
    2.2255992590E+04    5.3925217638E-10
    2.2272073510E+04    5.1666184388E-10
    2.2288154430E+04    5.2561381750E-10
    2.2304235350E+04    5.3597055347E-10
    2.2320316270E+04    8.6397870785E-10
    2.2336397190E+04    1.9583716093E-09
    2.2352478110E+04    4.3789889428E-09
    2.2368559030E+04    4.8773077033E-09
    2.2384639950E+04    5.6951925817E-09
    2.2400720870E+04    8.5208195894E-09
    2.2416801790E+04    1.3180896860E-08
    2.2432882710E+04    1.8610425193E-08
    2.2448963630E+04    2.4200781466E-08
    2.2465044550E+04    3.1877232766E-08
    2.2481125470E+04    4.3830296232E-08
    2.2497206390E+04    6.0543496008E-08
    2.2513287310E+04    8.4719697204E-08
    2.2529368230E+04    1.1898610733E-07
    2.2545449140E+04    1.6414597313E-07
    2.2561530060E+04    2.1355422046E-07
    2.2577610980E+04    2.7662533600E-07
    2.2593691900E+04    3.4411894247E-07
    2.2609772820E+04    4.2186197937E-07
    2.2625853740E+04    5.0054623944E-07
    2.2641934660E+04    5.6421571377E-07
    2.2658015580E+04    6.3017788311E-07
    2.2674096500E+04    6.8644725983E-07
    2.2690177420E+04    7.3991654153E-07
    2.2706258340E+04    7.8014146364E-07
    2.2722339260E+04    8.0117783864E-07
    2.2738420180E+04    8.1942067999E-07
    2.2754501100E+04    8.5119697547E-07
    2.2770582020E+04    8.8372016988E-07
    2.2786662940E+04    9.1776960108E-07
    2.2802743860E+04    9.5534446386E-07
    2.2818824780E+04    9.9730016905E-07
    2.2834905700E+04    1.0224375263E-06
    2.2850986620E+04    1.0507264821E-06
    2.2867067530E+04    1.0964447707E-06
    2.2883148450E+04    1.1620952748E-06
    2.2899229370E+04    1.2389405750E-06
    2.2915310290E+04    1.3217972269E-06
    2.2931391210E+04    1.4171547220E-06
    2.2947472130E+04    1.5330108375E-06
    2.2963553050E+04    1.6752646242E-06
    2.2979633970E+04    1.8411365885E-06
    2.2995714890E+04    1.9921920489E-06
    2.3011795810E+04    2.1598720871E-06
    2.3027876730E+04    2.3695936304E-06
    2.3043957650E+04    2.6359078005E-06
    2.3060038570E+04    2.9537108780E-06
    2.3076119490E+04    3.3350893499E-06
    2.3092200410E+04    3.7915666999E-06
    2.3108281330E+04    4.3750982210E-06
    2.3124362250E+04    5.1725066728E-06
    2.3140443170E+04    6.1516560531E-06
    2.3156524090E+04    7.4131731915E-06
    2.3172605010E+04    8.9936530657E-06
    2.3188685920E+04    1.0861232929E-05
    2.3204766840E+04    1.2589879488E-05
    2.3220847760E+04    1.4498642005E-05
    2.3236928680E+04    1.6688559457E-05
    2.3253009600E+04    1.9063982339E-05
    2.3269090520E+04    2.1514190292E-05
    2.3285171440E+04    2.3993926806E-05
    2.3301252360E+04    2.6481435773E-05
    2.3317333280E+04    2.9226619874E-05
    2.3333414200E+04    3.2427825619E-05
    2.3349495120E+04    3.5668850399E-05
    2.3365576040E+04    3.7905763539E-05
    2.3381656960E+04    3.9520259144E-05
    2.3397737880E+04    4.0613888995E-05
    2.3413818800E+04    4.1288869055E-05
    2.3429899720E+04    4.1569449402E-05
    2.3445980640E+04    4.1759097813E-05
    2.3462061560E+04    4.2057245983E-05
    2.3478142480E+04    4.2273702871E-05
    2.3494223400E+04    4.2165065565E-05
    2.3510304310E+04    4.2079655640E-05
    2.3526385230E+04    4.2241848182E-05
    2.3542466150E+04    4.3198147245E-05
    2.3558547070E+04    4.4344893010E-05
    2.3574627990E+04    4.5056609690E-05
    2.3590708910E+04    4.5255352590E-05
    2.3606789830E+04    4.5717646526E-05
    2.3622870750E+04    4.8181257517E-05
    2.3638951670E+04    5.1202381957E-05
    2.3655032590E+04    5.4076036583E-05
    2.3671113510E+04    5.5783456947E-05
    2.3687194430E+04    5.7400926406E-05
    2.3703275350E+04    5.8092212545E-05
    2.3719356270E+04    5.7789909965E-05
    2.3735437190E+04    5.7225957974E-05
    2.3751518110E+04    5.4383168606E-05
    2.3767599030E+04    5.1144049465E-05
    2.3783679950E+04    4.7808911231E-05
    2.3799760870E+04    4.1897398204E-05
    2.3815841790E+04    3.6777524173E-05
    2.3831922710E+04    3.2551971976E-05
    2.3848003620E+04    2.9260665388E-05
    2.3864084540E+04    2.6301747699E-05
    2.3880165460E+04    2.2347559256E-05
    2.3896246380E+04    1.8381355258E-05
    2.3912327300E+04    1.5144325950E-05
    2.3928408220E+04    1.2880738479E-05
    2.3944489140E+04    1.1130251530E-05
    2.3960570060E+04    8.9987212911E-06
    2.3976650980E+04    6.0276833357E-06
    2.3992731900E+04    4.5621313438E-06
    2.4008812820E+04    2.9279648091E-06
    2.4024893740E+04    1.5562437104E-06
    2.4040974660E+04    9.1997246084E-07
    2.4057055580E+04    3.0235951569E-07
    2.4073136500E+04    6.8369244128E-08
    2.4089217420E+04    1.6412572041E-08
    2.4105298340E+04    2.9192759042E-08
    2.4121379260E+04    8.2231144581E-08
    2.4137460180E+04    2.3409998875E-07
    2.4153541100E+04    3.7360416759E-07
    2.4169622010E+04    7.6445791765E-07
    2.4185702930E+04    1.6695282852E-06
    2.4201783850E+04    8.8213524452E-07
    2.4217864770E+04    5.6513537550E-07
    2.4233945690E+04    5.4393343226E-07
    2.4250026610E+04    8.5201608551E-07
    2.4266107530E+04    1.4718939972E-06
    2.4282188450E+04    1.8620678641E-06
    2.4298269370E+04    1.7515087846E-06
    2.4314350290E+04    1.6543506600E-06
    2.4330431210E+04    1.8864031629E-06
    2.4346512130E+04    2.3179855370E-06
    2.4362593050E+04    2.9336800658E-06
    2.4378673970E+04    3.1084644325E-06
    2.4394754890E+04    3.2852961493E-06
    2.4410835810E+04    3.4848067940E-06
    2.4426916730E+04    2.8624964116E-06
    2.4442997650E+04    2.5336582696E-06
    2.4459078570E+04    2.5978807253E-06
    2.4475159490E+04    3.1235231915E-06
    2.4491240400E+04    3.7619296889E-06
    2.4507321320E+04    3.9447592280E-06
    2.4523402240E+04    3.3530849717E-06
    2.4539483160E+04    3.0365465241E-06
    2.4555564080E+04    3.0259523320E-06
    2.4571645000E+04    3.2746359559E-06
    2.4587725920E+04    3.7099176493E-06
    2.4603806840E+04    2.0871240403E-06
    2.4619887760E+04    1.1281802028E-06
    2.4635968680E+04    7.6418467863E-07
    2.4652049600E+04    5.1673906684E-07
    2.4668130520E+04    3.6857722553E-07
    2.4684211440E+04    3.9017112516E-07
    2.4700292360E+04    4.9607712742E-07
    2.4716373280E+04    9.2569590032E-07
    2.4732454200E+04    1.9260132231E-06
    2.4748535120E+04    2.1185064544E-06
    2.4764616040E+04    2.2017587065E-06
    2.4780696960E+04    3.2076157032E-06
    2.4796777880E+04    2.1191936176E-06
    2.4812858790E+04    1.6366591800E-06
    2.4828939710E+04    1.4331082159E-06
    2.4845020630E+04    2.6962134631E-07
    2.4861101550E+04    5.9007955214E-08
    2.4877182470E+04    1.6938119575E-08
    2.4893263390E+04    6.0579935460E-08
    2.4909344310E+04    2.6361365499E-07
    2.4925425230E+04    1.1827662868E-06
    2.4941506150E+04    1.1099255382E-06
    2.4957587070E+04    1.0177594349E-06
    2.4973667990E+04    9.3409061664E-07
    2.4989748910E+04    9.9328496777E-07
    2.4997781620E+04    2.0471950963E-06
    2.5011293930E+04    3.4687486312E-06
    2.5024806240E+04    1.6632282139E-06
    2.5038318560E+04    1.4750042947E-06
    2.5051830870E+04    3.9593666177E-06
    2.5065343190E+04    6.8601397607E-06
    2.5078855500E+04    9.4422286338E-06
    2.5092367820E+04    6.4347666117E-06
    2.5105880130E+04    3.8114253301E-06
    2.5119392440E+04    5.5812558328E-06
    2.5132904760E+04    3.0103960630E-06
    2.5146417070E+04    5.8747866005E-07
    2.5159929390E+04    4.0765515929E-06
    2.5173441700E+04    4.8124290698E-06
    2.5186954020E+04    4.5715762506E-06
    2.5200466330E+04    4.4164645013E-06
    2.5213978650E+04    2.8030785935E-06
    2.5227490960E+04    5.5823650363E-06
    2.5241003270E+04    3.7486376862E-06
    2.5254515590E+04    5.3193784634E-06
    2.5268027900E+04    7.4118918550E-06
    2.5281540220E+04    4.4831385256E-06
    2.5295052530E+04    2.7642466667E-06
    2.5308564850E+04    5.4733055916E-09
    2.5322077160E+04    6.5459672648E-09
    2.5335589480E+04    1.3715145347E-06
    2.5349101790E+04    4.1848155733E-06
    2.5362614100E+04    2.6859318645E-06
    2.5376126420E+04    5.5119184144E-06
    2.5389638730E+04    3.6852893363E-06
    2.5403151050E+04    8.5167231834E-09
    2.5416663360E+04    1.0742695430E-06
    2.5430175680E+04    2.8783311968E-06
    2.5443687990E+04    1.0008565941E-06
    2.5457200300E+04    2.0507854736E-06
    2.5470712620E+04    2.7046566730E-07
    2.5484224930E+04    2.8560333910E-07
    2.5497737250E+04    2.1235715232E-06
    2.5511249560E+04    2.3906854165E-06
    2.5524761880E+04    4.4198890625E-07
    2.5538274190E+04    1.1359427169E-06
    2.5551786510E+04    1.0525874339E-06
    2.5565298820E+04    4.2583891140E-06
    2.5578811130E+04    5.9171680084E-06
    2.5592323450E+04    4.5857399956E-06
    2.5605835760E+04    1.9695343083E-06
    2.5619348080E+04    4.3502384609E-06
    2.5632860390E+04    1.5574403121E-07
    2.5646372710E+04    1.2050899839E-06
    2.5659885020E+04    1.6362670359E-06
    2.5673397330E+04    1.6748495648E-07
    2.5686909650E+04    1.3781944513E-06
    2.5700421960E+04    3.2235981088E-06
    2.5713934280E+04    2.8524766453E-06
    2.5727446590E+04    2.6727437003E-06
    2.5740958910E+04    1.9278409943E-06
    2.5754471220E+04    5.8207043870E-06
    2.5767983540E+04    1.7641268090E-06
    2.5781495850E+04    2.1666693703E-06
    2.5795008160E+04    1.3428747972E-06
    2.5808520480E+04    4.7705408857E-09
    2.5822032790E+04    4.7721816660E-09
    2.5835545110E+04    6.8885039270E-08
    2.5849057420E+04    4.1329199945E-06
    2.5862569740E+04    3.8549800117E-06
    2.5876082050E+04    1.9347389068E-06
    2.5889594370E+04    4.7832813216E-09
    2.5903106680E+04    2.2538207476E-06
    2.5916618990E+04    3.6437497685E-06
    2.5930131310E+04    2.0964607425E-06
    2.5943643620E+04    6.3205023684E-06
    2.5957155940E+04    4.2163073361E-06
    2.5970668250E+04    1.8489786785E-06
    2.5984180570E+04    6.3832918270E-08
    2.5997692880E+04    2.1370356406E-06
    2.6011205190E+04    3.9612753890E-06
    2.6024717510E+04    2.0047731636E-06
    2.6038229820E+04    3.2800059842E-07
    2.6051742140E+04    3.0270462686E-06
    2.6065254450E+04    2.8445263014E-06
    2.6078766770E+04    3.9857122068E-06
    2.6092279080E+04    3.3817846916E-06
    2.6105791400E+04    4.7813676591E-06
    2.6119303710E+04    2.9117754079E-06
    2.6132816020E+04    8.0246205797E-09
    2.6146328340E+04    3.3234770888E-06
    2.6159840650E+04    1.9524798708E-06
    2.6173352970E+04    7.2807363640E-07
    2.6186865280E+04    7.1946903841E-07
    2.6200377600E+04    1.6542481620E-06
    2.6213889910E+04    4.1528041450E-06
    2.6227402220E+04    1.5900673729E-06
    2.6240914540E+04    1.7048971701E-06
    2.6254426850E+04    1.9139552155E-06
    2.6267939170E+04    1.3869834810E-06
    2.6281451480E+04    9.4904145596E-09
    2.6294963800E+04    4.7441548305E-09
    2.6308476110E+04    4.7448170080E-09
    2.6321988430E+04    2.4415752247E-06
    2.6335500740E+04    5.3745488971E-06
    2.6349013050E+04    3.2113522068E-06
    2.6362525370E+04    1.4900415026E-06
    2.6376037680E+04    3.3073543322E-06
    2.6389550000E+04    5.1064001193E-06
    2.6403062310E+04    1.9894732601E-06
    2.6416574630E+04    4.7552433836E-09
    2.6430086940E+04    4.7559071784E-09
    2.6443599250E+04    7.7668990103E-07
    2.6457111570E+04    2.2758820657E-07
    2.6470623880E+04    3.4447472717E-07
    2.6484136200E+04    1.8096810544E-06
    2.6497648510E+04    3.4817028274E-06
    2.6511160830E+04    8.7460565578E-07
    2.6524673140E+04    9.0598858514E-09
    2.6538185460E+04    5.7219020523E-07
    2.6551697770E+04    2.1932774710E-06
    2.6565210080E+04    5.0224024176E-06
    2.6578722400E+04    6.2331282414E-06
    2.6592234710E+04    5.8896265772E-06
    2.6605747030E+04    3.6243546308E-06
    2.6619259340E+04    2.4454748979E-06
    2.6632771660E+04    1.3528223227E-06
    2.6646283970E+04    3.6707344310E-06
    2.6659796290E+04    1.0014449796E-06
    2.6673308600E+04    1.1191989065E-07
    2.6686820910E+04    5.4651823836E-06
    2.6700333230E+04    3.7926036795E-06
    2.6713845540E+04    3.2464175769E-06
    2.6727357860E+04    1.4811413562E-06
    2.6740870170E+04    4.9022396218E-08
    2.6754382490E+04    2.3807423086E-08
    2.6767894800E+04    1.4977536182E-06
    2.6781407110E+04    1.7302221573E-06
    2.6794919430E+04    1.0581266379E-06
    2.6808431740E+04    3.0312251786E-06
    2.6821944060E+04    7.0256949769E-06
    2.6835456370E+04    5.4451636812E-06
    2.6848968690E+04    1.7132094369E-06
    2.6862481000E+04    6.7376164915E-06
    2.6875993320E+04    4.4113659317E-06
    2.6889505630E+04    1.5906903867E-06
    2.6903017940E+04    4.6969509057E-09
    2.6916530260E+04    2.3531512252E-06
    2.6930042570E+04    3.5232866377E-06
    2.6943554890E+04    5.4101344274E-06
    2.6957067200E+04    3.6966781329E-06
    2.6970579520E+04    4.3580473474E-06
    2.6984091830E+04    2.6177974582E-07
    2.6997604140E+04    4.7027243262E-09
    2.7011116460E+04    4.7074564779E-09
    2.7024628770E+04    2.1907142398E-06
    2.7038141090E+04    4.2950712088E-06
    2.7051653400E+04    4.1112798327E-06
    2.7065165720E+04    3.0883741464E-06
    2.7078678030E+04    2.0993021764E-06
    2.7092190350E+04    1.5809038858E-08
    2.7105702660E+04    2.1664049436E-08
    2.7119214970E+04    2.3391163899E-06
    2.7132727290E+04    5.0568147610E-06
    2.7146239600E+04    5.9990287759E-06
    2.7159751920E+04    3.9406676659E-06
    2.7173264230E+04    6.7254693781E-07
    2.7186776550E+04    1.8388797960E-06
    2.7200288860E+04    3.8496844156E-06
    2.7213801170E+04    3.8036973481E-07
    2.7227313490E+04    3.1980968218E-07
    2.7240825800E+04    6.1811616506E-08
    2.7254338120E+04    7.9908596066E-07
    2.7267850430E+04    1.4856170719E-06
    2.7281362750E+04    5.5159160158E-08
    2.7294875060E+04    5.0184320537E-07
    2.7308387380E+04    3.5562106831E-06
    2.7321899690E+04    5.4548137543E-06
    2.7335412000E+04    2.0404112341E-06
    2.7348924320E+04    2.9865091731E-06
    2.7362436630E+04    2.2788359772E-06
    2.7375948950E+04    2.1415419340E-06
    2.7389461260E+04    3.6419193304E-06
    2.7402973580E+04    3.1383363533E-06
    2.7416485890E+04    5.0517067789E-06
    2.7429998210E+04    2.3564321094E-06
    2.7443510520E+04    1.4916977898E-06
    2.7457022830E+04    5.0736911916E-06
    2.7470535150E+04    3.6860373170E-06
    2.7484047460E+04    1.8968279978E-06
    2.7497559780E+04    1.5283709464E-06
    2.7511072090E+04    3.3478723321E-07
    2.7524584410E+04    4.7721222665E-09
    2.7538096720E+04    1.1408080192E-07
    2.7551609030E+04    1.0698576967E-06
    2.7565121350E+04    4.3632265095E-06
    2.7578633660E+04    5.5861002626E-06
    2.7592145980E+04    7.7872132902E-07
    2.7605658290E+04    4.7282653005E-09
    2.7619170610E+04    3.9756292744E-06
    2.7632682920E+04    3.3772206562E-06
    2.7646195240E+04    6.0758836286E-07
    2.7659707550E+04    1.4375082236E-06
    2.7673219860E+04    2.5924267842E-06
    2.7686732180E+04    1.3564287700E-06
    2.7700244490E+04    3.5864154512E-07
    2.7713756810E+04    2.1076515160E-06
    2.7727269120E+04    4.5607026376E-06
    2.7740781440E+04    1.6635544980E-06
    2.7754293750E+04    2.5534101324E-06
    2.7767806060E+04    2.2306816502E-06
    2.7781318380E+04    2.3918248914E-06
    2.7794830690E+04    1.8603328756E-06
    2.7808343010E+04    1.4068868348E-07
    2.7821855320E+04    5.2177873841E-09
    2.7835367640E+04    1.7230041430E-06
    2.7848879950E+04    1.7605256215E-06
    2.7862392270E+04    1.5891270082E-06
    2.7875904580E+04    4.6250049481E-06
    2.7889416890E+04    1.1011440554E-05
    2.7902929210E+04    1.8177257527E-05
    2.7916441520E+04    1.8873293233E-05
    2.7929953840E+04    1.0431815460E-05
    2.7943466150E+04    6.5375223128E-06
    2.7956978470E+04    4.8764362460E-06
    2.7970490780E+04    9.8624788151E-07
    2.7984003090E+04    1.6710728393E-08
    2.7997515410E+04    4.5001832202E-08
    2.8011027720E+04    8.6225557744E-07
    2.8024540040E+04    1.6944872725E-06
    2.8038052350E+04    9.6016100307E-07
    2.8051564670E+04    2.1191161252E-06
    2.8065076980E+04    2.9527775949E-06
    2.8078589300E+04    2.0752002818E-06
    2.8092101610E+04    7.1871316380E-09
    2.8105613920E+04    4.7418854465E-09
    2.8119126240E+04    9.5040820266E-07
    2.8132638550E+04    3.8834815728E-07
    2.8146150870E+04    4.7408020381E-09
    2.8159663180E+04    4.7390470972E-09
    2.8173175500E+04    4.3883242616E-08
    2.8186687810E+04    1.9816117867E-07
    2.8200200130E+04    3.4848909727E-06
    2.8213712440E+04    3.4778693744E-06
    2.8227224750E+04    1.4488482114E-06
    2.8240737070E+04    2.7679341236E-06
    2.8254249380E+04    3.2491198092E-06
    2.8267761700E+04    5.0645906670E-06
    2.8281274010E+04    7.7372358743E-07
    2.8294786330E+04    4.7279526999E-09
    2.8308298640E+04    5.3246814908E-09
    2.8321810950E+04    2.7800230114E-07
    2.8335323270E+04    7.6239879295E-07
    2.8348835580E+04    2.5598872112E-06
    2.8362347900E+04    6.1929192340E-06
    2.8375860210E+04    3.2557785335E-06
    2.8389372530E+04    2.7087053035E-06
    2.8402884840E+04    2.3093053759E-06
    2.8416397160E+04    1.0313575113E-06
    2.8429909470E+04    3.3699890161E-06
    2.8443421780E+04    9.5234707842E-07
    2.8456934100E+04    1.3442260039E-06
    2.8470446410E+04    1.4453880186E-06
    2.8483958730E+04    7.6406561069E-07
    2.8497471040E+04    7.0905109600E-07
    2.8510983360E+04    1.6246909810E-06
    2.8524495670E+04    6.7472553079E-09
    2.8538007980E+04    3.4737177926E-07
    2.8551520300E+04    4.5240263643E-07
    2.8565032610E+04    4.6563596952E-09
    2.8578544930E+04    4.6510213661E-09
    2.8592057240E+04    2.3409013619E-08
    2.8605569560E+04    2.4303616271E-06
    2.8619081870E+04    9.2604620173E-07
    2.8632594190E+04    4.6289059622E-09
    2.8646106500E+04    1.2925888307E-08
    2.8659618810E+04    1.9123652568E-06
    2.8673131130E+04    2.9965390538E-07
    2.8686643440E+04    1.0061986121E-06
    2.8700155760E+04    1.2443391642E-06
    2.8713668070E+04    1.7434426003E-06
    2.8727180390E+04    2.5622717488E-06
    2.8740692700E+04    1.5508179580E-06
    2.8754205010E+04    5.1004560145E-07
    2.8767717330E+04    1.0636138931E-06
    2.8781229640E+04    6.0919222748E-06
    2.8794741960E+04    3.7620599441E-06
    2.8808254270E+04    2.5249905620E-07
    2.8821766590E+04    1.4778326515E-06
    2.8835278900E+04    4.7133776591E-06
    2.8848791220E+04    5.5139697366E-06
    2.8862303530E+04    2.9251060208E-06
    2.8875815840E+04    1.8310065277E-06
    2.8889328160E+04    1.9905294214E-06
    2.8902840470E+04    5.4443172558E-08
    2.8916352790E+04    6.9016705574E-09
    2.8929865100E+04    1.3198079765E-06
    2.8943377420E+04    2.0410021215E-06
    2.8956889730E+04    2.7116573667E-06
    2.8970402050E+04    3.2176490264E-06
    2.8983914360E+04    3.1119378050E-07
    2.8997426670E+04    1.0795746876E-06
    2.9010938990E+04    1.9661658924E-06
    2.9024451300E+04    2.5977770235E-06
    2.9037963620E+04    4.4275469273E-06
    2.9051475930E+04    4.2719633773E-06
    2.9064988250E+04    6.7820247536E-06
    2.9078500560E+04    3.0044694265E-06
    2.9092012870E+04    9.1254903900E-08
    2.9105525190E+04    4.5498941556E-09
    2.9119037500E+04    1.7379862048E-07
    2.9132549820E+04    1.3209505046E-06
    2.9146062130E+04    1.6946739871E-06
    2.9159574450E+04    1.4077066753E-06
    2.9173086760E+04    1.0689786970E-07
    2.9186599080E+04    2.5469411092E-06
    2.9200111390E+04    1.0735529780E-06
    2.9213623700E+04    2.7927601890E-06
    2.9227136020E+04    1.4015260352E-06
    2.9240648330E+04    2.0863944946E-06
    2.9254160650E+04    5.0241152738E-06
    2.9267672960E+04    8.0435565697E-07
    2.9281185280E+04    3.9216483627E-07
    2.9294697590E+04    3.4670696467E-06
    2.9308209900E+04    2.6347598576E-06
    2.9321722220E+04    4.8576703690E-06
    2.9335234530E+04    3.0597626769E-06
    2.9348746850E+04    1.1795753678E-06
    2.9362259160E+04    1.6318496719E-06
    2.9375771480E+04    4.5988910870E-06
    2.9389283790E+04    5.1806414746E-06
    2.9402796110E+04    9.2579243553E-07
    2.9416308420E+04    1.0950049654E-06
    2.9429820730E+04    8.7678121491E-08
    2.9443333050E+04    8.9423972735E-09
    2.9456845360E+04    4.6221485371E-07
    2.9470357680E+04    1.3126993353E-06
    2.9483869990E+04    9.9426877069E-06
    2.9497382310E+04    8.3404325622E-06
    2.9510894620E+04    4.8258543050E-06
    2.9524406940E+04    3.5020413988E-06
    2.9537919250E+04    1.5815967106E-06
    2.9551431560E+04    1.6730484850E-06
    2.9564943880E+04    6.6291590386E-06
    2.9578456190E+04    8.4033358418E-06
    2.9591968510E+04    4.4080016782E-06
    2.9605480820E+04    1.8745389900E-06
    2.9618993140E+04    5.8111809998E-09
    2.9632505450E+04    2.9861956070E-07
    2.9646017760E+04    1.5398070849E-06
    2.9659530080E+04    3.8689050499E-06
    2.9673042390E+04    1.3231732572E-06
    2.9686554710E+04    1.4516975775E-07
    2.9700067020E+04    1.2306823479E-06
    2.9713579340E+04    1.2932333547E-06
    2.9727091650E+04    3.1216947819E-07
    2.9740603970E+04    1.1460055823E-06
    2.9754116280E+04    1.6214534664E-07
    2.9767628590E+04    4.2607042073E-09
    2.9781140910E+04    1.2701969212E-08
    2.9794653220E+04    2.1224952459E-06
    2.9808165540E+04    7.3822001503E-06
    2.9821677850E+04    9.2409933382E-06
    2.9835190170E+04    4.6233822852E-06
    2.9848702480E+04    3.5112068884E-06
    2.9862214790E+04    3.4206087289E-06
    2.9875727110E+04    3.4335599782E-06
    2.9889239420E+04    2.8165360315E-06
    2.9902751740E+04    2.2081315154E-06
    2.9916264050E+04    4.0649582613E-06
    2.9929776370E+04    2.8594407999E-06
    2.9943288680E+04    1.2147109241E-06
    2.9956801000E+04    9.6941770145E-07
    2.9970313310E+04    2.6304823745E-06
    2.9983825620E+04    3.6992772320E-06
    2.9997337940E+04    3.0439322485E-06
    3.0010850250E+04    1.3545473631E-06
    3.0024362570E+04    2.2163098358E-07
    3.0037874880E+04    4.1915960734E-09
    3.0051387200E+04    1.4932226054E-07
    3.0064899510E+04    4.6023963355E-06
    3.0078411820E+04    1.4581636151E-06
    3.0091924140E+04    1.9059362898E-06
    3.0105436450E+04    2.2759816824E-06
    3.0118948770E+04    5.0691590175E-06
    3.0132461080E+04    4.8726884288E-06
    3.0145973400E+04    3.3307499472E-06
    3.0159485710E+04    1.5319987400E-06
    3.0172998030E+04    1.6599435680E-06
    3.0186510340E+04    3.7016081907E-06
    3.0200022650E+04    2.1705743704E-06
    3.0213534970E+04    3.6047400399E-06
    3.0227047280E+04    1.8309802647E-06
    3.0240559600E+04    2.3499784906E-06
    3.0254071910E+04    3.0938115603E-06
    3.0267584230E+04    2.3573330967E-06
    3.0281096540E+04    4.1880503914E-06
    3.0294608860E+04    3.2099803208E-06
    3.0308121170E+04    2.2159821874E-06
    3.0321633480E+04    1.6637954117E-06
    3.0335145800E+04    2.0662239883E-06
    3.0348658110E+04    4.2377061631E-06
    3.0362170430E+04    5.2234174567E-06
    3.0375682740E+04    4.8486100801E-06
    3.0389195060E+04    5.1229632648E-06
    3.0402707370E+04    2.5399404390E-06
    3.0416219680E+04    4.9329465821E-06
    3.0429732000E+04    3.3258589003E-06
    3.0443244310E+04    7.8549301893E-07
    3.0456756630E+04    4.5140562695E-07
    3.0470268940E+04    1.3308368306E-06
    3.0483781260E+04    3.0650442765E-06
    3.0497293570E+04    3.8449603139E-06
    3.0510805890E+04    4.3923855243E-06
    3.0524318200E+04    3.3596229759E-06
    3.0537830510E+04    2.3755852654E-06
    3.0551342830E+04    1.4049380127E-06
    3.0564855140E+04    8.6865797580E-09
    3.0578367460E+04    9.4186015696E-07
    3.0591879770E+04    4.0440160369E-06
    3.0605392090E+04    5.7016607909E-06
    3.0618904400E+04    4.0041617861E-06
    3.0632416710E+04    2.5614038905E-06
    3.0645929030E+04    1.9791710989E-06
    3.0659441340E+04    6.0528091062E-07
    3.0672953660E+04    1.6235849408E-06
    3.0686465970E+04    1.3814689200E-06
    3.0699978290E+04    1.6821763586E-06
    3.0713490600E+04    2.3626688864E-06
    3.0727002920E+04    7.8778158690E-07
    3.0740515230E+04    1.7277093965E-06
    3.0754027540E+04    3.2372674331E-06
    3.0767539860E+04    2.2639621944E-06
    3.0781052170E+04    2.2791395797E-06
    3.0794564490E+04    2.5790014516E-06
    3.0808076800E+04    6.2671160922E-06
    3.0821589120E+04    8.8776695806E-06
    3.0835101430E+04    1.1731782335E-05
    3.0848613740E+04    5.7918116247E-06
    3.0862126060E+04    3.4256381749E-06
    3.0875638370E+04    7.4270652907E-06
    3.0889150690E+04    8.6738331889E-06
    3.0902663000E+04    1.1589586821E-05
    3.0916175320E+04    1.3164378440E-05
    3.0929687630E+04    1.3672862163E-05
    3.0943199950E+04    1.8126021953E-05
    3.0956712260E+04    2.0515167811E-05
    3.0970224570E+04    2.5355705470E-05
    3.0983736890E+04    3.1422685173E-05
    3.0997249200E+04    4.0542553956E-05
    3.1010761520E+04    4.5808538181E-05
    3.1024273830E+04    5.5017889801E-05
    3.1037786150E+04    6.5233376429E-05
    3.1051298460E+04    7.0197848088E-05
    3.1064810780E+04    6.8219136484E-05
    3.1078323090E+04    6.1269951736E-05
    3.1091835400E+04    5.9792491187E-05
    3.1105347720E+04    6.9869625135E-05
    3.1118860030E+04    8.8529902589E-05
    3.1132372350E+04    9.7767064771E-05
    3.1145884660E+04    9.6750773772E-05
    3.1159396980E+04    9.0877155023E-05
    3.1172909290E+04    8.2133253703E-05
    3.1186421600E+04    7.3257364071E-05
    3.1199933920E+04    7.1927352819E-05
    3.1213446230E+04    7.7737980611E-05
    3.1226958550E+04    8.2167520977E-05
    3.1240470860E+04    7.7260128638E-05
    3.1253983180E+04    6.7215856954E-05
    3.1267495490E+04    6.1416059789E-05
    3.1281007810E+04    6.6632375256E-05
    3.1294520120E+04    8.0493772497E-05
    3.1308032430E+04    8.5592248389E-05
    3.1321544750E+04    8.2282260959E-05
    3.1335057060E+04    8.2565482402E-05
    3.1348569380E+04    8.4388407009E-05
    3.1362081690E+04    8.8965808250E-05
    3.1375594010E+04    9.7590180338E-05
    3.1389106320E+04    1.0650784945E-04
    3.1402618630E+04    1.0650763973E-04
    3.1416130950E+04    9.5840723784E-05
    3.1429643260E+04    8.3487365373E-05
    3.1443155580E+04    7.8086393803E-05
    3.1456667890E+04    8.0414069087E-05
    3.1470180210E+04    8.4232008027E-05
    3.1483692520E+04    8.6839613731E-05
    3.1497204840E+04    8.1515593699E-05
    3.1510717150E+04    6.5660002505E-05
    3.1524229460E+04    5.1856829726E-05
    3.1537741780E+04    4.1668661022E-05
    3.1551254090E+04    3.5541301902E-05
    3.1564766410E+04    3.2887580501E-05
    3.1578278720E+04    2.7838296701E-05
    3.1591791040E+04    2.3486623583E-05
    3.1605303350E+04    2.2527673074E-05
    3.1618815660E+04    1.7779697037E-05
    3.1632327980E+04    1.2118183384E-05
    3.1645840290E+04    8.8029597324E-06
    3.1659352610E+04    6.9483804954E-06
    3.1672864920E+04    5.7352507718E-06
    3.1686377240E+04    6.3981163980E-06
    3.1699889550E+04    6.9656991952E-06
    3.1713401870E+04    5.2751528619E-06
    3.1726914180E+04    5.9107899869E-06
    3.1740426490E+04    6.1754076753E-06
    3.1753938810E+04    2.1476785940E-06
    3.1767451120E+04    1.5911864493E-06
    3.1780963440E+04    8.6474762133E-08
    3.1794475750E+04    2.5751029591E-06
    3.1807988070E+04    4.2350915382E-06
    3.1821500380E+04    4.8235509346E-06
    3.1835012700E+04    5.1064864369E-06
    3.1848525010E+04    5.9440076698E-06
    3.1862037320E+04    6.3524551481E-06
    3.1875549640E+04    6.7169593737E-06
    3.1889061950E+04    6.2869568974E-06
    3.1902574270E+04    4.9819630354E-06
    3.1916086580E+04    3.9522590385E-06
    3.1929598900E+04    3.8577621561E-06
    3.1943111210E+04    3.5379172965E-06
    3.1956623520E+04    3.0523622586E-06
    3.1970135840E+04    5.3206981600E-06
    3.1983648150E+04    6.5433505544E-06
    3.1997160470E+04    1.7816927887E-06
    3.2010672780E+04    1.5308537598E-06
    3.2024185100E+04    5.4695456278E-06
    3.2037697410E+04    7.3236801868E-06
    3.2051209730E+04    4.6784500763E-06
    3.2064722040E+04    3.5357184908E-06
    3.2078234350E+04    2.4431927240E-06
    3.2091746670E+04    3.1885737320E-06
    3.2105258980E+04    4.1537870390E-06
    3.2118771300E+04    3.3048864578E-06
    3.2132283610E+04    1.3218059597E-06
    3.2145795930E+04    6.4722398501E-07
    3.2159308240E+04    1.0427997213E-06
    3.2172820550E+04    1.6948102411E-07
    3.2186332870E+04    3.5786293986E-08
    3.2199845180E+04    3.0973515904E-06
    3.2213357500E+04    1.9002137941E-06
    3.2226869810E+04    5.7170216716E-08
    3.2240382130E+04    5.8008825245E-07
    3.2253894440E+04    1.9883969016E-06
    3.2267406760E+04    3.2156185836E-06
    3.2280919070E+04    5.0826089597E-06
    3.2294431380E+04    6.6387491597E-06
    3.2307943700E+04    7.8183140197E-06
    3.2321456010E+04    7.8242906464E-06
    3.2334968330E+04    8.4696695440E-06
    3.2348480640E+04    6.6425283269E-06
    3.2361992960E+04    7.1717874832E-06
    3.2375505270E+04    7.1167566267E-06
    3.2389017590E+04    6.3532670305E-06
    3.2402529900E+04    4.9604942258E-06
    3.2416042210E+04    4.1852980170E-06
    3.2429554530E+04    4.6996384072E-06
    3.2443066840E+04    7.1932871257E-09
    3.2456579160E+04    8.3973024070E-09
    3.2470091470E+04    4.7760634605E-08
    3.2483603790E+04    3.8770118675E-07
    3.2497116100E+04    3.8983985374E-06
    3.2510628410E+04    3.1257784369E-06
    3.2524140730E+04    3.5542129988E-06
    3.2537653040E+04    7.9625525049E-06
    3.2551165360E+04    1.0167083319E-05
    3.2564677670E+04    6.2272047937E-06
    3.2578189990E+04    4.4886370432E-06
    3.2591702300E+04    4.7943705025E-06
    3.2605214620E+04    4.3306459397E-06
    3.2618726930E+04    5.5552270536E-06
    3.2632239240E+04    4.3570951775E-06
    3.2645751560E+04    3.6353680604E-06
    3.2659263870E+04    5.3233611891E-06
    3.2672776190E+04    7.9322650653E-06
    3.2686288500E+04    6.3921162454E-06
    3.2699800820E+04    2.1873484725E-06
    3.2713313130E+04    6.6141151344E-08
    3.2726825440E+04    4.8262654664E-09
    3.2740337760E+04    4.8290827746E-09
    3.2753850070E+04    3.0969239019E-07
    3.2767362390E+04    4.1952747032E-06
    3.2780874700E+04    7.0441512883E-06
    3.2794387020E+04    6.0732627811E-06
    3.2807899330E+04    2.6865547836E-06
    3.2821411650E+04    5.3014462467E-08
    3.2834923960E+04    3.2420311927E-07
    3.2848436270E+04    7.6881436301E-07
    3.2861948590E+04    1.6217214185E-08
    3.2875460900E+04    4.8603559505E-09
    3.2888973220E+04    4.8638581938E-09
    3.2902485530E+04    1.2078292746E-07
    3.2915997850E+04    5.5144571704E-06
    3.2929510160E+04    3.6639733263E-06
    3.2943022470E+04    1.4033493333E-06
    3.2956534790E+04    1.0850566033E-06
    3.2970047100E+04    1.4704742413E-06
    3.2983559420E+04    4.5574778834E-06
    3.2997071730E+04    8.6535112655E-06
    3.3010584050E+04    9.4741588094E-06
    3.3024096360E+04    6.6705587882E-06
    3.3037608680E+04    3.5379636620E-06
    3.3051120990E+04    2.2331652446E-08
    3.3064633300E+04    4.9158619700E-09
    3.3078145620E+04    5.9768584474E-08
    3.3091657930E+04    7.8264450268E-08
    3.3105170250E+04    4.2367692184E-06
    3.3118682560E+04    8.7091769749E-06
    3.3132194880E+04    7.1127290571E-06
    3.3145707190E+04    2.9301445224E-06
    3.3159219510E+04    4.6656155518E-07
    3.3172731820E+04    1.8889574735E-06
    3.3186244130E+04    6.5117806080E-06
    3.3199756450E+04    8.2716421655E-06
    3.3213268760E+04    8.2865244443E-06
    3.3226781080E+04    6.4590895624E-06
    3.3240293390E+04    3.9167939909E-06
    3.3253805710E+04    2.4463390503E-06
    3.3267318020E+04    1.3656975545E-06
    3.3280830330E+04    2.2733958708E-07
    3.3294342650E+04    8.9210314073E-07
    3.3307854960E+04    5.1615738156E-07
    3.3321367280E+04    4.9705192235E-09
    3.3334879590E+04    4.8969775828E-08
    3.3348391910E+04    3.7576130436E-06
    3.3361904220E+04    4.4124374150E-06
    3.3375416540E+04    7.2176796977E-07
    3.3388928850E+04    1.6615061768E-06
    3.3402441160E+04    2.0800200834E-06
    3.3415953480E+04    1.0708360373E-06
    3.3429465790E+04    2.7656576030E-06
    3.3442978110E+04    3.6256150979E-06
    3.3456490420E+04    5.7350267370E-06
    3.3470002740E+04    9.7529025162E-06
    3.3483515050E+04    6.9092019891E-06
    3.3497027360E+04    6.1267782533E-06
    3.3510539680E+04    6.6414535128E-06
    3.3524051990E+04    4.5068926315E-06
    3.3537564310E+04    1.4286854145E-06
    3.3551076620E+04    6.0889852183E-08
    3.3564588940E+04    2.0724816569E-07
    3.3578101250E+04    2.4448808730E-06
    3.3591613570E+04    6.1880791004E-06
    3.3605125880E+04    9.5501200301E-06
    3.3618638190E+04    1.0579342456E-05
    3.3632150510E+04    8.8028254663E-06
    3.3645662820E+04    4.8449850817E-06
    3.3659175140E+04    2.0378866561E-06
    3.3672687450E+04    1.1245753048E-06
    3.3686199770E+04    2.0043978172E-07
    3.3699712080E+04    2.0752596460E-06
    3.3713224390E+04    4.4338738988E-06
    3.3726736710E+04    5.8075866014E-06
    3.3740249020E+04    6.0337084515E-06
    3.3753761340E+04    5.8881543773E-06
    3.3767273650E+04    4.2039454070E-07
    3.3780785970E+04    2.0467243073E-07
    3.3794298280E+04    1.1604268124E-06
    3.3807810600E+04    1.9827796965E-06
    3.3821322910E+04    3.7670838006E-06
    3.3834835220E+04    6.3232071593E-06
    3.3848347540E+04    6.5285239269E-06
    3.3861859850E+04    2.6346876911E-06
    3.3875372170E+04    1.3363107124E-06
    3.3888884480E+04    2.7565335952E-06
    3.3902396800E+04    7.2997108009E-08
    3.3915909110E+04    5.0077828383E-09
    3.3929421430E+04    5.0039100910E-09
    3.3942933740E+04    4.9999831684E-09
    3.3956446050E+04    4.9960101292E-09
    3.3969958370E+04    9.4505525686E-08
    3.3983470680E+04    1.9706502065E-06
    3.3996983000E+04    1.6169665339E-06
    3.4010495310E+04    3.1572646489E-07
    3.4024007630E+04    4.9743265228E-09
    3.4037519940E+04    4.9694503216E-09
    3.4051032250E+04    4.9645429734E-09
    3.4064544570E+04    4.9596050202E-09
    3.4078056880E+04    4.9546424658E-09
    3.4091569200E+04    3.7134793074E-08
    3.4105081510E+04    2.0327788152E-06
    3.4118593830E+04    1.7055159749E-06
    3.4132106140E+04    6.5040676575E-08
    3.4145618460E+04    1.4910601800E-06
    3.4159130770E+04    1.9162011617E-06
    3.4172643080E+04    6.2568867578E-07
    3.4186155400E+04    1.9576105967E-06
    3.4199667710E+04    2.3498093112E-06
    3.4213180030E+04    7.4928979502E-07
    3.4226692340E+04    1.2001357819E-06
    3.4240204660E+04    1.3893209958E-06
    3.4253716970E+04    7.3303911814E-09
    3.4267229280E+04    1.8530840957E-06
    3.4280741600E+04    2.0890231018E-06
    3.4294253910E+04    1.8849366883E-06
    3.4307766230E+04    4.7576997920E-06
    3.4321278540E+04    3.4410635169E-06
    3.4334790860E+04    4.7952765639E-06
    3.4348303170E+04    2.4970479924E-06
    3.4361815490E+04    8.8861039446E-07
    3.4375327800E+04    8.1561976904E-07
    3.4388840110E+04    1.0891037947E-06
    3.4402352430E+04    6.7150671374E-07
    3.4415864740E+04    6.6788216641E-09
    3.4429377060E+04    9.5218324719E-07
    3.4442889370E+04    2.6926076100E-06
    3.4456401690E+04    2.4652771684E-06
    3.4469914000E+04    1.8263583388E-06
    3.4483426310E+04    7.5567399211E-07
    3.4496938630E+04    1.9156310398E-06
    3.4510450940E+04    2.9674508270E-06
    3.4523963260E+04    1.8400847958E-06
    3.4537475570E+04    3.7614810735E-07
    3.4550987890E+04    1.5681051162E-07
    3.4564500200E+04    2.4528962141E-06
    3.4578012520E+04    7.0433393503E-06
    3.4591524830E+04    1.2643757639E-05
    3.4605037140E+04    9.9079878896E-06
    3.4618549460E+04    5.0283600065E-06
    3.4632061770E+04    4.4426230247E-06
    3.4645574090E+04    5.3280269026E-06
    3.4659086400E+04    4.5356829258E-06
    3.4672598720E+04    2.6990160302E-06
    3.4686111030E+04    3.6658566399E-06
    3.4699623350E+04    4.1261512668E-06
    3.4713135660E+04    1.3579927281E-06
    3.4726647970E+04    6.5420351742E-09
    3.4740160290E+04    5.0647739785E-07
    3.4753672600E+04    3.4881392319E-06
    3.4767184920E+04    4.2569419703E-06
    3.4780697230E+04    2.7646878252E-06
    3.4794209550E+04    1.0046560196E-06
    3.4807721860E+04    7.3537898435E-07
    3.4821234170E+04    1.0992316580E-06
    3.4834746490E+04    1.6496280372E-06
    3.4848258800E+04    4.3918036094E-06
    3.4861771120E+04    6.3474251018E-06
    3.4875283430E+04    7.1601507547E-06
    3.4888795750E+04    8.5971524603E-06
    3.4902308060E+04    9.2401790810E-06
    3.4915820380E+04    1.2756664172E-05
    3.4929332690E+04    1.8702693665E-05
    3.4942845000E+04    2.4393251488E-05
    3.4956357320E+04    3.0169699682E-05
    3.4969869630E+04    3.4363697142E-05
    3.4983381950E+04    3.8043833075E-05
    3.4996894260E+04    4.3640874784E-05
    3.5010406580E+04    4.9679433105E-05
    3.5023918890E+04    5.4060570315E-05
    3.5037431200E+04    5.3498000683E-05
    3.5050943520E+04    4.9860818505E-05
    3.5064455830E+04    4.7585688302E-05
    3.5077968150E+04    4.7245782615E-05
    3.5091480460E+04    5.1504225187E-05
    3.5104992780E+04    5.7935906548E-05
    3.5118505090E+04    6.2135453756E-05
    3.5132017410E+04    6.1327827946E-05
    3.5145529720E+04    5.3261141864E-05
    3.5159042030E+04    4.6467360810E-05
    3.5172554350E+04    4.6134834019E-05
    3.5186066660E+04    4.4148280698E-05
    3.5199578980E+04    3.8824134407E-05
    3.5213091290E+04    3.2280230645E-05
    3.5226603610E+04    2.4738458913E-05
    3.5240115920E+04    1.8240814206E-05
    3.5253628240E+04    1.4164886958E-05
    3.5267140550E+04    1.4703116648E-05
    3.5280652860E+04    1.5612189535E-05
    3.5294165180E+04    1.4968862417E-05
    3.5307677490E+04    1.6875456500E-05
    3.5321189810E+04    1.7750210796E-05
    3.5334702120E+04    1.4208213019E-05
    3.5348214440E+04    6.2836920728E-06
    3.5361726750E+04    1.6671170085E-06
    3.5375239060E+04    7.8458317719E-07
    3.5388751380E+04    3.4825135932E-06
    3.5402263690E+04    7.9443857864E-06
    3.5415776010E+04    1.3471006379E-05
    3.5429288320E+04    1.6542337891E-05
    3.5442800640E+04    1.5754649433E-05
    3.5456312950E+04    1.2477455227E-05
    3.5469825270E+04    9.3866726501E-06
    3.5483337580E+04    7.2963607188E-06
    3.5496849890E+04    3.5328623213E-06
    3.5510362210E+04    3.6862729257E-06
    3.5523874520E+04    5.0297266403E-06
    3.5537386840E+04    5.2353158006E-06
    3.5550899150E+04    8.1738455641E-06
    3.5564411470E+04    1.2537380457E-05
    3.5577923780E+04    9.7630031180E-06
    3.5591436090E+04    6.1569873858E-06
    3.5604948410E+04    5.2930896542E-06
    3.5618460720E+04    7.2230087580E-06
    3.5631973040E+04    1.0170048950E-05
    3.5645485350E+04    8.6943702959E-06
    3.5658997670E+04    6.4702877483E-06
    3.5672509980E+04    5.7327208281E-06
    3.5686022300E+04    5.9454993106E-06
    3.5699534610E+04    5.3459900652E-06
    3.5713046920E+04    7.5260672144E-06
    3.5726559240E+04    8.4730696825E-06
    3.5740071550E+04    1.0686496084E-05
    3.5753583870E+04    9.7881920352E-06
    3.5767096180E+04    6.1248493512E-06
    3.5780608500E+04    3.0986140612E-06
    3.5794120810E+04    2.1012910460E-06
    3.5807633120E+04    1.3851069718E-06
    3.5821145440E+04    2.7787429250E-06
    3.5834657750E+04    3.3362386821E-06
    3.5848170070E+04    4.2330836331E-06
    3.5861682380E+04    6.2018949379E-06
    3.5875194700E+04    8.9741691773E-06
    3.5888707010E+04    6.9133639603E-06
    3.5902219330E+04    5.2914233360E-06
    3.5915731640E+04    4.5985946135E-06
    3.5929243950E+04    3.1980361936E-06
    3.5942756270E+04    4.5004285006E-06
    3.5956268580E+04    5.9393370635E-06
    3.5969780900E+04    3.7663414566E-06
    3.5983293210E+04    1.6388728626E-06
    3.5996805530E+04    2.3361617493E-06
    3.6010317840E+04    3.4628309640E-06
    3.6023830160E+04    5.2061637270E-06
    3.6037342470E+04    7.8942752384E-06
    3.6050854780E+04    1.0979844423E-05
    3.6064367100E+04    1.3446338760E-05
    3.6077879410E+04    1.1181967756E-05
    3.6091391730E+04    8.2273465162E-06
    3.6104904040E+04    9.8800047393E-06
    3.6118416360E+04    1.2689020824E-05
    3.6131928670E+04    1.0536931279E-05
    3.6145440980E+04    5.4453091021E-06
    3.6158953300E+04    4.3287852068E-06
    3.6172465610E+04    7.7821058513E-06
    3.6185977930E+04    5.0808867241E-06
    3.6199490240E+04    3.6366904571E-06
    3.6213002560E+04    3.2042562073E-06
    3.6226514870E+04    3.7614290125E-06
    3.6240027190E+04    6.9520605174E-06
    3.6253539500E+04    9.8621048960E-06
    3.6267051810E+04    1.3072463790E-05
    3.6280564130E+04    1.6029748186E-05
    3.6294076440E+04    1.5518810812E-05
    3.6307588760E+04    1.2795321200E-05
    3.6321101070E+04    1.2086805935E-05
    3.6334613390E+04    1.2628527886E-05
    3.6348125700E+04    1.2322133829E-05
    3.6361638010E+04    1.0487167506E-05
    3.6375150330E+04    9.0251345559E-06
    3.6388662640E+04    8.0938557415E-06
    3.6402174960E+04    6.6735778405E-06
    3.6415687270E+04    5.5951650257E-06
    3.6429199590E+04    5.8040738285E-06
    3.6442711900E+04    7.4573289491E-06
    3.6456224220E+04    9.4823363642E-06
    3.6469736530E+04    1.1203820440E-05
    3.6483248840E+04    1.1800766207E-05
    3.6496761160E+04    1.0917578122E-05
    3.6510273470E+04    9.2075043316E-06
    3.6523785790E+04    5.4543004072E-06
    3.6537298100E+04    7.1384964774E-06
    3.6550810420E+04    1.2839950276E-05
    3.6564322730E+04    1.4980142143E-05
    3.6577835040E+04    1.5218717731E-05
    3.6591347360E+04    1.6324324378E-05
    3.6604859670E+04    1.7273845694E-05
    3.6618371990E+04    1.8332024965E-05
    3.6631884300E+04    1.9309979601E-05
    3.6645396620E+04    1.9952921361E-05
    3.6658908930E+04    2.0861687341E-05
    3.6672421250E+04    2.1407288079E-05
    3.6685933560E+04    2.2577190921E-05
    3.6699445870E+04    2.4342873048E-05
    3.6712958190E+04    2.4497040122E-05
    3.6726470500E+04    2.5836474009E-05
    3.6739982820E+04    2.9801974470E-05
    3.6753495130E+04    3.2925259903E-05
    3.6767007450E+04    3.4684111071E-05
    3.6780519760E+04    3.7115865068E-05
    3.6794032080E+04    3.8728728677E-05
    3.6807544390E+04    3.8628676636E-05
    3.6821056700E+04    3.8348620164E-05
    3.6834569020E+04    3.8604440278E-05
    3.6848081330E+04    3.9303599753E-05
    3.6861593650E+04    3.9157285017E-05
    3.6875105960E+04    3.7602178473E-05
    3.6888618280E+04    3.7809526695E-05
    3.6902130590E+04    4.2191589598E-05
    3.6915642900E+04    4.6846666759E-05
    3.6929155220E+04    4.6268243363E-05
    3.6942667530E+04    4.2012335651E-05
    3.6956179850E+04    3.9540679849E-05
    3.6969692160E+04    4.0905208818E-05
    3.6983204480E+04    4.4450949793E-05
    3.6996716790E+04    4.7604309401E-05
    3.7010229110E+04    4.8344412031E-05
    3.7023741420E+04    4.7553909763E-05
    3.7037253730E+04    4.6805895471E-05
    3.7050766050E+04    4.5644703729E-05
    3.7064278360E+04    4.4663751848E-05
    3.7077790680E+04    4.4557135661E-05
    3.7091302990E+04    4.3984135421E-05
    3.7104815310E+04    4.2590920064E-05
    3.7118327620E+04    4.0978227175E-05
    3.7131839930E+04    3.9737816546E-05
    3.7145352250E+04    4.0519802034E-05
    3.7158864560E+04    4.3517891683E-05
    3.7172376880E+04    4.5885123423E-05
    3.7185889190E+04    4.5708487164E-05
    3.7199401510E+04    4.2695299931E-05
    3.7212913820E+04    3.8066591386E-05
    3.7226426140E+04    3.5026582891E-05
    3.7239938450E+04    3.4526982621E-05
    3.7253450760E+04    3.5059352079E-05
    3.7266963080E+04    3.4686995765E-05
    3.7280475390E+04    3.1941404995E-05
    3.7293987710E+04    2.8276143784E-05
    3.7307500020E+04    2.6311610248E-05
    3.7321012340E+04    2.5186560140E-05
    3.7334524650E+04    2.4089117777E-05
    3.7348036960E+04    2.3748172799E-05
    3.7361549280E+04    2.2867980486E-05
    3.7375061590E+04    2.1380075872E-05
    3.7388573910E+04    2.1078930499E-05
    3.7402086220E+04    2.0124431403E-05
    3.7415598540E+04    1.7492800006E-05
    3.7429110850E+04    1.5695730564E-05
    3.7442623170E+04    1.5293042023E-05
    3.7456135480E+04    1.4938962405E-05
    3.7469647790E+04    1.3661549724E-05
    3.7483160110E+04    1.2187723514E-05
    3.7496672420E+04    1.2285638447E-05
    3.7510184740E+04    1.3962596005E-05
    3.7523697050E+04    1.3870375652E-05
    3.7537209370E+04    1.1893530128E-05
    3.7550721680E+04    1.0516981299E-05
    3.7564234000E+04    9.9616257246E-06
    3.7577746310E+04    1.0505777336E-05
    3.7591258620E+04    1.1574773735E-05
    3.7604770940E+04    1.1994161477E-05
    3.7618283250E+04    1.1272200393E-05
    3.7631795570E+04    1.0456105676E-05
    3.7645307880E+04    1.0783375127E-05
    3.7658820200E+04    1.1765203434E-05
    3.7672332510E+04    1.1203314524E-05
    3.7685844820E+04    8.7090919667E-06
    3.7699357140E+04    7.5448498610E-06
    3.7712869450E+04    7.9411946331E-06
    3.7726381770E+04    9.2945908359E-06
    3.7739894080E+04    1.0799094398E-05
    3.7753406400E+04    1.1508114055E-05
    3.7766918710E+04    7.6784667235E-06
    3.7780431030E+04    5.1347527927E-06
    3.7793943340E+04    4.8108707486E-06
    3.7807455650E+04    8.3319759340E-06
    3.7820967970E+04    1.0336620302E-05
    3.7834480280E+04    1.1715523859E-05
    3.7847992600E+04    1.0996422878E-05
    3.7861504910E+04    5.2665446852E-06
    3.7875017230E+04    2.1614935037E-06
    3.7888529540E+04    4.2240258196E-07
    3.7902041850E+04    1.4651761259E-07
    3.7915554170E+04    1.9188606915E-06
    3.7929066480E+04    6.0980764317E-06
    3.7942578800E+04    9.9929939062E-06
    3.7956091110E+04    1.0182698344E-05
    3.7969603430E+04    9.5555057837E-06
    3.7983115740E+04    8.8294103755E-06
    3.7996628060E+04    9.6263666332E-06
    3.8010140370E+04    1.0214772056E-05
    3.8023652680E+04    9.1255345043E-06
    3.8037165000E+04    7.5184082589E-06
    3.8050677310E+04    5.7158962460E-06
    3.8064189630E+04    5.1796065695E-06
    3.8077701940E+04    6.5514323352E-06
    3.8091214260E+04    1.0965337925E-05
    3.8104726570E+04    1.6255603102E-05
    3.8118238890E+04    1.7197068375E-05
    3.8131751200E+04    1.4421119981E-05
    3.8145263510E+04    9.6092167730E-06
    3.8158775830E+04    5.0533121806E-06
    3.8172288140E+04    2.4327530800E-06
    3.8185800460E+04    2.2077955441E-06
    3.8199312770E+04    2.9282501572E-06
    3.8212825090E+04    3.8236415638E-06
    3.8226337400E+04    5.4787463576E-06
    3.8239849710E+04    7.2841101300E-06
    3.8253362030E+04    7.1859261995E-06
    3.8266874340E+04    8.0720028087E-06
    3.8280386660E+04    8.6352238123E-06
    3.8293898970E+04    9.9179690379E-06
    3.8307411290E+04    1.0547634885E-05
    3.8320923600E+04    1.1305119952E-05
    3.8334435920E+04    1.2340139970E-05
    3.8347948230E+04    1.2976138909E-05
    3.8361460540E+04    1.1591226300E-05
    3.8374972860E+04    1.1086498020E-05
    3.8388485170E+04    1.2620511426E-05
    3.8401997490E+04    1.1690859680E-05
    3.8415509800E+04    9.0703885059E-06
    3.8429022120E+04    8.8324299452E-06
    3.8442534430E+04    1.0175571215E-05
    3.8456046740E+04    9.5896885994E-06
    3.8469559060E+04    8.0921024054E-06
    3.8483071370E+04    7.8065184199E-06
    3.8496583690E+04    8.2693182838E-06
    3.8510096000E+04    9.0570115876E-06
    3.8523608320E+04    9.3969902042E-06
    3.8537120630E+04    8.8339074154E-06
    3.8550632950E+04    8.5475504113E-06
    3.8564145260E+04    9.0146562360E-06
    3.8577657570E+04    9.1751644075E-06
    3.8591169890E+04    1.0115460417E-05
    3.8604682200E+04    1.2397677566E-05
    3.8618194520E+04    1.3537385230E-05
    3.8631706830E+04    1.4204872334E-05
    3.8645219150E+04    1.5016938525E-05
    3.8658731460E+04    1.2775985775E-05
    3.8672243770E+04    9.0719925312E-06
    3.8685756090E+04    8.1964823218E-06
    3.8699268400E+04    8.3267633313E-06
    3.8712780720E+04    7.4764825478E-06
    3.8726293030E+04    7.6044263189E-06
    3.8739805350E+04    9.6294664512E-06
    3.8753317660E+04    1.1059469221E-05
    3.8766829980E+04    1.1123170701E-05
    3.8780342290E+04    1.2144230491E-05
    3.8793854600E+04    1.4400044718E-05
    3.8807366920E+04    1.3546061527E-05
    3.8820879230E+04    9.6785530469E-06
    3.8834391550E+04    4.8662797573E-06
    3.8847903860E+04    3.3555459887E-06
    3.8861416180E+04    3.7872386459E-06
    3.8874928490E+04    7.4548573759E-06
    3.8888440810E+04    9.1062378571E-06
    3.8901953120E+04    8.8118379366E-06
    3.8915465430E+04    7.2102091366E-06
    3.8928977750E+04    4.7737147043E-06
    3.8942490060E+04    3.8118437640E-06
    3.8956002380E+04    4.4755174081E-06
    3.8969514690E+04    5.5817145135E-06
    3.8983027010E+04    6.5291098698E-06
    3.8996539320E+04    1.0220907718E-05
    3.9010051630E+04    1.4459139650E-05
    3.9023563950E+04    1.5301540576E-05
    3.9037076260E+04    1.4569729783E-05
    3.9050588580E+04    1.4685858748E-05
    3.9064100890E+04    1.4940265094E-05
    3.9077613210E+04    1.2527388055E-05
    3.9091125520E+04    1.0639210662E-05
    3.9104637840E+04    1.1042848995E-05
    3.9118150150E+04    1.3682029184E-05
    3.9131662460E+04    1.3731542596E-05
    3.9145174780E+04    1.1607726564E-05
    3.9158687090E+04    7.7817476699E-06
    3.9172199410E+04    5.6935652042E-06
    3.9185711720E+04    7.8064909687E-06
    3.9199224040E+04    1.1419652106E-05
    3.9212736350E+04    1.3284973117E-05
    3.9226248660E+04    1.3200568764E-05
    3.9239760980E+04    1.1763699176E-05
    3.9253273290E+04    9.1237828416E-06
    3.9266785610E+04    7.2622280718E-06
    3.9280297920E+04    6.7773133154E-06
    3.9293810240E+04    5.4937081272E-06
    3.9307322550E+04    2.7277905562E-06
    3.9320834870E+04    1.8778163520E-06
    3.9334347180E+04    2.2155351714E-06
    3.9347859490E+04    3.4654851516E-06
    3.9361371810E+04    3.6498198352E-06
    3.9374884120E+04    4.4922549070E-06
    3.9388396440E+04    6.0880369747E-06
    3.9401908750E+04    7.3178625778E-06
    3.9415421070E+04    8.0242975513E-06
    3.9428933380E+04    6.2348641754E-06
    3.9442445690E+04    4.6730699680E-06
    3.9455958010E+04    4.0551326020E-06
    3.9469470320E+04    4.9231134779E-06
    3.9482982640E+04    5.7124193613E-06
    3.9496494950E+04    6.1256710812E-06
    3.9510007270E+04    7.6957624129E-06
    3.9523519580E+04    8.7748415474E-06
    3.9537031900E+04    5.9424622414E-06
    3.9550544210E+04    3.3559180015E-06
    3.9564056520E+04    2.8563220554E-06
    3.9577568840E+04    4.8259598278E-06
    3.9591081150E+04    5.1531681444E-06
    3.9604593470E+04    3.7865372089E-06
    3.9618105780E+04    3.3091359609E-06
    3.9631618100E+04    3.7629553223E-06
    3.9645130410E+04    3.0073344987E-06
    3.9658642730E+04    4.2977721059E-06
    3.9672155040E+04    5.6406691993E-06
    3.9685667350E+04    7.1916731074E-06
    3.9699179670E+04    1.0396882743E-05
    3.9712691980E+04    1.0346944555E-05
    3.9726204300E+04    7.0364232045E-06
    3.9739716610E+04    8.4376675578E-06
    3.9753228930E+04    1.5220855897E-05
    3.9766741240E+04    2.2921247293E-05
    3.9780253550E+04    2.7832793613E-05
    3.9793765870E+04    3.0637797214E-05
    3.9807278180E+04    3.2168551627E-05
    3.9820790500E+04    3.1458830902E-05
    3.9834302810E+04    2.8803339253E-05
    3.9847815130E+04    2.4185727519E-05
    3.9861327440E+04    1.9037138523E-05
    3.9874839760E+04    1.5688280038E-05
    3.9888352070E+04    1.3307235145E-05
    3.9901864380E+04    1.1363939137E-05
    3.9915376700E+04    1.0702297856E-05
    3.9928889010E+04    1.0348500123E-05
    3.9942401330E+04    1.1023571356E-05
    3.9955913640E+04    8.5068453332E-06
    3.9969425960E+04    6.0505002854E-06
    3.9982938270E+04    3.2999797236E-06
    3.9996450580E+04    3.8411808012E-06
    4.0009962900E+04    5.1540068792E-06
    4.0023475210E+04    6.1478055763E-06
    4.0036987530E+04    8.5012846465E-06
    4.0050499840E+04    8.2573234539E-06
    4.0064012160E+04    5.0799386416E-06
    4.0077524470E+04    4.2331406134E-06
    4.0091036790E+04    5.9390191669E-06
    4.0104549100E+04    6.5213379994E-06
    4.0118061410E+04    6.5249749481E-06
    4.0131573730E+04    7.1546241524E-06
    4.0145086040E+04    8.0174679780E-06
    4.0158598360E+04    6.8278522153E-06
    4.0172110670E+04    4.6419764228E-06
    4.0185622990E+04    4.2892694687E-06
    4.0199135300E+04    4.8832745330E-06
    4.0212647610E+04    5.3631312269E-06
    4.0226159930E+04    5.1592194543E-06
    4.0239672240E+04    4.8643363028E-06
    4.0253184560E+04    5.2132484645E-06
    4.0266696870E+04    6.3831335274E-06
    4.0280209190E+04    7.2088455678E-06
    4.0293721500E+04    6.8457908686E-06
    4.0307233820E+04    5.6363844966E-06
    4.0320746130E+04    3.9365916591E-06
    4.0334258440E+04    5.7353462166E-07
    4.0347770760E+04    1.1488603837E-07
    4.0361283070E+04    6.0265023838E-09
    4.0374795390E+04    1.7391623514E-07
    4.0388307700E+04    5.2605280527E-07
    4.0401820020E+04    3.9015154840E-06
    4.0415332330E+04    4.3813969786E-06
    4.0428844650E+04    4.6954046218E-06
    4.0442356960E+04    5.1946372470E-06
    4.0455869270E+04    4.8641344806E-06
    4.0469381590E+04    4.4366339987E-06
    4.0482893900E+04    4.1822899280E-06
    4.0496406220E+04    3.3075286706E-06
    4.0509918530E+04    1.8877719259E-06
    4.0523430850E+04    2.7518077613E-06
    4.0536943160E+04    3.9274731177E-06
    4.0550455470E+04    2.9607672465E-06
    4.0563967790E+04    1.6113277926E-06
    4.0577480100E+04    2.0439561320E-06
    4.0590992420E+04    3.4982713933E-06
    4.0604504730E+04    5.0549138362E-06
    4.0618017050E+04    5.5463411901E-06
    4.0631529360E+04    5.4005090635E-06
    4.0645041680E+04    5.2640727055E-06
    4.0658553990E+04    5.4291081731E-06
    4.0672066300E+04    5.8203075938E-06
    4.0685578620E+04    6.2118498232E-06
    4.0699090930E+04    6.5747013124E-06
    4.0712603250E+04    7.2009803141E-06
    4.0726115560E+04    8.3597633263E-06
    4.0739627880E+04    8.9661163009E-06
    4.0753140190E+04    9.0790992379E-06
    4.0766652500E+04    9.3764585980E-06
    4.0780164820E+04    9.9079857587E-06
    4.0793677130E+04    1.0188795454E-05
    4.0807189450E+04    9.6802916130E-06
    4.0820701760E+04    9.2100286279E-06
    4.0834214080E+04    9.2473844510E-06
    4.0847726390E+04    9.3311080653E-06
    4.0861238710E+04    9.2290670166E-06
    4.0874751020E+04    8.8961031825E-06
    4.0888263330E+04    8.4627641206E-06
    4.0901775650E+04    8.4463433548E-06
    4.0915287960E+04    9.3189400105E-06
    4.0928800280E+04    1.0367285376E-05
    4.0942312590E+04    1.1077249872E-05
    4.0955824910E+04    1.1029885039E-05
    4.0969337220E+04    1.0282252570E-05
    4.0982849530E+04    9.1160631961E-06
    4.0996361850E+04    8.2928611074E-06
    4.1009874160E+04    7.7297629086E-06
    4.1023386480E+04    6.8081146332E-06
    4.1036898790E+04    5.5851579774E-06
    4.1050411110E+04    4.7441173243E-06
    4.1063923420E+04    6.0846324242E-06
    4.1077435740E+04    7.8735518478E-06
    4.1090948050E+04    8.4494253353E-06
    4.1104460360E+04    7.7927968168E-06
    4.1117972680E+04    6.9674041139E-06
    4.1131484990E+04    6.9489673933E-06
    4.1144997310E+04    7.6889678104E-06
    4.1158509620E+04    8.3281521474E-06
    4.1172021940E+04    8.8161142593E-06
    4.1185534250E+04    9.0777165071E-06
    4.1199046570E+04    8.8353353165E-06
    4.1212558880E+04    7.6162095130E-06
    4.1226071190E+04    5.4362426201E-06
    4.1239583510E+04    4.5093388061E-06
    4.1253095820E+04    4.5799144989E-06
    4.1266608140E+04    4.7710807763E-06
    4.1280120450E+04    3.9456730813E-06
    4.1293632770E+04    2.2617697065E-06
    4.1307145080E+04    1.1101666378E-06
    4.1320657390E+04    1.1770051978E-06
    4.1334169710E+04    2.1994867163E-06
    4.1347682020E+04    4.6808117777E-06
    4.1361194340E+04    6.9353869460E-06
    4.1374706650E+04    6.6627162794E-06
    4.1388218970E+04    5.7117039472E-06
    4.1401731280E+04    5.5169539484E-06
    4.1415243600E+04    5.7833775407E-06
    4.1428755910E+04    5.9251992730E-06
    4.1442268220E+04    5.8948488136E-06
    4.1455780540E+04    6.4939490886E-06
    4.1469292850E+04    6.3596798228E-06
    4.1482805170E+04    5.6186223431E-06
    4.1496317480E+04    5.1502480265E-06
    4.1509829800E+04    6.2563686740E-06
    4.1523342110E+04    7.5886597946E-06
    4.1536854420E+04    7.5298070650E-06
    4.1550366740E+04    6.8524496092E-06
    4.1563879050E+04    5.9767182146E-06
    4.1577391370E+04    4.9644701654E-06
    4.1590903680E+04    3.5393457143E-06
    4.1604416000E+04    3.1628771370E-06
    4.1617928310E+04    3.4585750312E-06
    4.1631440630E+04    3.9026961510E-06
    4.1644952940E+04    3.9928576093E-06
    4.1658465250E+04    4.2334716371E-06
    4.1671977570E+04    4.9375332314E-06
    4.1685489880E+04    5.3643459846E-06
    4.1699002200E+04    5.4350939345E-06
    4.1712514510E+04    5.3750497209E-06
    4.1726026830E+04    5.6946158046E-06
    4.1739539140E+04    6.9398206604E-06
    4.1753051460E+04    8.8283153744E-06
    4.1766563770E+04    1.0756225610E-05
    4.1780076080E+04    1.1836832370E-05
    4.1793588400E+04    1.1498653062E-05
    4.1807100710E+04    1.1092140005E-05
    4.1820613030E+04    1.1891618363E-05
    4.1834125340E+04    1.3588400902E-05
    4.1847637660E+04    1.5532336424E-05
    4.1861149970E+04    1.6276573573E-05
    4.1874662280E+04    1.4605339585E-05
    4.1888174600E+04    1.2772407943E-05
    4.1901686910E+04    1.1713372011E-05
    4.1915199230E+04    1.1397680530E-05
    4.1928711540E+04    1.0990376003E-05
    4.1942223860E+04    9.8571574920E-06
    4.1955736170E+04    9.2086918353E-06
    4.1969248490E+04    8.6604405225E-06
    4.1982760800E+04    7.7982346900E-06
    4.1996273110E+04    6.2202068324E-06
    4.2009785430E+04    6.0935314592E-06
    4.2023297740E+04    7.4613080411E-06
    4.2036810060E+04    9.4992613139E-06
    4.2050322370E+04    1.0837601337E-05
    4.2063834690E+04    1.0757972058E-05
    4.2077347000E+04    1.0854624926E-05
    4.2090859310E+04    1.1155194987E-05
    4.2104371630E+04    1.1135915018E-05
    4.2117883940E+04    1.0390589350E-05
    4.2131396260E+04    9.5706605849E-06
    4.2144908570E+04    1.0467390017E-05
    4.2158420890E+04    1.1714420569E-05
    4.2171933200E+04    1.1974379164E-05
    4.2185445520E+04    1.0079627436E-05
    4.2198957830E+04    7.9771586706E-06
    4.2212470140E+04    8.9813405885E-06
    4.2225982460E+04    1.1660904815E-05
    4.2239494770E+04    1.4966796172E-05
    4.2253007090E+04    1.6351186791E-05
    4.2266519400E+04    1.5998669057E-05
    4.2280031720E+04    1.4982704058E-05
    4.2293544030E+04    1.3580755923E-05
    4.2307056340E+04    1.2137066583E-05
    4.2320568660E+04    1.1526108586E-05
    4.2334080970E+04    1.1962842668E-05
    4.2347593290E+04    1.2758993237E-05
    4.2361105600E+04    1.3572779664E-05
    4.2374617920E+04    1.4051549701E-05
    4.2388130230E+04    1.3894165657E-05
    4.2401642550E+04    1.3816429549E-05
    4.2415154860E+04    1.3812465459E-05
    4.2428667170E+04    1.3629782965E-05
    4.2442179490E+04    1.2109281959E-05
    4.2455691800E+04    9.8761654044E-06
    4.2469204120E+04    9.1706750632E-06
    4.2482716430E+04    1.0070725578E-05
    4.2496228750E+04    1.2841753816E-05
    4.2509741060E+04    1.4623696311E-05
    4.2523253380E+04    1.4650931728E-05
    4.2536765690E+04    1.3148486476E-05
    4.2550278000E+04    1.0972478489E-05
    4.2563790320E+04    9.6140099814E-06
    4.2577302630E+04    1.0052835102E-05
    4.2590814950E+04    1.0578380778E-05
    4.2604327260E+04    1.0406968842E-05
    4.2617839580E+04    8.9793485594E-06
    4.2631351890E+04    8.5485447063E-06
    4.2644864200E+04    9.4633587882E-06
    4.2658376520E+04    1.1154138535E-05
    4.2671888830E+04    1.2710114778E-05
    4.2685401150E+04    1.2658991968E-05
    4.2698913460E+04    1.1112348737E-05
    4.2712425780E+04    9.1228578592E-06
    4.2725938090E+04    7.6254099979E-06
    4.2739450410E+04    8.3225211732E-06
    4.2752962720E+04    1.0508821002E-05
    4.2766475030E+04    1.3225688415E-05
    4.2779987350E+04    1.6488316869E-05
    4.2793499660E+04    1.5612175937E-05
    4.2807011980E+04    1.3591089690E-05
    4.2820524290E+04    1.2926831517E-05
    4.2834036610E+04    1.2864597343E-05
    4.2847548920E+04    1.2977121479E-05
    4.2861061230E+04    1.2750480573E-05
    4.2874573550E+04    1.2538389515E-05
    4.2888085860E+04    1.2754982931E-05
    4.2901598180E+04    1.3667333105E-05
    4.2915110490E+04    1.4410567656E-05
    4.2928622810E+04    1.4075378893E-05
    4.2942135120E+04    1.3393854908E-05
    4.2955647440E+04    1.2766100665E-05
    4.2969159750E+04    1.2663851353E-05
    4.2982672060E+04    1.2656739103E-05
    4.2996184380E+04    1.2864712916E-05
    4.3009696690E+04    1.3232754578E-05
    4.3023209010E+04    1.3639109048E-05
    4.3036721320E+04    1.3059503672E-05
    4.3050233640E+04    1.2016762699E-05
    4.3063745950E+04    1.1219467011E-05
    4.3077258260E+04    1.0200026859E-05
    4.3090770580E+04    8.3902756054E-06
    4.3104282890E+04    8.8074764586E-06
    4.3117795210E+04    8.1669974034E-06
    4.3131307520E+04    6.8312889090E-06
    4.3144819840E+04    4.0182373186E-06
    4.3158332150E+04    2.5497325040E-06
    4.3171844470E+04    1.1847128928E-06
    4.3185356780E+04    3.3078737820E-07
    4.3198869090E+04    1.9310600740E-07
    4.3212381410E+04    3.8598184389E-07
    4.3225893720E+04    1.3287425568E-06
    4.3239406040E+04    1.8711619481E-06
    4.3252918350E+04    2.1956566536E-06
    4.3266430670E+04    2.9884367013E-06
    4.3279942980E+04    4.3355704590E-06
    4.3293455300E+04    5.3137030600E-06
    4.3306967610E+04    4.6227431189E-06
    4.3320479920E+04    3.7467451913E-06
    4.3333992240E+04    3.2148895617E-06
    4.3347504550E+04    4.5525120795E-06
    4.3361016870E+04    8.0029834388E-06
    4.3374529180E+04    1.1138062172E-05
    4.3388041500E+04    1.2822928934E-05
    4.3401553810E+04    1.2091687094E-05
    4.3415066120E+04    1.0814144899E-05
    4.3428578440E+04    1.1066727865E-05
    4.3442090750E+04    1.3045575112E-05
    4.3455603070E+04    1.5493752737E-05
    4.3469115380E+04    1.6539627703E-05
    4.3482627700E+04    1.7422742217E-05
    4.3496140010E+04    1.8682589490E-05
    4.3509652330E+04    1.9573708080E-05
    4.3523164640E+04    1.9940332848E-05
    4.3536676950E+04    2.0829988157E-05
    4.3550189270E+04    2.2989994881E-05
    4.3563701580E+04    2.5128507736E-05
    4.3577213900E+04    2.6394616269E-05
    4.3590726210E+04    2.7795782037E-05
    4.3604238530E+04    2.9928263332E-05
    4.3617750840E+04    3.0438633509E-05
    4.3631263150E+04    2.9925564454E-05
    4.3644775470E+04    3.1126329147E-05
    4.3658287780E+04    3.3163200810E-05
    4.3671800100E+04    3.5754690504E-05
    4.3685312410E+04    3.7999132816E-05
    4.3698824730E+04    4.0221127124E-05
    4.3712337040E+04    4.4265885057E-05
    4.3725849360E+04    4.8713474935E-05
    4.3739361670E+04    5.2172254049E-05
    4.3752873980E+04    5.4051369086E-05
    4.3766386300E+04    5.5197494210E-05
    4.3779898610E+04    5.7947316910E-05
    4.3793410930E+04    6.2605133243E-05
    4.3806923240E+04    6.9723901758E-05
    4.3820435560E+04    7.6817858784E-05
    4.3833947870E+04    8.1811272311E-05
    4.3847460180E+04    8.5439555611E-05
    4.3860972500E+04    8.9119567152E-05
    4.3874484810E+04    9.5980833723E-05
    4.3887997130E+04    1.0317020620E-04
    4.3901509440E+04    1.0996583776E-04
    4.3915021760E+04    1.1472951318E-04
    4.3928534070E+04    1.2058037366E-04
    4.3942046390E+04    1.2760407120E-04
    4.3955558700E+04    1.3616400463E-04
    4.3969071010E+04    1.4428748376E-04
    4.3982583330E+04    1.5245893733E-04
    4.3996095640E+04    1.6117072317E-04
    4.4009607960E+04    1.7158930070E-04
    4.4023120270E+04    1.8289538545E-04
    4.4036632590E+04    1.9401144120E-04
    4.4050144900E+04    2.0478848797E-04
    4.4063657220E+04    2.1688468875E-04
    4.4077169530E+04    2.2998557711E-04
    4.4090681840E+04    2.4322036577E-04
    4.4104194160E+04    2.5525267339E-04
    4.4117706470E+04    2.6744726810E-04
    4.4131218790E+04    2.8171372389E-04
    4.4144731100E+04    2.9845482795E-04
    4.4158243420E+04    3.1696512673E-04
    4.4171755730E+04    3.3853873222E-04
    4.4185268040E+04    3.6275772801E-04
    4.4198780360E+04    3.8969962447E-04
    4.4212292670E+04    4.1522681322E-04
    4.4225804990E+04    4.4112382172E-04
    4.4239317300E+04    4.6768492086E-04
    4.4252829620E+04    4.9553485362E-04
    4.4266341930E+04    5.2401608956E-04
    4.4279854250E+04    5.5491854898E-04
    4.4293366560E+04    5.8933461545E-04
    4.4306878870E+04    6.2953876704E-04
    4.4320391190E+04    6.7200022818E-04
    4.4333903500E+04    7.1699052802E-04
    4.4347415820E+04    7.6504739264E-04
    4.4360928130E+04    8.1712217948E-04
    4.4374440450E+04    8.7317504433E-04
    4.4387952760E+04    9.3342724127E-04
    4.4401465070E+04    1.0013931818E-03
    4.4414977390E+04    1.0748340996E-03
    4.4428489700E+04    1.1532785490E-03
    4.4442002020E+04    1.2335501551E-03
    4.4455514330E+04    1.3184632055E-03
    4.4469026650E+04    1.4101801261E-03
    4.4482538960E+04    1.5108237515E-03
    4.4496051280E+04    1.6232961320E-03
    4.4509563590E+04    1.7457189239E-03
    4.4523075900E+04    1.8783768015E-03
    4.4536588220E+04    2.0192424719E-03
    4.4550100530E+04    2.1714483366E-03
    4.4563612850E+04    2.3371062690E-03
    4.4577125160E+04    2.5199567793E-03
    4.4590637480E+04    2.7193847045E-03
    4.4604149790E+04    2.9365861941E-03
    4.4617662110E+04    3.1734666684E-03
    4.4631174420E+04    3.4365849576E-03
    4.4644686730E+04    3.7226199202E-03
    4.4658199050E+04    4.0338963442E-03
    4.4671711360E+04    4.3745152964E-03
    4.4685223680E+04    4.7512019064E-03
    4.4698735990E+04    5.1645045297E-03
    4.4712248310E+04    5.6173801781E-03
    4.4725760620E+04    6.1167549815E-03
    4.4739272930E+04    6.6682727211E-03
    4.4752785250E+04    7.2783888388E-03
    4.4766297560E+04    7.9603966078E-03
    4.4779809880E+04    8.7095458831E-03
    4.4793322190E+04    9.5320928142E-03
    4.4806834510E+04    1.0446552820E-02
    4.4820346820E+04    1.1461529178E-02
    4.4833859140E+04    1.2585712198E-02
    4.4847371450E+04    1.3846176024E-02
    4.4860883760E+04    1.5248478046E-02
    4.4874396080E+04    1.6801653186E-02
    4.4887908390E+04    1.8527514247E-02
    4.4901420710E+04    2.0459636898E-02
    4.4914933020E+04    2.2613307255E-02
    4.4928445340E+04    2.5014719264E-02
    4.4941957650E+04    2.7702733322E-02
    4.4955469960E+04    3.0704598426E-02
    4.4968982280E+04    3.4054856926E-02
    4.4982494590E+04    3.7807115539E-02
    4.4996006910E+04    4.2005373654E-02
    4.5009519220E+04    4.6690256604E-02
    4.5023031540E+04    5.1921281560E-02
    4.5036543850E+04    5.7763731125E-02
    4.5050056170E+04    6.4262502571E-02
    4.5063568480E+04    7.1487254927E-02
    4.5077080790E+04    7.9487317957E-02
    4.5090593110E+04    8.8332395888E-02
    4.5104105420E+04    9.8097772949E-02
    4.5117617740E+04    1.0876748186E-01
    4.5131130050E+04    1.2039636492E-01
    4.5144642370E+04    1.3306090637E-01
    4.5158154680E+04    1.4666913923E-01
    4.5171666990E+04    1.6111987366E-01
    4.5185179310E+04    1.7650938584E-01
    4.5198691620E+04    1.9263122332E-01
    4.5212203940E+04    2.0911152091E-01
    4.5225716250E+04    2.2613079868E-01
    4.5239228570E+04    2.4341574685E-01
    4.5252740880E+04    2.6011930475E-01
    4.5266253200E+04    2.7673434819E-01
    4.5279765510E+04    2.9308746074E-01
    4.5293277820E+04    3.0778841669E-01
    4.5306790140E+04    3.2182382103E-01
    4.5320302450E+04    3.3505537763E-01
    4.5333814770E+04    3.4638916637E-01
    4.5347327080E+04    3.5662445460E-01
    4.5360839400E+04    3.6586568737E-01
    4.5374351710E+04    3.7344682787E-01
    4.5387864030E+04    3.7993687301E-01
    4.5401376340E+04    3.8558746500E-01
    4.5414888650E+04    3.9001863145E-01
    4.5428400970E+04    3.9360509259E-01
    4.5441913280E+04    3.9662820100E-01
    4.5455425600E+04    3.9892382728E-01
    4.5468937910E+04    4.0063194689E-01
    4.5482450230E+04    4.0201828733E-01
    4.5495962540E+04    4.0304878894E-01
    4.5509474850E+04    4.0375926292E-01
    4.5522987170E+04    4.0430917885E-01
    4.5536499480E+04    4.0468208911E-01
    4.5550011800E+04    4.0495981139E-01
    4.5563524110E+04    4.0518329596E-01
    4.5577036430E+04    4.0534474609E-01
    4.5590548740E+04    4.0546237545E-01
    4.5604061060E+04    4.0558714686E-01
    4.5617573370E+04    4.0606443894E-01
    4.5631085680E+04    4.0630246650E-01
    4.5644598000E+04    4.0644160406E-01
    4.5658110310E+04    4.0659395093E-01
    4.5671622630E+04    4.0679996933E-01
    4.5685134940E+04    4.0699843155E-01
    4.5698647260E+04    4.0718627115E-01
    4.5712159570E+04    4.0748335766E-01
    4.5725671880E+04    4.0805231714E-01
    4.5739184200E+04    4.0826852701E-01
    4.5752696510E+04    4.0843107638E-01
    4.5766208830E+04    4.0858703343E-01
    4.5779721140E+04    4.0873641249E-01
    4.5793233460E+04    4.0887639303E-01
    4.5806745770E+04    4.0897750912E-01
    4.5820258090E+04    4.0904221263E-01
    4.5833770400E+04    4.0907943409E-01
    4.5847282710E+04    4.0909443468E-01
    4.5860795030E+04    4.0908710513E-01
    4.5874307340E+04    4.0899695179E-01
    4.5887819660E+04    4.0889234763E-01
    4.5901331970E+04    4.0877277255E-01
    4.5914844290E+04    4.0858956481E-01
    4.5928356600E+04    4.0836463013E-01
    4.5941868910E+04    4.0809969839E-01
    4.5955381230E+04    4.0782677238E-01
    4.5968893540E+04    4.0752974607E-01
    4.5982405860E+04    4.0720683410E-01
    4.5995918170E+04    4.0682854812E-01
    4.6009430490E+04    4.0645450408E-01
    4.6022942800E+04    4.0608572579E-01
    4.6036455120E+04    4.0568797101E-01
    4.6049967430E+04    4.0527754851E-01
    4.6063479740E+04    4.0485286228E-01
    4.6076992060E+04    4.0445560852E-01
    4.6090504370E+04    4.0404687753E-01
    4.6104016690E+04    4.0363909067E-01
    4.6117529000E+04    4.0327267969E-01
    4.6131041320E+04    4.0292344470E-01
    4.6144553630E+04    4.0260076447E-01
    4.6158065950E+04    4.0226748553E-01
    4.6171578260E+04    4.0193796290E-01
    4.6185090570E+04    4.0161985883E-01
    4.6198602890E+04    4.0133368788E-01
    4.6212115200E+04    4.0099156920E-01
    4.6225627520E+04    4.0062813743E-01
    4.6239139830E+04    4.0028867981E-01
    4.6252652150E+04    3.9996458577E-01
    4.6266164460E+04    3.9966890590E-01
    4.6279676770E+04    3.9935845900E-01
    4.6293189090E+04    3.9904828811E-01
    4.6306701400E+04    3.9876855927E-01
    4.6320213720E+04    3.9850396604E-01
    4.6333726030E+04    3.9824086927E-01
    4.6347238350E+04    3.9795089781E-01
    4.6360750660E+04    3.9767832011E-01
    4.6374262980E+04    3.9741776244E-01
    4.6387775290E+04    3.9716185390E-01
    4.6401287600E+04    3.9688482341E-01
    4.6414799920E+04    3.9658996812E-01
    4.6428312230E+04    3.9631388894E-01
    4.6441824550E+04    3.9602938129E-01
    4.6455336860E+04    3.9573529970E-01
    4.6468849180E+04    3.9541210444E-01
    4.6482361490E+04    3.9509400134E-01
    4.6495873800E+04    3.9479141188E-01
    4.6509386120E+04    3.9445932969E-01
    4.6522898430E+04    3.9453883052E-01
    4.6536410750E+04    3.9415650475E-01
    4.6549923060E+04    3.9378669095E-01
    4.6563435380E+04    3.9341259934E-01
    4.6576947690E+04    3.9300793506E-01
    4.6590460010E+04    3.9258727897E-01
    4.6603972320E+04    3.9216059492E-01
    4.6617484630E+04    3.9175311867E-01
    4.6630996950E+04    3.9132082592E-01
    4.6644509260E+04    3.9086739599E-01
    4.6658021580E+04    3.9039784481E-01
    4.6671533890E+04    3.8993377760E-01
    4.6685046210E+04    3.8947701373E-01
    4.6698558520E+04    3.8898254676E-01
    4.6712070830E+04    3.8848582691E-01
    4.6725583150E+04    3.8799382906E-01
    4.6739095460E+04    3.8751865472E-01
    4.6752607780E+04    3.8703947109E-01
    4.6766120090E+04    3.8652848347E-01
    4.6779632410E+04    3.8602320382E-01
    4.6793144720E+04    3.8552218457E-01
    4.6806657040E+04    3.8502874183E-01
    4.6820169350E+04    3.8451207924E-01
    4.6833681660E+04    3.8397836984E-01
    4.6847193980E+04    3.8346478923E-01
    4.6860706290E+04    3.8295603626E-01
    4.6874218610E+04    3.8245306798E-01
    4.6887730920E+04    3.8192889452E-01
    4.6901243240E+04    3.8140866796E-01
    4.6914755550E+04    3.8091260737E-01
    4.6928267870E+04    3.8041103753E-01
    4.6941780180E+04    3.7990350931E-01
    4.6955292490E+04    3.7936855363E-01
    4.6968804810E+04    3.7884959332E-01
    4.6982317120E+04    3.7877383820E-01
    4.6995829440E+04    3.7824752142E-01
    4.7009341750E+04    3.7770567467E-01
    4.7022854070E+04    3.7713801508E-01
    4.7036366380E+04    3.7656783583E-01
    4.7049878690E+04    3.7598216805E-01
    4.7063391010E+04    3.7534848921E-01
    4.7076903320E+04    3.7466833118E-01
    4.7090415640E+04    3.7396095016E-01
    4.7103927950E+04    3.7322187605E-01
    4.7117440270E+04    3.7245373067E-01
    4.7130952580E+04    3.7162024039E-01
    4.7144464900E+04    3.7065628577E-01
    4.7157977210E+04    3.6963025647E-01
    4.7171489520E+04    3.6849898651E-01
    4.7185001840E+04    3.6717475570E-01
    4.7198514150E+04    3.6574262491E-01
    4.7212026470E+04    3.6402353817E-01
    4.7225538780E+04    3.6210952275E-01
    4.7239051100E+04    3.6004831345E-01
    4.7252563410E+04    3.5751829842E-01
    4.7266075720E+04    3.5478721423E-01
    4.7279588040E+04    3.5173784506E-01
    4.7293100350E+04    3.4821761229E-01
    4.7306612670E+04    3.4444590939E-01
    4.7320124980E+04    3.4005514290E-01
    4.7333637300E+04    3.3520922929E-01
    4.7347149610E+04    3.3032753546E-01
    4.7360661930E+04    3.2437624060E-01
    4.7374174240E+04    3.1797524481E-01
    4.7387686550E+04    3.1099967556E-01
    4.7401198870E+04    3.0325065090E-01
    4.7414711180E+04    2.9521399689E-01
    4.7428223500E+04    2.8634473878E-01
    4.7441735810E+04    2.7697532288E-01
    4.7455248130E+04    2.6735618470E-01
    4.7468760440E+04    2.5684518942E-01
    4.7482272760E+04    2.4624813213E-01
    4.7495785070E+04    2.3529548842E-01
    4.7509297380E+04    2.2392718015E-01
    4.7522809700E+04    2.1266890150E-01
    4.7536322010E+04    2.0106176351E-01
    4.7549834330E+04    1.8957347534E-01
    4.7563346640E+04    1.7829971576E-01
    4.7576858960E+04    1.6694849092E-01
    4.7590371270E+04    1.5604992345E-01
    4.7603883580E+04    1.4540771339E-01
    4.7617395900E+04    1.3511145091E-01
    4.7630908210E+04    1.2534643908E-01
    4.7644420530E+04    1.1588878470E-01
    4.7657932840E+04    1.0700772022E-01
    4.7671445160E+04    9.8643896606E-02
    4.7684957470E+04    9.0740828908E-02
    4.7698469790E+04    8.3400364396E-02
    4.7711982100E+04    7.6527795147E-02
    4.7725494410E+04    7.0160030293E-02
    4.7739006730E+04    6.4280119316E-02
    4.7752519040E+04    5.8819476410E-02
    4.7766031360E+04    5.3808180244E-02
    4.7779543670E+04    4.9200356699E-02
    4.7793055990E+04    4.4976285985E-02
    4.7806568300E+04    4.1110279655E-02
    4.7820080610E+04    3.7565307713E-02
    4.7833592930E+04    3.4329723493E-02
    4.7847105240E+04    3.1376689669E-02
    4.7860617560E+04    2.8686473406E-02
    4.7874129870E+04    2.6231496525E-02
    4.7887642190E+04    2.3994857045E-02
    4.7901154500E+04    2.1958700563E-02
    4.7914666820E+04    2.0103730564E-02
    4.7928179130E+04    1.8418059097E-02
    4.7941691440E+04    1.6879034958E-02
    4.7955203760E+04    1.5478143205E-02
    4.7968716070E+04    1.4203596969E-02
    4.7982228390E+04    1.3040349248E-02
    4.7995740700E+04    1.1980793069E-02
    4.8009253020E+04    1.1010888694E-02
    4.8022765330E+04    1.0125305179E-02
    4.8036277640E+04    9.3200054059E-03
    4.8049789960E+04    8.5832155382E-03
    4.8063302270E+04    7.9106589425E-03
    4.8076814590E+04    7.2930766407E-03
    4.8090326900E+04    6.7343804384E-03
    4.8103839220E+04    6.2191834831E-03
    4.8117351530E+04    5.7465472522E-03
    4.8130863850E+04    5.3153045779E-03
    4.8144376160E+04    4.9186654262E-03
    4.8157888470E+04    4.5544491488E-03
    4.8171400790E+04    4.2217330932E-03
    4.8184913100E+04    3.9148915668E-03
    4.8198425420E+04    3.6318560042E-03
    4.8211937730E+04    3.3711437629E-03
    4.8225450050E+04    3.1311604490E-03
    4.8238962360E+04    2.9131953153E-03
    4.8252474680E+04    2.7120540641E-03
    4.8265986990E+04    2.5271499412E-03
    4.8279499300E+04    2.3562430077E-03
    4.8293011620E+04    2.1983532659E-03
    4.8306523930E+04    2.0526875260E-03
    4.8320036250E+04    1.9170180783E-03
    4.8333548560E+04    1.7899488108E-03
    4.8347060880E+04    1.6720550117E-03
    4.8360573190E+04    1.5627042800E-03
    4.8374085500E+04    1.4610689133E-03
    4.8387597820E+04    1.3662329110E-03
    4.8401110130E+04    1.2777100570E-03
    4.8414622450E+04    1.1969814092E-03
    4.8428134760E+04    1.1236212161E-03
    4.8441647080E+04    1.0566907891E-03
    4.8455159390E+04    9.9423419170E-04
    4.8468671710E+04    9.3528245980E-04
    4.8482184020E+04    8.8090364844E-04
    4.8495696330E+04    8.3099788622E-04
    4.8509208650E+04    7.8389102852E-04
    4.8522720960E+04    7.3927129723E-04
    4.8536233280E+04    6.9507804545E-04
    4.8549745590E+04    6.5359612367E-04
    4.8563257910E+04    6.1467860413E-04
    4.8576770220E+04    5.7700998295E-04
    4.8590282530E+04    5.4123631759E-04
    4.8603794850E+04    5.0701146440E-04
    4.8617307160E+04    4.7664057098E-04
    4.8630819480E+04    4.5111152278E-04
    4.8644331790E+04    4.2905596593E-04
    4.8657844110E+04    4.0912929244E-04
    4.8671356420E+04    3.8884728280E-04
    4.8684868740E+04    3.6894885912E-04
    4.8698381050E+04    3.4861174869E-04
    4.8711893360E+04    3.2884237717E-04
    4.8725405680E+04    3.0984101628E-04
    4.8738917990E+04    2.9407079216E-04
    4.8752430310E+04    2.7981870698E-04
    4.8765942620E+04    2.6822669975E-04
    4.8779454940E+04    2.5620022506E-04
    4.8792967250E+04    2.4368507603E-04
    4.8806479560E+04    2.3116674750E-04
    4.8819991880E+04    2.1930276106E-04
    4.8833504190E+04    2.0919149113E-04
    4.8847016510E+04    1.9978250935E-04
    4.8860528820E+04    1.9112597382E-04
    4.8874041140E+04    1.8300600194E-04
    4.8887553450E+04    1.7530119623E-04
    4.8901065770E+04    1.6665276221E-04
    4.8914578080E+04    1.5833819220E-04
    4.8928090390E+04    1.5020292587E-04
    4.8941602710E+04    1.4397027891E-04
    4.8955115020E+04    1.3907447578E-04
    4.8968627340E+04    1.3375277212E-04
    4.8982139650E+04    1.2837284828E-04
    4.8995651970E+04    1.2214172442E-04
    4.9009164280E+04    1.1766793878E-04
    4.9022676600E+04    1.1516986217E-04
    4.9036188910E+04    1.1230598731E-04
    4.9049701220E+04    1.0931434430E-04
    4.9063213540E+04    1.0205400136E-04
    4.9076725850E+04    9.5430271200E-05
    4.9090238170E+04    8.9516651206E-05
    4.9103750480E+04    8.4913253754E-05
    4.9117262800E+04    8.1230221901E-05
    4.9130775110E+04    7.7724748780E-05
    4.9144287420E+04    7.4530842779E-05
    4.9157799740E+04    7.2467863222E-05
    4.9171312050E+04    7.0252050011E-05
    4.9184824370E+04    6.7744703229E-05
    4.9198336680E+04    6.4536574064E-05
    4.9211849000E+04    6.1163722231E-05
    4.9225361310E+04    5.9450019127E-05
    4.9238873630E+04    5.8025788132E-05
    4.9252385940E+04    5.7194940268E-05
    4.9265898250E+04    5.6044094914E-05
    4.9279410570E+04    5.4546384628E-05
    4.9292922880E+04    5.2830988819E-05
    4.9306435200E+04    5.1105318121E-05
    4.9319947510E+04    4.9077608287E-05
    4.9333459830E+04    4.7395589765E-05
    4.9346972140E+04    4.6388419141E-05
    4.9360484450E+04    4.5678955331E-05
    4.9373996770E+04    4.5070515169E-05
    4.9387509080E+04    4.3597293448E-05
    4.9401021400E+04    4.2079639017E-05
    4.9414533710E+04    4.1690418297E-05
    4.9428046030E+04    4.1702968285E-05
    4.9441558340E+04    4.2367320979E-05
    4.9455070660E+04    4.2102621777E-05
    4.9468582970E+04    4.1196063939E-05
    4.9482095280E+04    3.9863663536E-05
    4.9495607600E+04    3.8483626748E-05
    4.9509119910E+04    3.7156361867E-05
    4.9522632230E+04    3.5926555374E-05
    4.9536144540E+04    3.4785522687E-05
    4.9549656860E+04    3.4645891154E-05
    4.9563169170E+04    3.5141901098E-05
    4.9576681480E+04    3.4963969784E-05
    4.9590193800E+04    3.4444583998E-05
    4.9603706110E+04    3.1504241482E-05
    4.9617218430E+04    2.8306121563E-05
    4.9630730740E+04    2.6067293921E-05
    4.9644243060E+04    2.5454415889E-05
    4.9657755370E+04    2.5796356216E-05
    4.9671267690E+04    2.6138874468E-05
    4.9684780000E+04    2.6502173952E-05
    4.9698292310E+04    2.6573042260E-05
    4.9711804630E+04    2.6398347347E-05
    4.9725316940E+04    2.5566619645E-05
    4.9738829260E+04    2.4737564867E-05
    4.9752341570E+04    2.3907489778E-05
    4.9765853890E+04    2.3061968546E-05
    4.9779366200E+04    2.2406612853E-05
    4.9792878520E+04    1.9947993201E-05
    4.9806390830E+04    1.8262814718E-05
    4.9819903140E+04    1.6486405200E-05
    4.9833415460E+04    1.5508902003E-05
    4.9846927770E+04    1.5544499567E-05
    4.9860440090E+04    1.6250067735E-05
    4.9873952400E+04    1.7073124296E-05
    4.9887464720E+04    1.8761832707E-05
    4.9900977030E+04    2.0759329740E-05
    4.9914489340E+04    2.2752708389E-05
    4.9928001660E+04    2.4091012755E-05
    4.9941513970E+04    2.3849433664E-05
    4.9955026290E+04    2.3181746869E-05
    4.9968538600E+04    2.2224006975E-05
    4.9982050920E+04    2.2129239512E-05
    4.9995563230E+04    2.2394080465E-05
    5.0009075550E+04    2.2704161000E-05
    5.0022587860E+04    2.3318491223E-05
    5.0036100170E+04    2.3544439935E-05
    5.0049612490E+04    2.3578128896E-05
    5.0063124800E+04    2.3284901631E-05
    5.0076637120E+04    2.3087682147E-05
    5.0090149430E+04    2.3016149655E-05
    5.0103661750E+04    2.3970176622E-05
    5.0117174060E+04    2.5258515223E-05
    5.0130686370E+04    2.6274599297E-05
    5.0144198690E+04    2.7130963924E-05
    5.0157711000E+04    2.7412607473E-05
    5.0171223320E+04    2.7887608584E-05
    5.0184735630E+04    2.8896379520E-05
    5.0198247950E+04    2.9753938331E-05
    5.0211760260E+04    3.0564641733E-05
    5.0225272580E+04    3.0445384640E-05
    5.0238784890E+04    3.0159365079E-05
    5.0252297200E+04    2.9673728418E-05
    5.0265809520E+04    2.9082824202E-05
    5.0279321830E+04    2.8128430949E-05
    5.0292834150E+04    2.7365401759E-05
    5.0306346460E+04    2.6846061923E-05
    5.0319858780E+04    2.7071604786E-05
    5.0333371090E+04    2.7693124160E-05
    5.0346883410E+04    2.7634808246E-05
    5.0360395720E+04    2.7443225999E-05
    5.0373908030E+04    2.6726213182E-05
    5.0387420350E+04    2.6276996379E-05
    5.0400932660E+04    2.6661125159E-05
    5.0414444980E+04    2.7060143886E-05
    5.0427957290E+04    2.7445224115E-05
    5.0441469610E+04    2.7256475217E-05
    5.0454981920E+04    2.6712524567E-05
    5.0468494230E+04    2.5961527583E-05
    5.0482006550E+04    2.5212109198E-05
    5.0495518860E+04    2.5226218798E-05
    5.0509031180E+04    2.5413896544E-05
    5.0522543490E+04    2.6497948353E-05
    5.0536055810E+04    2.7270949772E-05
    5.0549568120E+04    2.7286111825E-05
    5.0563080440E+04    2.6327725608E-05
    5.0576592750E+04    2.4508939112E-05
    5.0590105060E+04    2.3152233684E-05
    5.0603617380E+04    2.2039377548E-05
    5.0617129690E+04    2.1676899384E-05
    5.0630642010E+04    2.1419465535E-05
    5.0644154320E+04    2.0741526267E-05
    5.0657666640E+04    2.0326179424E-05
    5.0671178950E+04    2.0111552085E-05
    5.0684691260E+04    2.0008412285E-05
    5.0698203580E+04    2.0009965039E-05
    5.0711715890E+04    1.9991728956E-05
    5.0725228210E+04    1.9937269251E-05
    5.0738740520E+04    2.0090888494E-05
    5.0752252840E+04    2.0335532338E-05
    5.0765765150E+04    1.9575152203E-05
    5.0779277470E+04    1.8725364763E-05
    5.0792789780E+04    1.6917790839E-05
    5.0806302090E+04    1.5576613806E-05
    5.0819814410E+04    1.5151063646E-05
    5.0833326720E+04    1.4846235489E-05
    5.0846839040E+04    1.4761223559E-05
    5.0860351350E+04    1.4561220539E-05
    5.0873863670E+04    1.4206007356E-05
    5.0887375980E+04    1.4450256282E-05
    5.0900888290E+04    1.5063653232E-05
    5.0914400610E+04    1.5906493298E-05
    5.0927912920E+04    1.6917215535E-05
    5.0941425240E+04    1.7665020831E-05
    5.0954937550E+04    1.8447176922E-05
    5.0968449870E+04    1.9119082157E-05
    5.0981962180E+04    1.9576556373E-05
    5.0995474500E+04    1.9168072675E-05
