###   Wavelength (A)        Transmission
    5.5000000000E+03    3.1858870950E-06
    5.5100000000E+03    2.4746771727E-06
    5.5200000000E+03    3.5824142747E-06
    5.5300000000E+03    4.6558241953E-06
    5.5400000000E+03    5.1167601925E-06
    5.5500000000E+03    5.1044332538E-06
    5.5600000000E+03    4.8942582368E-06
    5.5700000000E+03    5.5844582279E-06
    5.5800000000E+03    6.7314406062E-06
    5.5900000000E+03    7.7546165175E-06
    5.6000000000E+03    8.3332752684E-06
    5.6100000000E+03    8.8436725961E-06
    5.6200000000E+03    8.9920301547E-06
    5.6300000000E+03    8.6861135065E-06
    5.6400000000E+03    8.5944462271E-06
    5.6500000000E+03    8.1601823524E-06
    5.6600000000E+03    7.7060391942E-06
    5.6700000000E+03    6.9191076980E-06
    5.6800000000E+03    6.6113282140E-06
    5.6900000000E+03    6.4579524322E-06
    5.7000000000E+03    6.0785174859E-06
    5.7100000000E+03    6.2552935141E-06
    5.7200000000E+03    7.3754343203E-06
    5.7300000000E+03    8.8627217400E-06
    5.7400000000E+03    9.9240027106E-06
    5.7500000000E+03    1.1877323990E-05
    5.7600000000E+03    1.5981652568E-05
    5.7700000000E+03    2.1041652969E-05
    5.7800000000E+03    2.5856952852E-05
    5.7900000000E+03    3.1565996512E-05
    5.8000000000E+03    3.8899668965E-05
    5.8100000000E+03    4.8346920847E-05
    5.8200000000E+03    6.0970516686E-05
    5.8300000000E+03    8.2841934699E-05
    5.8400000000E+03    1.3378126016E-04
    5.8500000000E+03    2.5352368066E-04
    5.8600000000E+03    4.4145154276E-04
    5.8700000000E+03    5.6282060802E-04
    5.8800000000E+03    5.0330853212E-04
    5.8900000000E+03    3.1673053544E-04
    5.9000000000E+03    1.6152348707E-04
    5.9100000000E+03    8.7707912215E-05
    5.9200000000E+03    5.8770756277E-05
    5.9300000000E+03    4.3342603893E-05
    5.9400000000E+03    3.4915772680E-05
    5.9500000000E+03    3.3320055574E-05
    5.9600000000E+03    3.0617860449E-05
    5.9700000000E+03    3.0966266086E-05
    5.9800000000E+03    3.3209295205E-05
    5.9900000000E+03    3.4178164525E-05
    6.0000000000E+03    3.6722278288E-05
    6.0100000000E+03    4.1007887135E-05
    6.0200000000E+03    4.7804096414E-05
    6.0300000000E+03    5.8463629054E-05
    6.0400000000E+03    7.1333358349E-05
    6.0500000000E+03    8.3055153373E-05
    6.0600000000E+03    9.5670165685E-05
    6.0700000000E+03    1.0714590865E-04
    6.0800000000E+03    1.1054579747E-04
    6.0900000000E+03    1.0699971218E-04
    6.1000000000E+03    9.8752159736E-05
    6.1100000000E+03    8.7602833492E-05
    6.1200000000E+03    7.4355375030E-05
    6.1300000000E+03    6.3244067847E-05
    6.1400000000E+03    5.4158083413E-05
    6.1500000000E+03    4.8546426483E-05
    6.1600000000E+03    4.3929711483E-05
    6.1700000000E+03    4.1677764401E-05
    6.1800000000E+03    4.1489454348E-05
    6.1900000000E+03    3.8937825786E-05
    6.2000000000E+03    3.6297850498E-05
    6.2100000000E+03    3.4676404911E-05
    6.2200000000E+03    3.8935812072E-05
    6.2300000000E+03    4.2102030672E-05
    6.2400000000E+03    4.6895928573E-05
    6.2500000000E+03    5.5645424707E-05
    6.2600000000E+03    6.8714741304E-05
    6.2700000000E+03    8.9773702502E-05
    6.2800000000E+03    1.2598429702E-04
    6.2900000000E+03    1.8549796522E-04
    6.3000000000E+03    2.7715260096E-04
    6.3100000000E+03    3.9196669418E-04
    6.3200000000E+03    4.7686001870E-04
    6.3300000000E+03    4.8219197373E-04
    6.3400000000E+03    4.1070288790E-04
    6.3500000000E+03    3.1929160779E-04
    6.3600000000E+03    2.4811818302E-04
    6.3700000000E+03    2.0695153223E-04
    6.3800000000E+03    1.8644487788E-04
    6.3900000000E+03    1.8051044677E-04
    6.4000000000E+03    1.9078973906E-04
    6.4100000000E+03    2.1110536868E-04
    6.4200000000E+03    2.4025687497E-04
    6.4300000000E+03    2.7063560242E-04
    6.4400000000E+03    2.9533633963E-04
    6.4500000000E+03    2.9907218427E-04
    6.4600000000E+03    2.7295496146E-04
    6.4700000000E+03    2.2784264528E-04
    6.4800000000E+03    1.7862900417E-04
    6.4900000000E+03    1.4195741041E-04
    6.5000000000E+03    1.1547896774E-04
    6.5100000000E+03    9.5166879110E-05
    6.5200000000E+03    8.2222514754E-05
    6.5300000000E+03    7.9228256865E-05
    6.5400000000E+03    7.8443506568E-05
    6.5500000000E+03    8.0890849854E-05
    6.5600000000E+03    8.7623793931E-05
    6.5700000000E+03    1.0312924518E-04
    6.5800000000E+03    1.2181403561E-04
    6.5900000000E+03    1.4697258382E-04
    6.6000000000E+03    1.7744669588E-04
    6.6100000000E+03    2.0855583082E-04
    6.6200000000E+03    2.2012501938E-04
    6.6300000000E+03    2.0974715697E-04
    6.6400000000E+03    1.8780436903E-04
    6.6500000000E+03    1.6502743764E-04
    6.6600000000E+03    1.4197778165E-04
    6.6700000000E+03    1.2231276664E-04
    6.6800000000E+03    1.1313831790E-04
    6.6900000000E+03    1.0830121685E-04
    6.7000000000E+03    1.0718659207E-04
    6.7100000000E+03    1.0801513659E-04
    6.7200000000E+03    1.1976238312E-04
    6.7300000000E+03    1.3890138972E-04
    6.7400000000E+03    1.6492041204E-04
    6.7500000000E+03    1.8933463994E-04
    6.7600000000E+03    2.1307827114E-04
    6.7700000000E+03    2.2776099608E-04
    6.7800000000E+03    2.3307172636E-04
    6.7900000000E+03    2.2290307883E-04
    6.8000000000E+03    1.9920735981E-04
    6.8100000000E+03    1.6558939841E-04
    6.8200000000E+03    1.3975794832E-04
    6.8300000000E+03    1.3035580780E-04
    6.8400000000E+03    1.2600003564E-04
    6.8500000000E+03    1.2092783632E-04
    6.8600000000E+03    1.1716903919E-04
    6.8700000000E+03    1.2060940054E-04
    6.8800000000E+03    1.2709936548E-04
    6.8900000000E+03    1.3196459652E-04
    6.9000000000E+03    1.4191666126E-04
    6.9100000000E+03    1.5146721588E-04
    6.9200000000E+03    1.5240063023E-04
    6.9300000000E+03    1.4498983003E-04
    6.9400000000E+03    1.3437172758E-04
    6.9500000000E+03    1.2087181745E-04
    6.9600000000E+03    1.0362309447E-04
    6.9700000000E+03    9.1597844975E-05
    6.9800000000E+03    8.3730018523E-05
    6.9900000000E+03    7.7708345285E-05
    7.0000000000E+03    7.2083881213E-05
    7.0100000000E+03    6.5527065075E-05
    7.0200000000E+03    6.2095982143E-05
    7.0300000000E+03    6.5493516830E-05
    7.0400000000E+03    7.5795687660E-05
    7.0500000000E+03    8.8447895109E-05
    7.0600000000E+03    1.0451406575E-04
    7.0700000000E+03    1.2268464821E-04
    7.0800000000E+03    1.4587864093E-04
    7.0900000000E+03    1.8442192819E-04
    7.1000000000E+03    2.5625882642E-04
    7.1100000000E+03    3.7568696211E-04
    7.1200000000E+03    5.5517395520E-04
    7.1300000000E+03    8.0039369033E-04
    7.1400000000E+03    1.1301632169E-03
    7.1500000000E+03    1.4685737219E-03
    7.1600000000E+03    1.6677705364E-03
    7.1700000000E+03    1.5713557314E-03
    7.1800000000E+03    1.2647859776E-03
    7.1900000000E+03    9.2080745734E-04
    7.2000000000E+03    6.4969037431E-04
    7.2100000000E+03    4.4815834592E-04
    7.2200000000E+03    3.0914298290E-04
    7.2300000000E+03    2.2909797356E-04
    7.2400000000E+03    1.6741575954E-04
    7.2500000000E+03    1.2738338776E-04
    7.2600000000E+03    1.0187143228E-04
    7.2700000000E+03    8.5804378282E-05
    7.2800000000E+03    6.9220703431E-05
    7.2900000000E+03    5.3526965698E-05
    7.3000000000E+03    4.8955864123E-05
    7.3100000000E+03    4.6545776867E-05
    7.3200000000E+03    4.3994912631E-05
    7.3300000000E+03    4.0215756846E-05
    7.3400000000E+03    4.4229256202E-05
    7.3500000000E+03    4.5975082398E-05
    7.3600000000E+03    4.1497989451E-05
    7.3700000000E+03    4.3590260992E-05
    7.3800000000E+03    5.3436292641E-05
    7.3900000000E+03    6.7330729992E-05
    7.4000000000E+03    7.3970914355E-05
    7.4100000000E+03    9.2407155203E-05
    7.4200000000E+03    1.2181122083E-04
    7.4300000000E+03    1.7541406557E-04
    7.4400000000E+03    2.6171756148E-04
    7.4500000000E+03    3.9771261425E-04
    7.4600000000E+03    5.9360878412E-04
    7.4700000000E+03    8.5166919091E-04
    7.4800000000E+03    1.1183724343E-03
    7.4900000000E+03    1.3121771891E-03
    7.5000000000E+03    1.3913314709E-03
    7.5100000000E+03    1.4434991770E-03
    7.5200000000E+03    1.6908043329E-03
    7.5300000000E+03    2.2826481982E-03
    7.5400000000E+03    2.9436785446E-03
    7.5500000000E+03    2.9374109352E-03
    7.5600000000E+03    2.0810229938E-03
    7.5700000000E+03    1.0257435470E-03
    7.5800000000E+03    4.2120055734E-04
    7.5900000000E+03    2.0680782877E-04
    7.6000000000E+03    1.1779483225E-04
    7.6100000000E+03    6.6539149328E-05
    7.6200000000E+03    3.9793595419E-05
    7.6300000000E+03    3.2308932960E-05
    7.6400000000E+03    2.2417938006E-05
    7.6500000000E+03    1.2631969074E-05
    7.6600000000E+03    1.2149403228E-05
    7.6700000000E+03    1.2969046785E-05
    7.6800000000E+03    1.2707794363E-05
    7.6900000000E+03    8.7020986371E-06
    7.7000000000E+03    9.0404874920E-06
    7.7100000000E+03    7.5495823906E-06
    7.7200000000E+03    9.5321193144E-06
    7.7300000000E+03    9.2132307729E-06
    7.7400000000E+03    4.1460958164E-06
    7.7500000000E+03    5.4201767777E-06
    7.7600000000E+03    7.8395089491E-06
    7.7700000000E+03    1.4286230286E-05
    7.7800000000E+03    5.5532386615E-06
    7.7900000000E+03    6.4500109997E-06
    7.8000000000E+03    9.0149530944E-06
    7.8100000000E+03    1.3316432236E-05
    7.8200000000E+03    7.5772935387E-06
    7.8300000000E+03    1.4635326686E-05
    7.8400000000E+03    1.4638087508E-05
    7.8500000000E+03    1.1298580165E-05
    7.8600000000E+03    9.7324728370E-06
    7.8700000000E+03    1.5168872373E-05
    7.8800000000E+03    2.3544424472E-05
    7.8900000000E+03    4.3521164509E-05
    7.9000000000E+03    8.5095491845E-05
    7.9100000000E+03    1.2930187266E-04
    7.9200000000E+03    1.4944026540E-04
    7.9300000000E+03    1.2262936608E-04
    7.9400000000E+03    8.1688546146E-05
    7.9500000000E+03    5.5129340017E-05
    7.9600000000E+03    4.0818281723E-05
    7.9700000000E+03    0.0000000000E+00
    7.9800000000E+03    2.9229050626E-04
    7.9900000000E+03    8.5326763453E-04
    8.0000000000E+03    1.8158199216E-03
    8.0100000000E+03    1.3408681441E-03
    8.0200000000E+03    1.9985992690E-03
    8.0300000000E+03    1.8003088642E-03
    8.0400000000E+03    1.8395924255E-03
    8.0500000000E+03    3.8539709266E-04
    8.0600000000E+03    1.4775195316E-04
    8.0700000000E+03    6.6687039278E-04
    8.0800000000E+03    1.5188324357E-03
    8.0900000000E+03    1.6820805814E-03
    8.1000000000E+03    8.1857041800E-04
    8.1100000000E+03    1.0374126323E-03
    8.1200000000E+03    9.6660010376E-04
    8.1300000000E+03    1.4052319136E-03
    8.1400000000E+03    1.3381868409E-03
    8.1500000000E+03    1.4943142620E-03
    8.1600000000E+03    1.0457803536E-03
    8.1700000000E+03    1.1735864961E-03
    8.1800000000E+03    1.0903511224E-03
    8.1900000000E+03    8.7927037049E-04
    8.2000000000E+03    1.2179731789E-03
    8.2100000000E+03    1.9762835984E-03
    8.2200000000E+03    1.6526375350E-03
    8.2300000000E+03    4.9366536768E-04
    8.2400000000E+03    0.0000000000E+00
    8.2500000000E+03    2.0866987590E-04
    8.2600000000E+03    1.3098946280E-03
    8.2700000000E+03    1.6177378755E-03
    8.2800000000E+03    7.2240074348E-04
    8.2900000000E+03    4.4911784991E-06
    8.3000000000E+03    4.6867148011E-04
    8.3100000000E+03    9.0198215241E-04
    8.3200000000E+03    1.1618498816E-03
    8.3300000000E+03    1.0200623257E-03
    8.3400000000E+03    9.9429333229E-04
    8.3500000000E+03    9.0537760574E-04
    8.3600000000E+03    9.6267901442E-04
    8.3700000000E+03    8.9489852138E-04
    8.3800000000E+03    1.1185270329E-03
    8.3900000000E+03    1.1558272311E-03
    8.4000000000E+03    9.3134062949E-04
    8.4100000000E+03    7.5929337023E-04
    8.4200000000E+03    9.1270745483E-04
    8.4300000000E+03    8.0089235602E-04
    8.4400000000E+03    6.8916349750E-04
    8.4500000000E+03    6.2217819616E-04
    8.4600000000E+03    7.7830039413E-04
    8.4700000000E+03    1.0743080450E-03
    8.4800000000E+03    1.1863869400E-03
    8.4900000000E+03    8.7730277409E-04
    8.5000000000E+03    7.6583233614E-04
    8.5100000000E+03    9.8323915424E-04
    8.5200000000E+03    1.1372748644E-03
    8.5300000000E+03    1.1592332107E-03
    8.5400000000E+03    1.3486938663E-03
    8.5500000000E+03    9.0256390247E-04
    8.5600000000E+03    5.0642435678E-04
    8.5700000000E+03    3.1552289651E-04
    8.5800000000E+03    8.1504132988E-04
    8.5900000000E+03    1.0186183443E-03
    8.6000000000E+03    1.3720407809E-03
    8.6100000000E+03    9.0130526870E-04
    8.6200000000E+03    7.2005265006E-04
    8.6300000000E+03    5.0376658696E-04
    8.6400000000E+03    9.2513730953E-04
    8.6500000000E+03    9.7824120993E-04
    8.6600000000E+03    1.0913353961E-03
    8.6700000000E+03    6.1965709091E-04
    8.6800000000E+03    7.5583944703E-04
    8.6900000000E+03    1.0153845073E-03
    8.7000000000E+03    1.2164072287E-03
    8.7100000000E+03    9.6153247663E-04
    8.7200000000E+03    1.0865800948E-03
    8.7300000000E+03    1.0912210695E-03
    8.7400000000E+03    9.4659823779E-04
    8.7500000000E+03    9.3588802827E-04
    8.7600000000E+03    1.0421730634E-03
    8.7700000000E+03    1.0689455962E-03
    8.7800000000E+03    1.0046774138E-03
    8.7900000000E+03    9.6349454947E-04
    8.8000000000E+03    8.7320045605E-04
    8.8100000000E+03    7.5693819569E-04
    8.8200000000E+03    7.3335257319E-04
    8.8300000000E+03    7.7492270050E-04
    8.8400000000E+03    6.9319778414E-04
    8.8500000000E+03    5.6781070520E-04
    8.8600000000E+03    6.3299463406E-04
    8.8700000000E+03    7.8883382139E-04
    8.8800000000E+03    6.8316168751E-04
    8.8900000000E+03    5.6236316445E-04
    8.9000000000E+03    7.2030270941E-04
    8.9100000000E+03    8.3600896401E-04
    8.9200000000E+03    8.1520262396E-04
    8.9300000000E+03    8.5573017671E-04
    8.9400000000E+03    9.5296274202E-04
    8.9500000000E+03    9.7997913093E-04
    8.9600000000E+03    9.7200641715E-04
    8.9700000000E+03    9.2065817853E-04
    8.9800000000E+03    9.0082253620E-04
    8.9900000000E+03    9.0333356274E-04
    9.0000000000E+03    9.5531978912E-04
    9.0100000000E+03    1.0552909252E-03
    9.0200000000E+03    1.0880784041E-03
    9.0300000000E+03    1.0545123529E-03
    9.0400000000E+03    1.0068144773E-03
    9.0500000000E+03    9.9875215624E-04
    9.0600000000E+03    8.8500711011E-04
    9.0700000000E+03    7.6559818643E-04
    9.0800000000E+03    7.8806562102E-04
    9.0900000000E+03    8.4248098083E-04
    9.1000000000E+03    7.7314121144E-04
    9.1100000000E+03    6.5259310225E-04
    9.1200000000E+03    6.7695538166E-04
    9.1300000000E+03    8.0367256298E-04
    9.1400000000E+03    7.7116787335E-04
    9.1500000000E+03    6.7246934722E-04
    9.1600000000E+03    5.3941594456E-04
    9.1700000000E+03    4.2878276667E-04
    9.1800000000E+03    4.4337108639E-04
    9.1900000000E+03    5.6562961803E-04
    9.2000000000E+03    6.4016607418E-04
    9.2100000000E+03    6.0214435176E-04
    9.2200000000E+03    5.6970395536E-04
    9.2300000000E+03    6.4462667448E-04
    9.2400000000E+03    7.6162692059E-04
    9.2500000000E+03    8.4678763898E-04
    9.2600000000E+03    8.5387085935E-04
    9.2700000000E+03    9.7863228092E-04
    9.2800000000E+03    1.1157114936E-03
    9.2900000000E+03    1.2357832093E-03
    9.3000000000E+03    1.2691176664E-03
    9.3100000000E+03    1.3590172575E-03
    9.3200000000E+03    1.5360851340E-03
    9.3300000000E+03    1.7019819015E-03
    9.3400000000E+03    1.7860220253E-03
    9.3500000000E+03    1.8334192705E-03
    9.3600000000E+03    1.9343281458E-03
    9.3700000000E+03    2.0600592658E-03
    9.3800000000E+03    2.1612384698E-03
    9.3900000000E+03    2.2459966338E-03
    9.4000000000E+03    2.2788351526E-03
    9.4100000000E+03    2.2822072475E-03
    9.4200000000E+03    2.2847697142E-03
    9.4300000000E+03    2.3202994222E-03
    9.4400000000E+03    2.2810940109E-03
    9.4500000000E+03    2.2330674025E-03
    9.4600000000E+03    2.1727320184E-03
    9.4700000000E+03    2.1025725478E-03
    9.4800000000E+03    2.0097620705E-03
    9.4900000000E+03    1.9344743161E-03
    9.5000000000E+03    1.8529908787E-03
    9.5100000000E+03    1.7641951536E-03
    9.5200000000E+03    1.7151677992E-03
    9.5300000000E+03    1.6485778215E-03
    9.5400000000E+03    1.5478768285E-03
    9.5500000000E+03    1.4873254823E-03
    9.5600000000E+03    1.4506119494E-03
    9.5700000000E+03    1.4041833627E-03
    9.5800000000E+03    1.3556861495E-03
    9.5900000000E+03    1.3458079556E-03
    9.6000000000E+03    1.3344061372E-03
    9.6100000000E+03    1.3673037497E-03
    9.6200000000E+03    1.4526372137E-03
    9.6300000000E+03    1.5585576624E-03
    9.6400000000E+03    1.6204036515E-03
    9.6500000000E+03    1.7342424415E-03
    9.6600000000E+03    1.9037764518E-03
    9.6700000000E+03    2.1075007291E-03
    9.6800000000E+03    2.3272964648E-03
    9.6900000000E+03    2.6228931880E-03
    9.7000000000E+03    3.0390570918E-03
    9.7100000000E+03    3.5107736455E-03
    9.7200000000E+03    4.0691659493E-03
    9.7300000000E+03    4.7659514586E-03
    9.7400000000E+03    5.6303664381E-03
    9.7500000000E+03    6.6090094716E-03
    9.7600000000E+03    7.8646833418E-03
    9.7700000000E+03    9.3483921776E-03
    9.7800000000E+03    1.1117509391E-02
    9.7900000000E+03    1.3142005136E-02
    9.8000000000E+03    1.5722451276E-02
    9.8100000000E+03    1.8550072785E-02
    9.8200000000E+03    2.1894135953E-02
    9.8300000000E+03    2.5661846634E-02
    9.8400000000E+03    2.9943093096E-02
    9.8500000000E+03    3.5038694991E-02
    9.8600000000E+03    4.0386391713E-02
    9.8700000000E+03    4.6199094142E-02
    9.8800000000E+03    5.2389861470E-02
    9.8900000000E+03    5.9761354448E-02
    9.9000000000E+03    6.7464732263E-02
    9.9100000000E+03    7.5411477394E-02
    9.9200000000E+03    8.4827417429E-02
    9.9300000000E+03    9.3914164170E-02
    9.9400000000E+03    1.0298172942E-01
    9.9500000000E+03    1.1190103518E-01
    9.9600000000E+03    1.2272182838E-01
    9.9700000000E+03    1.3334037419E-01
    9.9800000000E+03    1.4403014827E-01
    9.9900000000E+03    1.5467002965E-01
    1.0000000000E+04    1.6433412282E-01
    1.0010000000E+04    1.7374045987E-01
    1.0020000000E+04    1.8324843222E-01
    1.0030000000E+04    1.9289430406E-01
    1.0040000000E+04    2.0257974292E-01
    1.0050000000E+04    2.1123893227E-01
    1.0060000000E+04    2.1923517380E-01
    1.0070000000E+04    2.2560121410E-01
    1.0080000000E+04    2.3251892547E-01
    1.0090000000E+04    2.3880911647E-01
    1.0100000000E+04    2.4490244220E-01
    1.0110000000E+04    2.5131427550E-01
    1.0120000000E+04    2.5756967119E-01
    1.0130000000E+04    2.6291082460E-01
    1.0140000000E+04    2.6756842762E-01
    1.0150000000E+04    2.7206111293E-01
    1.0160000000E+04    2.7509024540E-01
    1.0170000000E+04    2.7824893761E-01
    1.0180000000E+04    2.8201138630E-01
    1.0190000000E+04    2.8590734193E-01
    1.0200000000E+04    2.8950467084E-01
    1.0210000000E+04    2.9283011028E-01
    1.0220000000E+04    2.9601979394E-01
    1.0230000000E+04    2.9754019754E-01
    1.0240000000E+04    2.9941904182E-01
    1.0250000000E+04    3.0036592640E-01
    1.0260000000E+04    3.0137931821E-01
    1.0270000000E+04    3.0248028547E-01
    1.0280000000E+04    3.0405317832E-01
    1.0290000000E+04    3.0563112580E-01
    1.0300000000E+04    3.0619737879E-01
    1.0310000000E+04    3.0674777664E-01
    1.0320000000E+04    3.0733154204E-01
    1.0330000000E+04    3.0746216510E-01
    1.0340000000E+04    3.0797728656E-01
    1.0350000000E+04    3.0832488633E-01
    1.0360000000E+04    3.0885149255E-01
    1.0370000000E+04    3.0983573344E-01
    1.0380000000E+04    3.1002173976E-01
    1.0390000000E+04    3.1007548885E-01
    1.0400000000E+04    3.0904688083E-01
    1.0410000000E+04    3.0896664409E-01
    1.0420000000E+04    3.0868550265E-01
    1.0430000000E+04    3.0946497122E-01
    1.0440000000E+04    3.1020362816E-01
    1.0450000000E+04    3.1078062767E-01
    1.0460000000E+04    3.1045229474E-01
    1.0470000000E+04    3.1042990153E-01
    1.0480000000E+04    3.1146132090E-01
    1.0490000000E+04    3.1140313556E-01
    1.0500000000E+04    3.1116529591E-01
    1.0510000000E+04    3.1153598814E-01
    1.0520000000E+04    3.1304054602E-01
    1.0530000000E+04    3.1421152842E-01
    1.0540000000E+04    3.1436394572E-01
    1.0550000000E+04    3.1453482200E-01
    1.0560000000E+04    3.1322353992E-01
    1.0570000000E+04    3.1239538660E-01
    1.0580000000E+04    3.1196897915E-01
    1.0590000000E+04    3.1233806314E-01
    1.0600000000E+04    3.1339341634E-01
    1.0610000000E+04    3.1403087546E-01
    1.0620000000E+04    3.1540838293E-01
    1.0630000000E+04    3.1638136268E-01
    1.0640000000E+04    3.1757049542E-01
    1.0650000000E+04    3.1802647500E-01
    1.0660000000E+04    3.1951673564E-01
    1.0670000000E+04    3.2084290552E-01
    1.0680000000E+04    3.2231331841E-01
    1.0690000000E+04    3.2376506748E-01
    1.0700000000E+04    3.2388580924E-01
    1.0710000000E+04    3.2423666461E-01
    1.0720000000E+04    3.2529413973E-01
    1.0730000000E+04    3.2596298474E-01
    1.0740000000E+04    3.2646282571E-01
    1.0750000000E+04    3.2705388984E-01
    1.0760000000E+04    3.2867499684E-01
    1.0770000000E+04    3.2906467935E-01
    1.0780000000E+04    3.2933198166E-01
    1.0790000000E+04    3.3040680183E-01
    1.0800000000E+04    3.3076238120E-01
    1.0810000000E+04    3.3097405525E-01
    1.0820000000E+04    3.3129826464E-01
    1.0830000000E+04    3.3145885349E-01
    1.0840000000E+04    3.3160455752E-01
    1.0850000000E+04    3.3237109614E-01
    1.0860000000E+04    3.3363273066E-01
    1.0870000000E+04    3.3493702094E-01
    1.0880000000E+04    3.3493845816E-01
    1.0890000000E+04    3.3459857948E-01
    1.0900000000E+04    3.3422396451E-01
    1.0910000000E+04    3.3485000683E-01
    1.0920000000E+04    3.3675140643E-01
    1.0930000000E+04    3.3795568607E-01
    1.0940000000E+04    3.3837794447E-01
    1.0950000000E+04    3.3762748793E-01
    1.0960000000E+04    3.3764455978E-01
    1.0970000000E+04    3.3767523599E-01
    1.0980000000E+04    3.3783662152E-01
    1.0990000000E+04    3.3810928413E-01
    1.1000000000E+04    3.3863174636E-01
    1.1010000000E+04    3.3924913401E-01
    1.1020000000E+04    3.3913695179E-01
    1.1030000000E+04    3.3869736724E-01
    1.1040000000E+04    3.3887926713E-01
    1.1050000000E+04    3.3852214198E-01
    1.1060000000E+04    3.3803703616E-01
    1.1070000000E+04    3.3785562934E-01
    1.1080000000E+04    3.3917918804E-01
    1.1090000000E+04    3.3872141288E-01
    1.1100000000E+04    3.3828686143E-01
    1.1110000000E+04    3.3840261095E-01
    1.1120000000E+04    3.3889713491E-01
    1.1130000000E+04    3.3875002106E-01
    1.1140000000E+04    3.3891780853E-01
    1.1150000000E+04    3.4015860262E-01
    1.1160000000E+04    3.4095832726E-01
    1.1170000000E+04    3.4136924297E-01
    1.1180000000E+04    3.4212489349E-01
    1.1190000000E+04    3.4247556396E-01
    1.1200000000E+04    3.4196088651E-01
    1.1210000000E+04    3.4098582424E-01
    1.1220000000E+04    3.4120550597E-01
    1.1230000000E+04    3.4115302614E-01
    1.1240000000E+04    3.4183023533E-01
    1.1250000000E+04    3.4377477357E-01
    1.1260000000E+04    3.4561378317E-01
    1.1270000000E+04    3.4598155151E-01
    1.1280000000E+04    3.4597108453E-01
    1.1290000000E+04    3.4630767982E-01
    1.1300000000E+04    3.4828800392E-01
    1.1310000000E+04    3.5011624436E-01
    1.1320000000E+04    3.5155858263E-01
    1.1330000000E+04    3.5168096243E-01
    1.1340000000E+04    3.5213247872E-01
    1.1350000000E+04    3.5280765222E-01
    1.1360000000E+04    3.5347761419E-01
    1.1370000000E+04    3.5404612042E-01
    1.1380000000E+04    3.5489634710E-01
    1.1390000000E+04    3.5468257981E-01
    1.1400000000E+04    3.5516176187E-01
    1.1410000000E+04    3.5656815032E-01
    1.1420000000E+04    3.5787578870E-01
    1.1430000000E+04    3.5793127192E-01
    1.1440000000E+04    3.5699017108E-01
    1.1450000000E+04    3.5661822455E-01
    1.1460000000E+04    3.5661681636E-01
    1.1470000000E+04    3.5769678111E-01
    1.1480000000E+04    3.5916944369E-01
    1.1490000000E+04    3.5905139331E-01
    1.1500000000E+04    3.5894867901E-01
    1.1510000000E+04    3.5890534771E-01
    1.1520000000E+04    3.5992996502E-01
    1.1530000000E+04    3.6002643505E-01
    1.1540000000E+04    3.6006438181E-01
    1.1550000000E+04    3.6080959969E-01
    1.1560000000E+04    3.6093454131E-01
    1.1570000000E+04    3.6211854871E-01
    1.1580000000E+04    3.6279324492E-01
    1.1590000000E+04    3.6336743893E-01
    1.1600000000E+04    3.6310205322E-01
    1.1610000000E+04    3.6255828789E-01
    1.1620000000E+04    3.6296210593E-01
    1.1630000000E+04    3.6364491780E-01
    1.1640000000E+04    3.6449623729E-01
    1.1650000000E+04    3.6470799961E-01
    1.1660000000E+04    3.6446370475E-01
    1.1670000000E+04    3.6391017366E-01
    1.1680000000E+04    3.6333766834E-01
    1.1690000000E+04    3.6272577042E-01
    1.1700000000E+04    3.6195800397E-01
    1.1710000000E+04    3.6151005371E-01
    1.1720000000E+04    3.6067613261E-01
    1.1730000000E+04    3.6047174565E-01
    1.1740000000E+04    3.5963728002E-01
    1.1750000000E+04    3.5911179465E-01
    1.1760000000E+04    3.5677132398E-01
    1.1770000000E+04    3.5449335692E-01
    1.1780000000E+04    3.5206905000E-01
    1.1790000000E+04    3.4917741119E-01
    1.1800000000E+04    3.4605010352E-01
    1.1810000000E+04    3.4263081087E-01
    1.1820000000E+04    3.3866690713E-01
    1.1830000000E+04    3.3292496200E-01
    1.1840000000E+04    3.2551713103E-01
    1.1850000000E+04    3.1831914100E-01
    1.1860000000E+04    3.1013730492E-01
    1.1870000000E+04    3.0097041690E-01
    1.1880000000E+04    2.9069294731E-01
    1.1890000000E+04    2.8094452147E-01
    1.1900000000E+04    2.7151034621E-01
    1.1910000000E+04    2.6081048190E-01
    1.1920000000E+04    2.4992302074E-01
    1.1930000000E+04    2.3985961992E-01
    1.1940000000E+04    2.3077287025E-01
    1.1950000000E+04    2.2307219811E-01
    1.1960000000E+04    2.1692181455E-01
    1.1970000000E+04    2.1264367673E-01
    1.1980000000E+04    2.1143531262E-01
    1.1990000000E+04    2.1253525986E-01
    1.2000000000E+04    2.1443396910E-01
    1.2010000000E+04    2.1752962879E-01
    1.2020000000E+04    2.2251634762E-01
    1.2030000000E+04    2.2970094867E-01
    1.2040000000E+04    2.3811146836E-01
    1.2050000000E+04    2.4727867235E-01
    1.2060000000E+04    2.5787295483E-01
    1.2070000000E+04    2.6876200352E-01
    1.2080000000E+04    2.7970234653E-01
    1.2090000000E+04    2.9121145631E-01
    1.2100000000E+04    3.0362029504E-01
    1.2110000000E+04    3.1492094368E-01
    1.2120000000E+04    3.2480383907E-01
    1.2130000000E+04    3.3444268793E-01
    1.2140000000E+04    3.4288415071E-01
    1.2150000000E+04    3.4991986271E-01
    1.2160000000E+04    3.5572750956E-01
    1.2170000000E+04    3.6139014719E-01
    1.2180000000E+04    3.6667709824E-01
    1.2190000000E+04    3.7069402401E-01
    1.2200000000E+04    3.7307367727E-01
    1.2210000000E+04    3.7431304070E-01
    1.2220000000E+04    3.7599985263E-01
    1.2230000000E+04    3.7737688739E-01
    1.2240000000E+04    3.7758951043E-01
    1.2250000000E+04    3.7775585046E-01
    1.2260000000E+04    3.7829081750E-01
    1.2270000000E+04    3.7900808244E-01
    1.2280000000E+04    3.7922767350E-01
    1.2290000000E+04    3.7906078225E-01
    1.2300000000E+04    3.7840894352E-01
    1.2310000000E+04    3.7772764316E-01
    1.2320000000E+04    3.7799865915E-01
    1.2330000000E+04    3.7865176433E-01
    1.2340000000E+04    3.7911834782E-01
    1.2350000000E+04    3.7902949958E-01
    1.2360000000E+04    3.7889872223E-01
    1.2370000000E+04    3.7960695383E-01
    1.2380000000E+04    3.7948538972E-01
    1.2390000000E+04    3.7927469941E-01
    1.2400000000E+04    3.7920517851E-01
    1.2410000000E+04    3.7975462687E-01
    1.2420000000E+04    3.8088260627E-01
    1.2430000000E+04    3.8121765445E-01
    1.2440000000E+04    3.8136656294E-01
    1.2450000000E+04    3.8076779759E-01
    1.2460000000E+04    3.8075840124E-01
    1.2470000000E+04    3.8049223928E-01
    1.2480000000E+04    3.8063273845E-01
    1.2490000000E+04    3.8103356702E-01
    1.2500000000E+04    3.8162700092E-01
    1.2510000000E+04    3.8179437820E-01
    1.2520000000E+04    3.8175909820E-01
    1.2530000000E+04    3.8194445789E-01
    1.2540000000E+04    3.8151989006E-01
    1.2550000000E+04    3.8139571797E-01
    1.2560000000E+04    3.8117448735E-01
    1.2570000000E+04    3.8108628011E-01
    1.2580000000E+04    3.8113131281E-01
    1.2590000000E+04    3.8195138886E-01
    1.2600000000E+04    3.8233926141E-01
    1.2610000000E+04    3.8233812423E-01
    1.2620000000E+04    3.8210681987E-01
    1.2630000000E+04    3.8164595727E-01
    1.2640000000E+04    3.8144932535E-01
    1.2650000000E+04    3.8173997393E-01
    1.2660000000E+04    3.8196456608E-01
    1.2670000000E+04    3.8210059448E-01
    1.2680000000E+04    3.8147419231E-01
    1.2690000000E+04    3.8055983069E-01
    1.2700000000E+04    3.7964942911E-01
    1.2710000000E+04    3.7943327481E-01
    1.2720000000E+04    3.7912081601E-01
    1.2730000000E+04    3.7872731684E-01
    1.2740000000E+04    3.7847540659E-01
    1.2750000000E+04    3.7882506036E-01
    1.2760000000E+04    3.7888746472E-01
    1.2770000000E+04    3.7925016838E-01
    1.2780000000E+04    3.7939218735E-01
    1.2790000000E+04    3.7905046434E-01
    1.2800000000E+04    3.7883797949E-01
    1.2810000000E+04    3.8009511631E-01
    1.2820000000E+04    3.8095103394E-01
    1.2830000000E+04    3.8182356005E-01
    1.2840000000E+04    3.8229014067E-01
    1.2850000000E+04    3.8273825949E-01
    1.2860000000E+04    3.8250132519E-01
    1.2870000000E+04    3.8207359353E-01
    1.2880000000E+04    3.8180057042E-01
    1.2890000000E+04    3.8165988282E-01
    1.2900000000E+04    3.8127833228E-01
    1.2910000000E+04    3.8095186976E-01
    1.2920000000E+04    3.8164809685E-01
    1.2930000000E+04    3.8249121255E-01
    1.2940000000E+04    3.8261298406E-01
    1.2950000000E+04    3.8222433685E-01
    1.2960000000E+04    3.8216430053E-01
    1.2970000000E+04    3.8378737210E-01
    1.2980000000E+04    3.8636933644E-01
    1.2990000000E+04    3.8940142117E-01
    1.3000000000E+04    3.9024486743E-01
    1.3010000000E+04    3.9037393419E-01
    1.3020000000E+04    3.8967905853E-01
    1.3030000000E+04    3.8968664129E-01
    1.3040000000E+04    3.8988045604E-01
    1.3050000000E+04    3.9076626946E-01
    1.3060000000E+04    3.9131147690E-01
    1.3070000000E+04    3.9190597799E-01
    1.3080000000E+04    3.9253085550E-01
    1.3090000000E+04    3.9313091392E-01
    1.3100000000E+04    3.9316363196E-01
    1.3110000000E+04    3.9345756110E-01
    1.3120000000E+04    3.9331742849E-01
    1.3130000000E+04    3.9357933536E-01
    1.3140000000E+04    3.9337042529E-01
    1.3150000000E+04    3.9404369882E-01
    1.3160000000E+04    3.9444087489E-01
    1.3170000000E+04    3.9401344714E-01
    1.3180000000E+04    3.9323120742E-01
    1.3190000000E+04    3.9348026857E-01
    1.3200000000E+04    3.9389198679E-01
    1.3210000000E+04    3.9383372514E-01
    1.3220000000E+04    3.9294704811E-01
    1.3230000000E+04    3.9310616779E-01
    1.3240000000E+04    3.9478787158E-01
    1.3250000000E+04    3.9598374167E-01
    1.3260000000E+04    3.9569162507E-01
    1.3270000000E+04    3.9502201687E-01
    1.3280000000E+04    3.9437052034E-01
    1.3290000000E+04    3.9399805920E-01
    1.3300000000E+04    3.9460014966E-01
    1.3310000000E+04    3.9545888089E-01
    1.3320000000E+04    3.9607757369E-01
    1.3330000000E+04    3.9574575331E-01
    1.3340000000E+04    3.9501564051E-01
    1.3350000000E+04    3.9468331778E-01
    1.3360000000E+04    3.9478072979E-01
    1.3370000000E+04    3.9563529071E-01
    1.3380000000E+04    3.9616344447E-01
    1.3390000000E+04    3.9619559920E-01
    1.3400000000E+04    3.9631547593E-01
    1.3410000000E+04    3.9716114472E-01
    1.3420000000E+04    3.9765257322E-01
    1.3430000000E+04    3.9778418670E-01
    1.3440000000E+04    3.9760090550E-01
    1.3450000000E+04    3.9729802400E-01
    1.3460000000E+04    3.9777014234E-01
    1.3470000000E+04    3.9813786460E-01
    1.3480000000E+04    3.9921753115E-01
    1.3490000000E+04    3.9992097696E-01
    1.3500000000E+04    3.9933937572E-01
    1.3510000000E+04    3.9879592058E-01
    1.3520000000E+04    3.9825652532E-01
    1.3530000000E+04    3.9839875029E-01
    1.3540000000E+04    3.9956454107E-01
    1.3550000000E+04    4.0020854669E-01
    1.3560000000E+04    4.0036390874E-01
    1.3570000000E+04    4.0041781826E-01
    1.3580000000E+04    4.0076099432E-01
    1.3590000000E+04    4.0023659699E-01
    1.3600000000E+04    3.9902699143E-01
    1.3610000000E+04    3.9819185212E-01
    1.3620000000E+04    3.9855620613E-01
    1.3630000000E+04    3.9919391677E-01
    1.3640000000E+04    3.9956637897E-01
    1.3650000000E+04    3.9939635855E-01
    1.3660000000E+04    3.9819036116E-01
    1.3670000000E+04    3.9613064696E-01
    1.3680000000E+04    3.9471216214E-01
    1.3690000000E+04    3.9417958109E-01
    1.3700000000E+04    3.9502541638E-01
    1.3710000000E+04    3.9490517196E-01
    1.3720000000E+04    3.9384335900E-01
    1.3730000000E+04    3.9234085237E-01
    1.3740000000E+04    3.9079069992E-01
    1.3750000000E+04    3.8965443940E-01
    1.3760000000E+04    3.8919021959E-01
    1.3770000000E+04    3.8855738881E-01
    1.3780000000E+04    3.8726943201E-01
    1.3790000000E+04    3.8612785476E-01
    1.3800000000E+04    3.8552356265E-01
    1.3810000000E+04    3.8469312186E-01
    1.3820000000E+04    3.8422860784E-01
    1.3830000000E+04    3.8313142083E-01
    1.3840000000E+04    3.8204998479E-01
    1.3850000000E+04    3.8224649780E-01
    1.3860000000E+04    3.8284830778E-01
    1.3870000000E+04    3.8330219291E-01
    1.3880000000E+04    3.8281811086E-01
    1.3890000000E+04    3.8248585893E-01
    1.3900000000E+04    3.8343041151E-01
    1.3910000000E+04    3.8400267867E-01
    1.3920000000E+04    3.8413919987E-01
    1.3930000000E+04    3.8513476704E-01
    1.3940000000E+04    3.8656788522E-01
    1.3950000000E+04    3.8808535466E-01
    1.3960000000E+04    3.8836693237E-01
    1.3970000000E+04    3.8889943171E-01
    1.3980000000E+04    3.9088776993E-01
    1.3990000000E+04    3.9200144253E-01
    1.4000000000E+04    3.9296006926E-01
    1.4010000000E+04    3.9408619195E-01
    1.4020000000E+04    3.9507358669E-01
    1.4030000000E+04    3.9571152874E-01
    1.4040000000E+04    3.9649658171E-01
    1.4050000000E+04    3.9706975862E-01
    1.4060000000E+04    3.9738493109E-01
    1.4070000000E+04    3.9765152401E-01
    1.4080000000E+04    3.9860223555E-01
    1.4090000000E+04    3.9970967604E-01
    1.4100000000E+04    4.0076689788E-01
    1.4110000000E+04    4.0167639669E-01
    1.4120000000E+04    4.0271926366E-01
    1.4130000000E+04    4.0328571600E-01
    1.4140000000E+04    4.0385522835E-01
    1.4150000000E+04    4.0329845197E-01
    1.4160000000E+04    4.0350419370E-01
    1.4170000000E+04    4.0446607449E-01
    1.4180000000E+04    4.0523357332E-01
    1.4190000000E+04    4.0503196725E-01
    1.4200000000E+04    4.0385382329E-01
    1.4210000000E+04    4.0355480914E-01
    1.4220000000E+04    4.0269999064E-01
    1.4230000000E+04    4.0155072045E-01
    1.4240000000E+04    3.9962021859E-01
    1.4250000000E+04    3.9777572799E-01
    1.4260000000E+04    3.9574936372E-01
    1.4270000000E+04    3.9330852711E-01
    1.4280000000E+04    3.8986154821E-01
    1.4290000000E+04    3.8585851270E-01
    1.4300000000E+04    3.8253072099E-01
    1.4310000000E+04    3.7826091065E-01
    1.4320000000E+04    3.7290536580E-01
    1.4330000000E+04    3.6761592853E-01
    1.4340000000E+04    3.6214146614E-01
    1.4350000000E+04    3.5604951272E-01
    1.4360000000E+04    3.4898121430E-01
    1.4370000000E+04    3.4313155242E-01
    1.4380000000E+04    3.3604770986E-01
    1.4390000000E+04    3.2841595614E-01
    1.4400000000E+04    3.1927427247E-01
    1.4410000000E+04    3.1160335066E-01
    1.4420000000E+04    3.0463021734E-01
    1.4430000000E+04    2.9640584630E-01
    1.4440000000E+04    2.8767559735E-01
    1.4450000000E+04    2.7919734125E-01
    1.4460000000E+04    2.7088285756E-01
    1.4470000000E+04    2.6387694723E-01
    1.4480000000E+04    2.5727271306E-01
    1.4490000000E+04    2.5184464385E-01
    1.4500000000E+04    2.4637648416E-01
    1.4510000000E+04    2.4192281071E-01
    1.4520000000E+04    2.3820893100E-01
    1.4530000000E+04    2.3467889135E-01
    1.4540000000E+04    2.3256949306E-01
    1.4550000000E+04    2.3207073579E-01
    1.4560000000E+04    2.3324648482E-01
    1.4570000000E+04    2.3460365593E-01
    1.4580000000E+04    2.3739497789E-01
    1.4590000000E+04    2.4172366093E-01
    1.4600000000E+04    2.4739716691E-01
    1.4610000000E+04    2.5359642999E-01
    1.4620000000E+04    2.6025730085E-01
    1.4630000000E+04    2.6851328361E-01
    1.4640000000E+04    2.7752243184E-01
    1.4650000000E+04    2.8906779594E-01
    1.4660000000E+04    3.0013948387E-01
    1.4670000000E+04    3.1145315743E-01
    1.4680000000E+04    3.2059707659E-01
    1.4690000000E+04    3.3049217406E-01
    1.4700000000E+04    3.4034706807E-01
    1.4710000000E+04    3.5084882562E-01
    1.4720000000E+04    3.6160660869E-01
    1.4730000000E+04    3.7177395929E-01
    1.4740000000E+04    3.8123696664E-01
    1.4750000000E+04    3.8877478929E-01
    1.4760000000E+04    3.9597105453E-01
    1.4770000000E+04    4.0109241178E-01
    1.4780000000E+04    4.0579528035E-01
    1.4790000000E+04    4.0949919675E-01
    1.4800000000E+04    4.1362013349E-01
    1.4810000000E+04    4.1667512960E-01
    1.4820000000E+04    4.1918826610E-01
    1.4830000000E+04    4.2141784183E-01
    1.4840000000E+04    4.2384249452E-01
    1.4850000000E+04    4.2407887434E-01
    1.4860000000E+04    4.2461702441E-01
    1.4870000000E+04    4.2407322764E-01
    1.4880000000E+04    4.2470539987E-01
    1.4890000000E+04    4.2550150147E-01
    1.4900000000E+04    4.2700579658E-01
    1.4910000000E+04    4.2775155868E-01
    1.4920000000E+04    4.2798119020E-01
    1.4930000000E+04    4.2761186021E-01
    1.4940000000E+04    4.2660883673E-01
    1.4950000000E+04    4.2654811361E-01
    1.4960000000E+04    4.2625957058E-01
    1.4970000000E+04    4.2742800041E-01
    1.4980000000E+04    4.2856734659E-01
    1.4990000000E+04    4.2923237346E-01
    1.5000000000E+04    4.2881284486E-01
    1.5010000000E+04    4.2886380180E-01
    1.5020000000E+04    4.2881291517E-01
    1.5030000000E+04    4.2861142047E-01
    1.5040000000E+04    4.2863571354E-01
    1.5050000000E+04    4.2959545106E-01
    1.5060000000E+04    4.3142273991E-01
    1.5070000000E+04    4.3151128054E-01
    1.5080000000E+04    4.3187133830E-01
    1.5090000000E+04    4.3221346151E-01
    1.5100000000E+04    4.3208681341E-01
    1.5110000000E+04    4.3258077520E-01
    1.5120000000E+04    4.3269303644E-01
    1.5130000000E+04    4.3321049943E-01
    1.5140000000E+04    4.3370072662E-01
    1.5150000000E+04    4.3418790890E-01
    1.5160000000E+04    4.3469137383E-01
    1.5170000000E+04    4.3490786853E-01
    1.5180000000E+04    4.3463928614E-01
    1.5190000000E+04    4.3378172594E-01
    1.5200000000E+04    4.3299548961E-01
    1.5210000000E+04    4.3265668706E-01
    1.5220000000E+04    4.3301373658E-01
    1.5230000000E+04    4.3435509716E-01
    1.5240000000E+04    4.3527606666E-01
    1.5250000000E+04    4.3486899414E-01
    1.5260000000E+04    4.3457580243E-01
    1.5270000000E+04    4.3501381006E-01
    1.5280000000E+04    4.3600084753E-01
    1.5290000000E+04    4.3607046891E-01
    1.5300000000E+04    4.3662137043E-01
    1.5310000000E+04    4.3646905170E-01
    1.5320000000E+04    4.3758686057E-01
    1.5330000000E+04    4.3748485581E-01
    1.5340000000E+04    4.3688794471E-01
    1.5350000000E+04    4.3647017498E-01
    1.5360000000E+04    4.3618019669E-01
    1.5370000000E+04    4.3646916153E-01
    1.5380000000E+04    4.3715191665E-01
    1.5390000000E+04    4.3778058656E-01
    1.5400000000E+04    4.3765458988E-01
    1.5410000000E+04    4.3713633559E-01
    1.5420000000E+04    4.3648052967E-01
    1.5430000000E+04    4.3491181268E-01
    1.5440000000E+04    4.3389804520E-01
    1.5450000000E+04    4.3341507353E-01
    1.5460000000E+04    4.3447072933E-01
    1.5470000000E+04    4.3498739309E-01
    1.5480000000E+04    4.3519110996E-01
    1.5490000000E+04    4.3517847858E-01
    1.5500000000E+04    4.3452988390E-01
    1.5510000000E+04    4.3342039975E-01
    1.5520000000E+04    4.3304378458E-01
    1.5530000000E+04    4.3327414855E-01
    1.5540000000E+04    4.3309756847E-01
    1.5550000000E+04    4.3353358860E-01
    1.5560000000E+04    4.3379868946E-01
    1.5570000000E+04    4.3306394095E-01
    1.5580000000E+04    4.3129757559E-01
    1.5590000000E+04    4.2977127578E-01
    1.5600000000E+04    4.2944414391E-01
    1.5610000000E+04    4.2965133915E-01
    1.5620000000E+04    4.2996000508E-01
    1.5630000000E+04    4.3040524473E-01
    1.5640000000E+04    4.3183283642E-01
    1.5650000000E+04    4.3183016236E-01
    1.5660000000E+04    4.3035994280E-01
    1.5670000000E+04    4.2947866557E-01
    1.5680000000E+04    4.2943168484E-01
    1.5690000000E+04    4.3006216417E-01
    1.5700000000E+04    4.3067170582E-01
    1.5710000000E+04    4.3143012704E-01
    1.5720000000E+04    4.3256798984E-01
    1.5730000000E+04    4.3305932189E-01
    1.5740000000E+04    4.3303118169E-01
    1.5750000000E+04    4.3254947039E-01
    1.5760000000E+04    4.3280393831E-01
    1.5770000000E+04    4.3335272155E-01
    1.5780000000E+04    4.3416085860E-01
    1.5790000000E+04    4.3530284957E-01
    1.5800000000E+04    4.3640008985E-01
    1.5810000000E+04    4.3725554680E-01
    1.5820000000E+04    4.3575229534E-01
    1.5830000000E+04    4.3476565533E-01
    1.5840000000E+04    4.3515860799E-01
    1.5850000000E+04    4.3649756116E-01
    1.5860000000E+04    4.3645499910E-01
    1.5870000000E+04    4.3594625263E-01
    1.5880000000E+04    4.3613426847E-01
    1.5890000000E+04    4.3572103493E-01
    1.5900000000E+04    4.3528868888E-01
    1.5910000000E+04    4.3429215685E-01
    1.5920000000E+04    4.3444475884E-01
    1.5930000000E+04    4.3467201020E-01
    1.5940000000E+04    4.3504151415E-01
    1.5950000000E+04    4.3514507272E-01
    1.5960000000E+04    4.3536807539E-01
    1.5970000000E+04    4.3634839382E-01
    1.5980000000E+04    4.3595102689E-01
    1.5990000000E+04    4.3569707928E-01
    1.6000000000E+04    4.3552972337E-01
    1.6010000000E+04    4.3611739391E-01
    1.6020000000E+04    4.3749747703E-01
    1.6030000000E+04    4.3948521464E-01
    1.6040000000E+04    4.4146117239E-01
    1.6050000000E+04    4.4086343856E-01
    1.6060000000E+04    4.4006763619E-01
    1.6070000000E+04    4.3922241136E-01
    1.6080000000E+04    4.3912517678E-01
    1.6090000000E+04    4.3948563905E-01
    1.6100000000E+04    4.4042241003E-01
    1.6110000000E+04    4.4104833483E-01
    1.6120000000E+04    4.4022339819E-01
    1.6130000000E+04    4.4044846962E-01
    1.6140000000E+04    4.4111256671E-01
    1.6150000000E+04    4.4142762854E-01
    1.6160000000E+04    4.3976957687E-01
    1.6170000000E+04    4.3881720261E-01
    1.6180000000E+04    4.3906794452E-01
    1.6190000000E+04    4.3985699468E-01
    1.6200000000E+04    4.4005549519E-01
    1.6210000000E+04    4.3942664778E-01
    1.6220000000E+04    4.3762851376E-01
    1.6230000000E+04    4.3596350367E-01
    1.6240000000E+04    4.3440312562E-01
    1.6250000000E+04    4.3473579687E-01
    1.6260000000E+04    4.3556561326E-01
    1.6270000000E+04    4.3608953724E-01
    1.6280000000E+04    4.3497113198E-01
    1.6290000000E+04    4.3496802002E-01
    1.6300000000E+04    4.3402815072E-01
    1.6310000000E+04    4.3135643559E-01
    1.6320000000E+04    4.2946799510E-01
    1.6330000000E+04    4.2959303486E-01
    1.6340000000E+04    4.3107336902E-01
    1.6350000000E+04    4.3233889163E-01
    1.6360000000E+04    4.3450762496E-01
    1.6370000000E+04    4.3510488375E-01
    1.6380000000E+04    4.3548200983E-01
    1.6390000000E+04    4.3533274820E-01
    1.6400000000E+04    4.3645212294E-01
    1.6410000000E+04    4.3809439976E-01
    1.6420000000E+04    4.3969639411E-01
    1.6430000000E+04    4.3999010759E-01
    1.6440000000E+04    4.4060811650E-01
    1.6450000000E+04    4.4095462457E-01
    1.6460000000E+04    4.4151346905E-01
    1.6470000000E+04    4.4156318114E-01
    1.6480000000E+04    4.4213043573E-01
    1.6490000000E+04    4.4169894133E-01
    1.6500000000E+04    4.4245244773E-01
    1.6510000000E+04    4.4390534488E-01
    1.6520000000E+04    4.4556244750E-01
    1.6530000000E+04    4.4570738159E-01
    1.6540000000E+04    4.4485223630E-01
    1.6550000000E+04    4.4455561714E-01
    1.6560000000E+04    4.4447386185E-01
    1.6570000000E+04    4.4461373343E-01
    1.6580000000E+04    4.4482151654E-01
    1.6590000000E+04    4.4598361948E-01
    1.6600000000E+04    4.4733876604E-01
    1.6610000000E+04    4.4726668845E-01
    1.6620000000E+04    4.4699185661E-01
    1.6630000000E+04    4.4718573217E-01
    1.6640000000E+04    4.4656642460E-01
    1.6650000000E+04    4.4645913340E-01
    1.6660000000E+04    4.4693271347E-01
    1.6670000000E+04    4.4829753463E-01
    1.6680000000E+04    4.4853262525E-01
    1.6690000000E+04    4.4875800027E-01
    1.6700000000E+04    4.4765713188E-01
    1.6710000000E+04    4.4642393460E-01
    1.6720000000E+04    4.4475545602E-01
    1.6730000000E+04    4.4450537052E-01
    1.6740000000E+04    4.4606588819E-01
    1.6750000000E+04    4.4723900880E-01
    1.6760000000E+04    4.4755765691E-01
    1.6770000000E+04    4.4670469742E-01
    1.6780000000E+04    4.4552534513E-01
    1.6790000000E+04    4.4466857769E-01
    1.6800000000E+04    4.4508616195E-01
    1.6810000000E+04    4.4389481356E-01
    1.6820000000E+04    4.4188007529E-01
    1.6830000000E+04    4.4127956737E-01
    1.6840000000E+04    4.4128467400E-01
    1.6850000000E+04    4.4153141199E-01
    1.6860000000E+04    4.4021876440E-01
    1.6870000000E+04    4.3830066076E-01
    1.6880000000E+04    4.3659923365E-01
    1.6890000000E+04    4.3676372441E-01
    1.6900000000E+04    4.3701285689E-01
    1.6910000000E+04    4.3793407155E-01
    1.6920000000E+04    4.3929570564E-01
    1.6930000000E+04    4.4145252624E-01
    1.6940000000E+04    4.4203652666E-01
    1.6950000000E+04    4.4274054667E-01
    1.6960000000E+04    4.4213700390E-01
    1.6970000000E+04    4.4300305379E-01
    1.6980000000E+04    4.4343857284E-01
    1.6990000000E+04    4.4439260517E-01
    1.7000000000E+04    4.4529189991E-01
    1.7010000000E+04    4.4689890377E-01
    1.7020000000E+04    4.4709356532E-01
    1.7030000000E+04    4.4596047899E-01
    1.7040000000E+04    4.4464031069E-01
    1.7050000000E+04    4.4408129276E-01
    1.7060000000E+04    4.4518671810E-01
    1.7070000000E+04    4.4591204619E-01
    1.7080000000E+04    4.4650225422E-01
    1.7090000000E+04    4.4702930744E-01
    1.7100000000E+04    4.4692841010E-01
    1.7110000000E+04    4.4711348898E-01
    1.7120000000E+04    4.4685026048E-01
    1.7130000000E+04    4.4642318128E-01
    1.7140000000E+04    4.4633234863E-01
    1.7150000000E+04    4.4713638627E-01
    1.7160000000E+04    4.4815043008E-01
    1.7170000000E+04    4.4839390376E-01
    1.7180000000E+04    4.4948939894E-01
    1.7190000000E+04    4.4912290431E-01
    1.7200000000E+04    4.4829744198E-01
    1.7210000000E+04    4.4656510347E-01
    1.7220000000E+04    4.4701069886E-01
    1.7230000000E+04    4.4740998614E-01
    1.7240000000E+04    4.4774191247E-01
    1.7250000000E+04    4.4855399077E-01
    1.7260000000E+04    4.4992108592E-01
    1.7270000000E+04    4.5089568223E-01
    1.7280000000E+04    4.4922788888E-01
    1.7290000000E+04    4.4776249556E-01
    1.7300000000E+04    4.4645408900E-01
    1.7310000000E+04    4.4687285452E-01
    1.7320000000E+04    4.4729507765E-01
    1.7330000000E+04    4.4784426571E-01
    1.7340000000E+04    4.4784708242E-01
    1.7350000000E+04    4.4726214898E-01
    1.7360000000E+04    4.4687385559E-01
    1.7370000000E+04    4.4624437200E-01
    1.7380000000E+04    4.4679337674E-01
    1.7390000000E+04    4.4718524474E-01
    1.7400000000E+04    4.4762642144E-01
    1.7410000000E+04    4.4764845613E-01
    1.7420000000E+04    4.4793800664E-01
    1.7430000000E+04    4.4875838788E-01
    1.7440000000E+04    4.4837993201E-01
    1.7450000000E+04    4.4753587251E-01
    1.7460000000E+04    4.4670635523E-01
    1.7470000000E+04    4.4649513320E-01
    1.7480000000E+04    4.4638042997E-01
    1.7490000000E+04    4.4720998224E-01
    1.7500000000E+04    4.4880001551E-01
    1.7510000000E+04    4.4897016309E-01
    1.7520000000E+04    4.4822693615E-01
    1.7530000000E+04    4.4740950453E-01
    1.7540000000E+04    4.4699853549E-01
    1.7550000000E+04    4.4769485137E-01
    1.7560000000E+04    4.4837516424E-01
    1.7570000000E+04    4.4965909204E-01
    1.7580000000E+04    4.4954298608E-01
    1.7590000000E+04    4.5018063054E-01
    1.7600000000E+04    4.5045768825E-01
    1.7610000000E+04    4.4997548635E-01
    1.7620000000E+04    4.4896861911E-01
    1.7630000000E+04    4.4908122630E-01
    1.7640000000E+04    4.5018474007E-01
    1.7650000000E+04    4.5147790800E-01
    1.7660000000E+04    4.5244329519E-01
    1.7670000000E+04    4.5294642935E-01
    1.7680000000E+04    4.5190943490E-01
    1.7690000000E+04    4.5122547173E-01
    1.7700000000E+04    4.5049918553E-01
    1.7710000000E+04    4.5139745575E-01
    1.7720000000E+04    4.5190534782E-01
    1.7730000000E+04    4.5179734497E-01
    1.7740000000E+04    4.5268225814E-01
    1.7750000000E+04    4.5527702490E-01
    1.7760000000E+04    4.6011751610E-01
    1.7770000000E+04    4.5853821027E-01
    1.7780000000E+04    4.5502725752E-01
    1.7790000000E+04    4.5199407634E-01
    1.7800000000E+04    4.5398572307E-01
    1.7810000000E+04    4.5488422567E-01
    1.7820000000E+04    4.5587895584E-01
    1.7830000000E+04    4.5660166472E-01
    1.7840000000E+04    4.5621112551E-01
    1.7850000000E+04    4.5467913328E-01
    1.7860000000E+04    4.5364200359E-01
    1.7870000000E+04    4.5366219560E-01
    1.7880000000E+04    4.5412862574E-01
    1.7890000000E+04    4.5471565835E-01
    1.7900000000E+04    4.5500220897E-01
    1.7910000000E+04    4.5487941490E-01
    1.7920000000E+04    4.5408467288E-01
    1.7930000000E+04    4.5272717502E-01
    1.7940000000E+04    4.5189713588E-01
    1.7950000000E+04    4.5171691995E-01
    1.7960000000E+04    4.5100173361E-01
    1.7970000000E+04    4.5138718449E-01
    1.7980000000E+04    4.5225698596E-01
    1.7990000000E+04    4.5383964126E-01
    1.8000000000E+04    4.5382442245E-01
    1.8010000000E+04    4.5370172029E-01
    1.8020000000E+04    4.5345367242E-01
    1.8030000000E+04    4.5317021181E-01
    1.8040000000E+04    4.5316349695E-01
    1.8050000000E+04    4.5352669163E-01
    1.8060000000E+04    4.5474889844E-01
    1.8070000000E+04    4.5562619341E-01
    1.8080000000E+04    4.5592772314E-01
    1.8090000000E+04    4.5560633277E-01
    1.8100000000E+04    4.5549510597E-01
    1.8110000000E+04    4.5522217322E-01
    1.8120000000E+04    4.5528151238E-01
    1.8130000000E+04    4.5614119043E-01
    1.8140000000E+04    4.5805249804E-01
    1.8150000000E+04    4.5892330552E-01
    1.8160000000E+04    4.5871541131E-01
    1.8170000000E+04    4.5823330230E-01
    1.8180000000E+04    4.5714496926E-01
    1.8190000000E+04    4.5557801692E-01
    1.8200000000E+04    4.5451135655E-01
    1.8210000000E+04    4.5445942812E-01
    1.8220000000E+04    4.5521146948E-01
    1.8230000000E+04    4.5553807498E-01
    1.8240000000E+04    4.5573966025E-01
    1.8250000000E+04    4.5532997796E-01
    1.8260000000E+04    4.5466801834E-01
    1.8270000000E+04    4.5376072370E-01
    1.8280000000E+04    4.5351540175E-01
    1.8290000000E+04    4.5332975838E-01
    1.8300000000E+04    4.5373283395E-01
    1.8310000000E+04    4.5457623117E-01
    1.8320000000E+04    4.5578642411E-01
    1.8330000000E+04    4.5553741413E-01
    1.8340000000E+04    4.5468888779E-01
    1.8350000000E+04    4.5431500690E-01
    1.8360000000E+04    4.5437429857E-01
    1.8370000000E+04    4.5451938601E-01
    1.8380000000E+04    4.5516277303E-01
    1.8390000000E+04    4.5711836621E-01
    1.8400000000E+04    4.5743925150E-01
    1.8410000000E+04    4.5649812638E-01
    1.8420000000E+04    4.5477197489E-01
    1.8430000000E+04    4.5383164160E-01
    1.8440000000E+04    4.5366228035E-01
    1.8450000000E+04    4.5457964400E-01
    1.8460000000E+04    4.5584076293E-01
    1.8470000000E+04    4.5629250732E-01
    1.8480000000E+04    4.5641865018E-01
    1.8490000000E+04    4.5614693152E-01
    1.8500000000E+04    4.5528253413E-01
    1.8510000000E+04    4.5421356606E-01
    1.8520000000E+04    4.5381310269E-01
    1.8530000000E+04    4.5403830143E-01
    1.8540000000E+04    4.5479992791E-01
    1.8550000000E+04    4.5612313901E-01
    1.8560000000E+04    4.5576174794E-01
    1.8570000000E+04    4.5477470207E-01
    1.8580000000E+04    4.5351995186E-01
    1.8590000000E+04    4.5312182741E-01
    1.8600000000E+04    4.5294985068E-01
    1.8610000000E+04    4.5259847343E-01
    1.8620000000E+04    4.5327126455E-01
    1.8630000000E+04    4.5423304663E-01
    1.8640000000E+04    4.5542669902E-01
    1.8650000000E+04    4.5511067601E-01
    1.8660000000E+04    4.5384158665E-01
    1.8670000000E+04    4.5218686586E-01
    1.8680000000E+04    4.5186875565E-01
    1.8690000000E+04    4.5334678545E-01
    1.8700000000E+04    4.5388770539E-01
    1.8710000000E+04    4.5408486610E-01
    1.8720000000E+04    4.5367532777E-01
    1.8730000000E+04    4.5461998680E-01
    1.8740000000E+04    4.5532704286E-01
    1.8750000000E+04    4.5517667711E-01
    1.8760000000E+04    4.5451265206E-01
    1.8770000000E+04    4.5480061222E-01
    1.8780000000E+04    4.5532239081E-01
    1.8790000000E+04    4.5605370402E-01
    1.8800000000E+04    4.5656611070E-01
    1.8810000000E+04    4.5574343387E-01
    1.8820000000E+04    4.5386964807E-01
    1.8830000000E+04    4.5242598732E-01
    1.8840000000E+04    4.5254213381E-01
    1.8850000000E+04    4.5325266672E-01
    1.8860000000E+04    4.5408955490E-01
    1.8870000000E+04    4.5489730021E-01
    1.8880000000E+04    4.5470393359E-01
    1.8890000000E+04    4.5443524928E-01
    1.8900000000E+04    4.5356742565E-01
    1.8910000000E+04    4.5260359778E-01
    1.8920000000E+04    4.5284184734E-01
    1.8930000000E+04    4.5271372160E-01
    1.8940000000E+04    4.5275344198E-01
    1.8950000000E+04    4.5367616065E-01
    1.8960000000E+04    4.5461107041E-01
    1.8970000000E+04    4.5516281484E-01
    1.8980000000E+04    4.5411668095E-01
    1.8990000000E+04    4.5279802173E-01
    1.9000000000E+04    4.5183301598E-01
    1.9010000000E+04    4.5265175887E-01
    1.9020000000E+04    4.5321007900E-01
    1.9030000000E+04    4.5365562230E-01
    1.9040000000E+04    4.5429267696E-01
    1.9050000000E+04    4.5481684231E-01
    1.9060000000E+04    4.5444156718E-01
    1.9070000000E+04    4.5412654891E-01
    1.9080000000E+04    4.5442244658E-01
    1.9090000000E+04    4.5559001323E-01
    1.9100000000E+04    4.5699991561E-01
    1.9110000000E+04    4.5819300652E-01
    1.9120000000E+04    4.5893691676E-01
    1.9130000000E+04    4.5922107649E-01
    1.9140000000E+04    4.5857995870E-01
    1.9150000000E+04    4.5769244204E-01
    1.9160000000E+04    4.5632544881E-01
    1.9170000000E+04    4.5611355119E-01
    1.9180000000E+04    4.5729744075E-01
    1.9190000000E+04    4.5794096434E-01
    1.9200000000E+04    4.5829869311E-01
    1.9210000000E+04    4.5761830581E-01
    1.9220000000E+04    4.5751170140E-01
    1.9230000000E+04    4.5675988928E-01
    1.9240000000E+04    4.5645298337E-01
    1.9250000000E+04    4.5555660623E-01
    1.9260000000E+04    4.5531493631E-01
    1.9270000000E+04    4.5640728798E-01
    1.9280000000E+04    4.5734604088E-01
    1.9290000000E+04    4.5743559270E-01
    1.9300000000E+04    4.5699381054E-01
    1.9310000000E+04    4.5624973360E-01
    1.9320000000E+04    4.5504328233E-01
    1.9330000000E+04    4.5385716205E-01
    1.9340000000E+04    4.5456420050E-01
    1.9350000000E+04    4.5591328940E-01
    1.9360000000E+04    4.5730378700E-01
    1.9370000000E+04    4.5732259466E-01
    1.9380000000E+04    4.5765504929E-01
    1.9390000000E+04    4.5717518719E-01
    1.9400000000E+04    4.5679254942E-01
    1.9410000000E+04    4.5641299247E-01
    1.9420000000E+04    4.5739973568E-01
    1.9430000000E+04    4.5861192298E-01
    1.9440000000E+04    4.5965421883E-01
    1.9450000000E+04    4.6049127318E-01
    1.9460000000E+04    4.6115764125E-01
    1.9470000000E+04    4.6060347548E-01
    1.9480000000E+04    4.5925280794E-01
    1.9490000000E+04    4.5811055809E-01
    1.9500000000E+04    4.5829033363E-01
    1.9510000000E+04    4.5922144294E-01
    1.9520000000E+04    4.5981204156E-01
    1.9530000000E+04    4.5935758748E-01
    1.9540000000E+04    4.5884152114E-01
    1.9550000000E+04    4.5812995277E-01
    1.9560000000E+04    4.5752489673E-01
    1.9570000000E+04    4.5643857837E-01
    1.9580000000E+04    4.5426095840E-01
    1.9590000000E+04    4.5105315701E-01
    1.9600000000E+04    4.4857688018E-01
    1.9610000000E+04    4.4958656155E-01
    1.9620000000E+04    4.5320717664E-01
    1.9630000000E+04    4.5614998181E-01
    1.9640000000E+04    4.5751567921E-01
    1.9650000000E+04    4.5764397885E-01
    1.9660000000E+04    4.5859406759E-01
    1.9670000000E+04    4.5997575156E-01
    1.9680000000E+04    4.6093660133E-01
    1.9690000000E+04    4.6061222200E-01
    1.9700000000E+04    4.5974917255E-01
    1.9710000000E+04    4.5988783780E-01
    1.9720000000E+04    4.5953105862E-01
    1.9730000000E+04    4.5972897568E-01
    1.9740000000E+04    4.5937854072E-01
    1.9750000000E+04    4.5970906552E-01
    1.9760000000E+04    4.6010482105E-01
    1.9770000000E+04    4.6050773922E-01
    1.9780000000E+04    4.6116465432E-01
    1.9790000000E+04    4.6194220716E-01
    1.9800000000E+04    4.6185061132E-01
    1.9810000000E+04    4.6169324605E-01
    1.9820000000E+04    4.6159437047E-01
    1.9830000000E+04    4.6197504842E-01
    1.9840000000E+04    4.6233422145E-01
    1.9850000000E+04    4.6307788365E-01
    1.9860000000E+04    4.6360736407E-01
    1.9870000000E+04    4.6441465739E-01
    1.9880000000E+04    4.6412678223E-01
    1.9890000000E+04    4.6446104775E-01
    1.9900000000E+04    4.6414850327E-01
    1.9910000000E+04    4.6463841963E-01
    1.9920000000E+04    4.6505308673E-01
    1.9930000000E+04    4.6527879911E-01
    1.9940000000E+04    4.6510185741E-01
    1.9950000000E+04    4.6370496765E-01
    1.9960000000E+04    4.6270869790E-01
    1.9970000000E+04    4.6170963417E-01
    1.9980000000E+04    4.6315981784E-01
    1.9990000000E+04    4.6377173779E-01
    2.0000000000E+04    4.6364505374E-01
    2.0010000000E+04    4.6255386676E-01
    2.0020000000E+04    4.6191102007E-01
    2.0030000000E+04    4.6121238831E-01
    2.0040000000E+04    4.6087593145E-01
    2.0050000000E+04    4.6113606885E-01
    2.0060000000E+04    4.6116043169E-01
    2.0070000000E+04    4.6206688568E-01
    2.0080000000E+04    4.6209630227E-01
    2.0090000000E+04    4.6222345886E-01
    2.0100000000E+04    4.6137858501E-01
    2.0110000000E+04    4.6026472605E-01
    2.0120000000E+04    4.5972511224E-01
    2.0130000000E+04    4.5968451158E-01
    2.0140000000E+04    4.6010163477E-01
    2.0150000000E+04    4.5941484114E-01
    2.0160000000E+04    4.5934870371E-01
    2.0170000000E+04    4.5933722022E-01
    2.0180000000E+04    4.5928297031E-01
    2.0190000000E+04    4.5852473640E-01
    2.0200000000E+04    4.5720025174E-01
    2.0210000000E+04    4.5727860235E-01
    2.0220000000E+04    4.5879989182E-01
    2.0230000000E+04    4.5973371781E-01
    2.0240000000E+04    4.5963688720E-01
    2.0250000000E+04    4.5841656053E-01
    2.0260000000E+04    4.5844375115E-01
    2.0270000000E+04    4.5877678125E-01
    2.0280000000E+04    4.5865951479E-01
    2.0290000000E+04    4.5827262667E-01
    2.0300000000E+04    4.5940259924E-01
    2.0310000000E+04    4.6088052364E-01
    2.0320000000E+04    4.6158576283E-01
    2.0330000000E+04    4.6104053044E-01
    2.0340000000E+04    4.6053077246E-01
    2.0350000000E+04    4.6087006491E-01
    2.0360000000E+04    4.6107143981E-01
    2.0370000000E+04    4.6106946792E-01
    2.0380000000E+04    4.6134553723E-01
    2.0390000000E+04    4.6239088180E-01
    2.0400000000E+04    4.6172760717E-01
    2.0410000000E+04    4.6080396966E-01
    2.0420000000E+04    4.6056965879E-01
    2.0430000000E+04    4.6091666428E-01
    2.0440000000E+04    4.6106582082E-01
    2.0450000000E+04    4.6113438820E-01
    2.0460000000E+04    4.6079767470E-01
    2.0470000000E+04    4.6122506582E-01
    2.0480000000E+04    4.6129215799E-01
    2.0490000000E+04    4.6120206023E-01
    2.0500000000E+04    4.6154469302E-01
    2.0510000000E+04    4.6101466074E-01
    2.0520000000E+04    4.6033390802E-01
    2.0530000000E+04    4.5983716190E-01
    2.0540000000E+04    4.6051170314E-01
    2.0550000000E+04    4.6089263407E-01
    2.0560000000E+04    4.6170482421E-01
    2.0570000000E+04    4.6184351810E-01
    2.0580000000E+04    4.6268542158E-01
    2.0590000000E+04    4.6285688192E-01
    2.0600000000E+04    4.6196452178E-01
    2.0610000000E+04    4.6176139925E-01
    2.0620000000E+04    4.6144361098E-01
    2.0630000000E+04    4.6255427736E-01
    2.0640000000E+04    4.6245027022E-01
    2.0650000000E+04    4.6191216502E-01
    2.0660000000E+04    4.6114740825E-01
    2.0670000000E+04    4.6071392601E-01
    2.0680000000E+04    4.6045558024E-01
    2.0690000000E+04    4.5991926641E-01
    2.0700000000E+04    4.6071287243E-01
    2.0710000000E+04    4.6135000136E-01
    2.0720000000E+04    4.6338943124E-01
    2.0730000000E+04    4.6367278369E-01
    2.0740000000E+04    4.6371860402E-01
    2.0750000000E+04    4.6442915333E-01
    2.0760000000E+04    4.6429805339E-01
    2.0770000000E+04    4.6311596362E-01
    2.0780000000E+04    4.6135224875E-01
    2.0790000000E+04    4.6182018934E-01
    2.0800000000E+04    4.6318548320E-01
    2.0810000000E+04    4.6455352933E-01
    2.0820000000E+04    4.6470205383E-01
    2.0830000000E+04    4.6506746642E-01
    2.0840000000E+04    4.6553963133E-01
    2.0850000000E+04    4.6457840799E-01
    2.0860000000E+04    4.6487737479E-01
    2.0870000000E+04    4.6481740020E-01
    2.0880000000E+04    4.6572378950E-01
    2.0890000000E+04    4.6422107205E-01
    2.0900000000E+04    4.6237059558E-01
    2.0910000000E+04    4.6107007291E-01
    2.0920000000E+04    4.6142789256E-01
    2.0930000000E+04    4.6217554487E-01
    2.0940000000E+04    4.6236408967E-01
    2.0950000000E+04    4.6096715430E-01
    2.0960000000E+04    4.6027893976E-01
    2.0970000000E+04    4.6116919604E-01
    2.0980000000E+04    4.6190654642E-01
    2.0990000000E+04    4.6142412446E-01
    2.1000000000E+04    4.6025163895E-01
    2.1010000000E+04    4.5945096637E-01
    2.1020000000E+04    4.5878478224E-01
    2.1030000000E+04    4.5781516406E-01
    2.1040000000E+04    4.5689918092E-01
    2.1050000000E+04    4.5771597221E-01
    2.1060000000E+04    4.5771326967E-01
    2.1070000000E+04    4.5718237697E-01
    2.1080000000E+04    4.5693442801E-01
    2.1090000000E+04    4.5691079699E-01
    2.1100000000E+04    4.5704136683E-01
    2.1110000000E+04    4.5583545557E-01
    2.1120000000E+04    4.5449798258E-01
    2.1130000000E+04    4.5448405413E-01
    2.1140000000E+04    4.5535636748E-01
    2.1150000000E+04    4.5501618582E-01
    2.1160000000E+04    4.5519133595E-01
    2.1170000000E+04    4.5536589072E-01
    2.1180000000E+04    4.5607401942E-01
    2.1190000000E+04    4.5700674266E-01
    2.1200000000E+04    4.5809298809E-01
    2.1210000000E+04    4.5916083025E-01
    2.1220000000E+04    4.5999665659E-01
    2.1230000000E+04    4.5967004598E-01
    2.1240000000E+04    4.5980764391E-01
    2.1250000000E+04    4.6123533370E-01
    2.1260000000E+04    4.6292244426E-01
    2.1270000000E+04    4.6318768059E-01
    2.1280000000E+04    4.6241448165E-01
    2.1290000000E+04    4.6216430689E-01
    2.1300000000E+04    4.6355687565E-01
    2.1310000000E+04    4.6477089003E-01
    2.1320000000E+04    4.6482695358E-01
    2.1330000000E+04    4.6425168505E-01
    2.1340000000E+04    4.6322241671E-01
    2.1350000000E+04    4.6394520769E-01
    2.1360000000E+04    4.6376905732E-01
    2.1370000000E+04    4.6354366425E-01
    2.1380000000E+04    4.6312903950E-01
    2.1390000000E+04    4.6217963634E-01
    2.1400000000E+04    4.6107889141E-01
    2.1410000000E+04    4.6035667792E-01
    2.1420000000E+04    4.6090316401E-01
    2.1430000000E+04    4.6090946980E-01
    2.1440000000E+04    4.6075347146E-01
    2.1450000000E+04    4.5988954761E-01
    2.1460000000E+04    4.5996559548E-01
    2.1470000000E+04    4.6026044796E-01
    2.1480000000E+04    4.6072341584E-01
    2.1490000000E+04    4.6213623503E-01
    2.1500000000E+04    4.6185705883E-01
    2.1510000000E+04    4.6109313439E-01
    2.1520000000E+04    4.5976855670E-01
    2.1530000000E+04    4.5909198206E-01
    2.1540000000E+04    4.5892365335E-01
    2.1550000000E+04    4.5922309774E-01
    2.1560000000E+04    4.5986169908E-01
    2.1570000000E+04    4.5907046083E-01
    2.1580000000E+04    4.5840136112E-01
    2.1590000000E+04    4.5884354203E-01
    2.1600000000E+04    4.5974417688E-01
    2.1610000000E+04    4.6003662192E-01
    2.1620000000E+04    4.5918996188E-01
    2.1630000000E+04    4.5930105536E-01
    2.1640000000E+04    4.5903215782E-01
    2.1650000000E+04    4.5776377651E-01
    2.1660000000E+04    4.5655389713E-01
    2.1670000000E+04    4.5689983703E-01
    2.1680000000E+04    4.5743144168E-01
    2.1690000000E+04    4.5677070067E-01
    2.1700000000E+04    4.5610971673E-01
    2.1710000000E+04    4.5579422456E-01
    2.1720000000E+04    4.5675566278E-01
    2.1730000000E+04    4.5677842963E-01
    2.1740000000E+04    4.5699121703E-01
    2.1750000000E+04    4.5640255895E-01
    2.1760000000E+04    4.5457732643E-01
    2.1770000000E+04    4.5236250685E-01
    2.1780000000E+04    4.5065697882E-01
    2.1790000000E+04    4.4918069625E-01
    2.1800000000E+04    4.4750665456E-01
    2.1810000000E+04    4.4626295306E-01
    2.1820000000E+04    4.4543617713E-01
    2.1830000000E+04    4.4427884002E-01
    2.1840000000E+04    4.4243892024E-01
    2.1850000000E+04    4.3905132381E-01
    2.1860000000E+04    4.3638587046E-01
    2.1870000000E+04    4.3323647013E-01
    2.1880000000E+04    4.3168941072E-01
    2.1890000000E+04    4.2873683424E-01
    2.1900000000E+04    4.2707548612E-01
    2.1910000000E+04    4.2347949835E-01
    2.1920000000E+04    4.2123763308E-01
    2.1930000000E+04    4.1815239868E-01
    2.1940000000E+04    4.1545884785E-01
    2.1950000000E+04    4.1170926893E-01
    2.1960000000E+04    4.0887233986E-01
    2.1970000000E+04    4.0607555190E-01
    2.1980000000E+04    4.0227116819E-01
    2.1990000000E+04    3.9815470028E-01
    2.2000000000E+04    3.9519057990E-01
    2.2010000000E+04    3.9143006661E-01
    2.2020000000E+04    3.8713914560E-01
    2.2030000000E+04    3.8238430393E-01
    2.2040000000E+04    3.7875643134E-01
    2.2050000000E+04    3.7594220480E-01
    2.2060000000E+04    3.7387461506E-01
    2.2070000000E+04    3.7150036063E-01
    2.2080000000E+04    3.6903562526E-01
    2.2090000000E+04    3.6580703969E-01
    2.2100000000E+04    3.6335429711E-01
    2.2110000000E+04    3.6162138943E-01
    2.2120000000E+04    3.6099323068E-01
    2.2130000000E+04    3.6042843397E-01
    2.2140000000E+04    3.5926224884E-01
    2.2150000000E+04    3.5759801218E-01
    2.2160000000E+04    3.5687489332E-01
    2.2170000000E+04    3.5689764894E-01
    2.2180000000E+04    3.5702226492E-01
    2.2190000000E+04    3.5650037796E-01
    2.2200000000E+04    3.5615004439E-01
    2.2210000000E+04    3.5608781954E-01
    2.2220000000E+04    3.5557090117E-01
    2.2230000000E+04    3.5663832193E-01
    2.2240000000E+04    3.5702733536E-01
    2.2250000000E+04    3.5718427498E-01
    2.2260000000E+04    3.5663495846E-01
    2.2270000000E+04    3.5676580666E-01
    2.2280000000E+04    3.5757630193E-01
    2.2290000000E+04    3.5925908642E-01
    2.2300000000E+04    3.6138092637E-01
    2.2310000000E+04    3.6299873139E-01
    2.2320000000E+04    3.6438424116E-01
    2.2330000000E+04    3.6621849547E-01
    2.2340000000E+04    3.6816605619E-01
    2.2350000000E+04    3.6976636862E-01
    2.2360000000E+04    3.7158607952E-01
    2.2370000000E+04    3.7258093462E-01
    2.2380000000E+04    3.7335429031E-01
    2.2390000000E+04    3.7483014375E-01
    2.2400000000E+04    3.7683356341E-01
    2.2410000000E+04    3.7682863633E-01
    2.2420000000E+04    3.7585489978E-01
    2.2430000000E+04    3.7552255005E-01
    2.2440000000E+04    3.7682226418E-01
    2.2450000000E+04    3.7851047433E-01
    2.2460000000E+04    3.7980246999E-01
    2.2470000000E+04    3.8004457673E-01
    2.2480000000E+04    3.7906421067E-01
    2.2490000000E+04    3.7882705519E-01
    2.2500000000E+04    3.7925091003E-01
    2.2510000000E+04    3.8093640665E-01
    2.2520000000E+04    3.8093467178E-01
    2.2530000000E+04    3.8060191325E-01
    2.2540000000E+04    3.8050318837E-01
    2.2550000000E+04    3.8131030105E-01
    2.2560000000E+04    3.8258046438E-01
    2.2570000000E+04    3.8338448487E-01
    2.2580000000E+04    3.8385827451E-01
    2.2590000000E+04    3.8444739234E-01
    2.2600000000E+04    3.8560939722E-01
    2.2610000000E+04    3.8664329614E-01
    2.2620000000E+04    3.8845687828E-01
    2.2630000000E+04    3.8963001511E-01
    2.2640000000E+04    3.9007419498E-01
    2.2650000000E+04    3.9031115344E-01
    2.2660000000E+04    3.9209419793E-01
    2.2670000000E+04    3.9309708723E-01
    2.2680000000E+04    3.9359980348E-01
    2.2690000000E+04    3.9420243389E-01
    2.2700000000E+04    3.9549959367E-01
    2.2710000000E+04    3.9683529064E-01
    2.2720000000E+04    3.9828433970E-01
    2.2730000000E+04    3.9879986378E-01
    2.2740000000E+04    3.9892451100E-01
    2.2750000000E+04    3.9964683668E-01
    2.2760000000E+04    4.0057496356E-01
    2.2770000000E+04    4.0166599980E-01
    2.2780000000E+04    4.0235714026E-01
    2.2790000000E+04    4.0298747781E-01
    2.2800000000E+04    4.0310084737E-01
    2.2810000000E+04    4.0357261269E-01
    2.2820000000E+04    4.0533131264E-01
    2.2830000000E+04    4.0758757759E-01
    2.2840000000E+04    4.0946411343E-01
    2.2850000000E+04    4.0974658713E-01
    2.2860000000E+04    4.0999728510E-01
    2.2870000000E+04    4.1071869435E-01
    2.2880000000E+04    4.1218552507E-01
    2.2890000000E+04    4.1325955957E-01
    2.2900000000E+04    4.1404623327E-01
    2.2910000000E+04    4.1408420153E-01
    2.2920000000E+04    4.1394032615E-01
    2.2930000000E+04    4.1467111753E-01
    2.2940000000E+04    4.1679556326E-01
    2.2950000000E+04    4.1835542673E-01
    2.2960000000E+04    4.1844385235E-01
    2.2970000000E+04    4.1819753190E-01
    2.2980000000E+04    4.1817119879E-01
    2.2990000000E+04    4.1975683644E-01
    2.3000000000E+04    4.2075801856E-01
    2.3010000000E+04    4.2049550224E-01
    2.3020000000E+04    4.1934523306E-01
    2.3030000000E+04    4.1870299861E-01
    2.3040000000E+04    4.1919157162E-01
    2.3050000000E+04    4.1955528047E-01
    2.3060000000E+04    4.1923371716E-01
    2.3070000000E+04    4.1815569113E-01
    2.3080000000E+04    4.1741979944E-01
    2.3090000000E+04    4.1716878170E-01
    2.3100000000E+04    4.1645524257E-01
    2.3110000000E+04    4.1488967798E-01
    2.3120000000E+04    4.1236028709E-01
    2.3130000000E+04    4.0836969285E-01
    2.3140000000E+04    4.0387013463E-01
    2.3150000000E+04    3.9892497455E-01
    2.3160000000E+04    3.9514155448E-01
    2.3170000000E+04    3.9078611896E-01
    2.3180000000E+04    3.8493055119E-01
    2.3190000000E+04    3.7753975092E-01
    2.3200000000E+04    3.6943661177E-01
    2.3210000000E+04    3.6104805464E-01
    2.3220000000E+04    3.5282706785E-01
    2.3230000000E+04    3.4395745370E-01
    2.3240000000E+04    3.3338650760E-01
    2.3250000000E+04    3.2231649320E-01
    2.3260000000E+04    3.1179310000E-01
    2.3270000000E+04    3.0128007611E-01
    2.3280000000E+04    2.9126590792E-01
    2.3290000000E+04    2.8082696306E-01
    2.3300000000E+04    2.7026856515E-01
    2.3310000000E+04    2.5899696554E-01
    2.3320000000E+04    2.4897797498E-01
    2.3330000000E+04    2.3910698971E-01
    2.3340000000E+04    2.2879323514E-01
    2.3350000000E+04    2.1778846598E-01
    2.3360000000E+04    2.0717312988E-01
    2.3370000000E+04    1.9770190031E-01
    2.3380000000E+04    1.8910971199E-01
    2.3390000000E+04    1.8142152333E-01
    2.3400000000E+04    1.7457405463E-01
    2.3410000000E+04    1.6880096167E-01
    2.3420000000E+04    1.6426159955E-01
    2.3430000000E+04    1.6070878513E-01
    2.3440000000E+04    1.5825047200E-01
    2.3450000000E+04    1.5623196907E-01
    2.3460000000E+04    1.5494022922E-01
    2.3470000000E+04    1.5401907681E-01
    2.3480000000E+04    1.5376734470E-01
    2.3490000000E+04    1.5351054186E-01
    2.3500000000E+04    1.5281909334E-01
    2.3510000000E+04    1.5182169515E-01
    2.3520000000E+04    1.5025495900E-01
    2.3530000000E+04    1.4855785116E-01
    2.3540000000E+04    1.4623369375E-01
    2.3550000000E+04    1.4353241854E-01
    2.3560000000E+04    1.4005666738E-01
    2.3570000000E+04    1.3572278722E-01
    2.3580000000E+04    1.3083507067E-01
    2.3590000000E+04    1.2532703340E-01
    2.3600000000E+04    1.1944326162E-01
    2.3610000000E+04    1.1265320002E-01
    2.3620000000E+04    1.0528139046E-01
    2.3630000000E+04    9.7206633939E-02
    2.3640000000E+04    8.9130442489E-02
    2.3650000000E+04    8.1066204683E-02
    2.3660000000E+04    7.2964193272E-02
    2.3670000000E+04    6.4928940559E-02
    2.3680000000E+04    5.7027862967E-02
    2.3690000000E+04    4.9526114636E-02
    2.3700000000E+04    4.2612781067E-02
    2.3710000000E+04    3.6411439105E-02
    2.3720000000E+04    3.0924679981E-02
    2.3730000000E+04    2.6115312594E-02
    2.3740000000E+04    2.2110955201E-02
    2.3750000000E+04    1.8909182523E-02
    2.3760000000E+04    1.6462252087E-02
    2.3770000000E+04    1.4635695609E-02
    2.3780000000E+04    1.3397336070E-02
    2.3790000000E+04    1.2654557941E-02
    2.3800000000E+04    1.2329221592E-02
    2.3810000000E+04    1.1178736587E-02
    2.3820000000E+04    1.0372833357E-02
    2.3830000000E+04    9.7788685572E-03
    2.3840000000E+04    9.2755065959E-03
    2.3850000000E+04    8.8181373782E-03
    2.3860000000E+04    8.3966679574E-03
    2.3870000000E+04    8.0018979860E-03
    2.3880000000E+04    7.6077488256E-03
    2.3890000000E+04    7.1704336117E-03
    2.3900000000E+04    6.7298634927E-03
    2.3910000000E+04    6.2960063137E-03
    2.3920000000E+04    5.8762490595E-03
    2.3930000000E+04    5.4569941784E-03
    2.3940000000E+04    5.0272734293E-03
    2.3950000000E+04    4.5903861647E-03
    2.3960000000E+04    4.1770492743E-03
    2.3970000000E+04    3.8001296269E-03
    2.3980000000E+04    3.4483953152E-03
    2.3990000000E+04    3.1112243713E-03
    2.4000000000E+04    2.7895426142E-03
    2.4010000000E+04    2.4860864753E-03
    2.4020000000E+04    2.2093239834E-03
    2.4030000000E+04    1.9565833430E-03
    2.4040000000E+04    1.7272748502E-03
    2.4050000000E+04    1.5122985363E-03
    2.4060000000E+04    1.3197748530E-03
    2.4070000000E+04    1.1484927560E-03
    2.4080000000E+04    9.9886326648E-04
    2.4090000000E+04    8.6559966233E-04
    2.4100000000E+04    7.4789605358E-04
    2.4110000000E+04    6.4312891670E-04
    2.4120000000E+04    5.5118391305E-04
    2.4130000000E+04    4.7257424515E-04
    2.4140000000E+04    4.0589598179E-04
    2.4150000000E+04    3.4902552298E-04
    2.4160000000E+04    3.0016215224E-04
    2.4170000000E+04    2.5788979408E-04
    2.4180000000E+04    2.2209103395E-04
    2.4190000000E+04    1.9176778123E-04
    2.4200000000E+04    1.6643481241E-04
    2.4210000000E+04    1.4514440191E-04
    2.4220000000E+04    1.2734563373E-04
    2.4230000000E+04    1.1217279973E-04
    2.4240000000E+04    9.9448304189E-05
    2.4250000000E+04    8.8980735548E-05
    2.4260000000E+04    7.9976516271E-05
    2.4270000000E+04    7.2120465883E-05
    2.4280000000E+04    6.5119455630E-05
    2.4290000000E+04    5.9072004313E-05
    2.4300000000E+04    5.3846335133E-05
    2.4310000000E+04    4.9224966207E-05
    2.4320000000E+04    4.5155406527E-05
    2.4330000000E+04    4.1372136501E-05
    2.4340000000E+04    3.7945029675E-05
    2.4350000000E+04    3.4810039081E-05
    2.4360000000E+04    3.1935501704E-05
    2.4370000000E+04    2.9274224491E-05
    2.4380000000E+04    2.6782973738E-05
    2.4390000000E+04    2.4463509757E-05
    2.4400000000E+04    2.2268138271E-05
    2.4410000000E+04    2.0308236080E-05
    2.4420000000E+04    1.8479534575E-05
    2.4430000000E+04    1.6782103513E-05
    2.4440000000E+04    1.5166040819E-05
    2.4450000000E+04    1.3663793285E-05
    2.4460000000E+04    1.2297957841E-05
    2.4470000000E+04    1.1062786083E-05
    2.4480000000E+04    9.9545198114E-06
    2.4490000000E+04    8.9198219077E-06
    2.4500000000E+04    7.9580811308E-06
    2.4510000000E+04    7.0718377872E-06
    2.4520000000E+04    6.2812318069E-06
    2.4530000000E+04    5.5643136336E-06
    2.4540000000E+04    4.9142957656E-06
    2.4550000000E+04    4.3294926545E-06
    2.4560000000E+04    3.8083789069E-06
    2.4570000000E+04    3.3487181945E-06
    2.4580000000E+04    2.9461458108E-06
    2.4590000000E+04    2.5848286202E-06
    2.4600000000E+04    2.2602302170E-06
    2.4610000000E+04    1.9672135802E-06
    2.4620000000E+04    1.7119170275E-06
    2.4630000000E+04    1.4910289468E-06
    2.4640000000E+04    1.2995345133E-06
    2.4650000000E+04    1.1285071920E-06
    2.4660000000E+04    9.7666392438E-07
    2.4670000000E+04    8.4475017681E-07
    2.4680000000E+04    7.3003222689E-07
    2.4690000000E+04    6.3147608790E-07
    2.4700000000E+04    5.4654640435E-07
    2.4710000000E+04    4.7267473999E-07
    2.4720000000E+04    4.0830080409E-07
    2.4730000000E+04    3.5344616977E-07
    2.4740000000E+04    3.0706825542E-07
    2.4750000000E+04    2.6622161817E-07
    2.4760000000E+04    2.3054178312E-07
    2.4770000000E+04    2.0011417112E-07
    2.4780000000E+04    1.7396517629E-07
    2.4790000000E+04    1.5170845928E-07
    2.4800000000E+04    1.3272254008E-07
    2.4810000000E+04    1.1658446442E-07
    2.4820000000E+04    1.0285137347E-07
    2.4830000000E+04    9.0913051995E-08
    2.4840000000E+04    8.0524190421E-08
    2.4850000000E+04    7.1565331101E-08
    2.4860000000E+04    6.3991752115E-08
    2.4870000000E+04    5.7358336753E-08
    2.4880000000E+04    5.1556798022E-08
    2.4890000000E+04    4.6416447977E-08
    2.4900000000E+04    4.2045982815E-08
    2.4910000000E+04    3.8267280904E-08
    2.4920000000E+04    3.4907628605E-08
    2.4930000000E+04    3.1876269050E-08
    2.4940000000E+04    2.9123385678E-08
    2.4950000000E+04    2.6747689340E-08
    2.4960000000E+04    2.4619574637E-08
    2.4970000000E+04    2.2753843078E-08
    2.4980000000E+04    2.1034489128E-08
    2.4990000000E+04    1.9454784919E-08
    2.5000000000E+04    1.7989094705E-08
    2.5010000000E+04    1.6657206509E-08
    2.5020000000E+04    1.5467566037E-08
    2.5030000000E+04    1.4345588312E-08
    2.5040000000E+04    1.3305457137E-08
    2.5050000000E+04    1.2374204232E-08
    2.5060000000E+04    1.1556596573E-08
    2.5070000000E+04    1.0810102838E-08
    2.5080000000E+04    1.0081079410E-08
    2.5090000000E+04    9.3948804984E-09
    2.5100000000E+04    8.7450144796E-09
    2.5110000000E+04    8.1639039562E-09
    2.5120000000E+04    7.6324334809E-09
    2.5130000000E+04    7.1395554108E-09
    2.5140000000E+04    6.6645893248E-09
    2.5150000000E+04    6.2148050835E-09
    2.5160000000E+04    5.8012773071E-09
    2.5170000000E+04    5.4179313739E-09
    2.5180000000E+04    5.0567443093E-09
    2.5190000000E+04    4.7093269536E-09
    2.5200000000E+04    4.3853726725E-09
    2.5210000000E+04    4.0805986185E-09
    2.5220000000E+04    3.8020640581E-09
    2.5230000000E+04    3.5374621658E-09
    2.5240000000E+04    3.2915435956E-09
    2.5250000000E+04    3.0535185958E-09
    2.5260000000E+04    2.8324936698E-09
    2.5270000000E+04    2.6288245196E-09
    2.5280000000E+04    2.4435248691E-09
    2.5290000000E+04    2.2738227417E-09
    2.5300000000E+04    2.1100734918E-09
    2.5310000000E+04    1.9478635758E-09
    2.5320000000E+04    1.7985472955E-09
    2.5330000000E+04    1.6633688016E-09
    2.5340000000E+04    1.5390571742E-09
    2.5350000000E+04    1.4200805437E-09
    2.5360000000E+04    1.3100269647E-09
    2.5370000000E+04    1.2047304543E-09
    2.5380000000E+04    1.1087676177E-09
    2.5390000000E+04    1.0197576336E-09
    2.5400000000E+04    9.3878125671E-10
    2.5410000000E+04    8.6183382618E-10
    2.5420000000E+04    7.9114304745E-10
    2.5430000000E+04    7.2426706626E-10
    2.5440000000E+04    6.6340859598E-10
    2.5450000000E+04    6.0645481254E-10
    2.5460000000E+04    5.5290173705E-10
    2.5470000000E+04    5.0285583888E-10
    2.5480000000E+04    4.5826703112E-10
    2.5490000000E+04    4.1873122466E-10
    2.5500000000E+04    3.8270755448E-10
    2.5510000000E+04    3.4847413463E-10
    2.5520000000E+04    3.1731206560E-10
    2.5530000000E+04    2.8890912462E-10
    2.5540000000E+04    2.6262175573E-10
    2.5550000000E+04    2.3827655550E-10
    2.5560000000E+04    2.1603914952E-10
    2.5570000000E+04    1.9566863662E-10
    2.5580000000E+04    1.7737592876E-10
    2.5590000000E+04    1.6137712321E-10
    2.5600000000E+04    1.4677750811E-10
    2.5610000000E+04    1.3284961767E-10
    2.5620000000E+04    1.1988444032E-10
    2.5630000000E+04    1.0817702428E-10
    2.5640000000E+04    9.7897919771E-11
    2.5650000000E+04    8.8670561584E-11
    2.5660000000E+04    8.0158783789E-11
    2.5670000000E+04    7.2456557220E-11
    2.5680000000E+04    6.5558289146E-11
    2.5690000000E+04    5.9238935274E-11
    2.5700000000E+04    5.3405282450E-11
    2.5710000000E+04    4.7911501513E-11
    2.5720000000E+04    4.3182668932E-11
    2.5730000000E+04    3.9011457480E-11
    2.5740000000E+04    3.5344422678E-11
    2.5750000000E+04    3.1905164758E-11
    2.5760000000E+04    2.8837495854E-11
    2.5770000000E+04    2.6024570425E-11
    2.5780000000E+04    2.3453955061E-11
    2.5790000000E+04    2.1166240744E-11
    2.5800000000E+04    1.9040341350E-11
    2.5810000000E+04    1.7120562367E-11
    2.5820000000E+04    1.5422867136E-11
    2.5830000000E+04    1.3920594054E-11
    2.5840000000E+04    1.2534945171E-11
    2.5850000000E+04    1.1322673384E-11
    2.5860000000E+04    1.0219259560E-11
    2.5870000000E+04    9.1787976364E-12
    2.5880000000E+04    8.1986266848E-12
    2.5890000000E+04    7.3629837616E-12
    2.5900000000E+04    6.6461977710E-12
    2.5910000000E+04    6.0008581476E-12
    2.5920000000E+04    5.3913815711E-12
    2.5930000000E+04    4.8406807591E-12
    2.5940000000E+04    4.3386393201E-12
    2.5950000000E+04    3.8754872518E-12
    2.5960000000E+04    3.4635407061E-12
    2.5961499023E+04    4.4654025421E-15
    2.5970000000E+04    3.1051054867E-12
    2.5971499023E+04    3.9705892045E-15
    2.5980000000E+04    2.7880136482E-12
    2.5981499023E+04    3.5808108300E-15
    2.5991499023E+04    3.2416912677E-15
