###   Wavelength (A)        Transmission
    5.5078997803E+03    2.6822393851E-10
    5.5178997803E+03    9.2155685475E-10
    5.5278997803E+03    3.7766974146E-10
    5.5378997803E+03    2.5106990473E-10
    5.5478997803E+03    2.7556603883E-09
    5.5578997803E+03    1.0473629427E-09
    5.5678997803E+03    1.2734942628E-09
    5.5778997803E+03    3.1633014876E-10
    5.5878997803E+03    2.5353229732E-09
    5.5978997803E+03    3.0508766729E-09
    5.6078997803E+03    1.3158415115E-10
    5.6178997803E+03    1.6724946879E-12
    5.6278997803E+03    1.8149737233E-12
    5.6378997803E+03    1.0947132636E-09
    5.6478997803E+03    7.9629763347E-10
    5.6578997803E+03    2.8608835407E-09
    5.6678997803E+03    2.1584411986E-12
    5.6778997803E+03    3.4509620384E-09
    5.6878997803E+03    7.5486334105E-10
    5.6978997803E+03    5.3536501091E-10
    5.7078997803E+03    2.7118912112E-09
    5.7178997803E+03    9.2731279186E-11
    5.7278997803E+03    2.4647919846E-12
    5.7378997803E+03    3.2150483067E-09
    5.7478997803E+03    2.0589390922E-09
    5.7578997803E+03    1.7779943952E-09
    5.7678997803E+03    7.2444576784E-10
    5.7778997803E+03    3.6735945002E-09
    5.7878997803E+03    3.3877156847E-09
    5.7978997803E+03    1.6150582769E-09
    5.8078997803E+03    4.4080766087E-09
    5.8178997803E+03    7.1737246713E-10
    5.8278997803E+03    3.1854952357E-09
    5.8378997803E+03    8.0345600480E-09
    5.8478997803E+03    7.8370064693E-09
    5.8578997803E+03    6.6572086014E-09
    5.8678997803E+03    2.1234084719E-09
    5.8778997803E+03    7.9533386400E-12
    5.8878997803E+03    5.8809751392E-09
    5.8978997803E+03    7.9392439061E-09
    5.9078997803E+03    8.7416643549E-12
    5.9178997803E+03    5.5663027311E-09
    5.9278997803E+03    6.3130886020E-09
    5.9378997803E+03    1.1908602560E-08
    5.9478997803E+03    8.5865715526E-09
    5.9578997803E+03    2.4073652159E-08
    5.9678997803E+03    8.5694270161E-09
    5.9778997803E+03    7.7357939794E-09
    5.9878997803E+03    1.2177680201E-08
    5.9978997803E+03    9.9964027224E-12
    6.0078997803E+03    4.6434597243E-10
    6.0178997803E+03    1.6990729431E-08
    6.0278997803E+03    1.7717677800E-08
    6.0378997803E+03    1.5784322029E-08
    6.0478997803E+03    2.0820261380E-09
    6.0578997803E+03    6.7555284704E-09
    6.0678997803E+03    2.1088211704E-08
    6.0778997803E+03    1.3850730847E-08
    6.0878997803E+03    2.6127098113E-09
    6.0978997803E+03    9.1437749602E-09
    6.1078997803E+03    1.2112303487E-11
    6.1178997803E+03    1.7444570058E-09
    6.1278997803E+03    1.2435079093E-11
    6.1378997803E+03    1.2580034481E-11
    6.1478997803E+03    1.6378999978E-10
    6.1578997803E+03    2.3343228917E-08
    6.1678997803E+03    1.4362891219E-08
    6.1778997803E+03    2.1613464231E-08
    6.1878997803E+03    2.8066330912E-08
    6.1978997803E+03    1.1296932547E-08
    6.2078997803E+03    2.5667597569E-08
    6.2178997803E+03    1.5077459384E-08
    6.2278997803E+03    2.0017344314E-08
    6.2378997803E+03    4.2193774207E-08
    6.2478997803E+03    1.3337523080E-08
    6.2578997803E+03    8.3136013137E-09
    6.2678997803E+03    4.2258224027E-08
    6.2778997803E+03    2.6149314603E-09
    6.2878997803E+03    3.2787544231E-09
    6.2978997803E+03    1.4264633942E-08
    6.3078997803E+03    5.9656798625E-09
    6.3178997803E+03    6.0393478772E-09
    6.3278997803E+03    1.0727778854E-08
    6.3378997803E+03    7.4707190679E-09
    6.3478997803E+03    6.9293909929E-09
    6.3578997803E+03    2.4981439887E-08
    6.3678997803E+03    1.6014941005E-08
    6.3778997803E+03    9.9618704440E-09
    6.3878997803E+03    9.4045421033E-09
    6.3978997803E+03    9.4932075472E-09
    6.4078997803E+03    1.0329131268E-08
    6.4178997803E+03    2.2446028475E-08
    6.4278997803E+03    3.0417059270E-08
    6.4378997803E+03    1.4679667415E-08
    6.4478997803E+03    1.9423647000E-08
    6.4578997803E+03    1.1645400894E-08
    6.4678997803E+03    1.7306003860E-11
    6.4778997803E+03    2.9908494712E-08
    6.4878997803E+03    1.9804853036E-08
    6.4978997803E+03    5.4548353325E-09
    6.5078997803E+03    1.9564520169E-08
    6.5178997803E+03    2.1236316813E-08
    6.5278997803E+03    2.0041293768E-08
    6.5378997803E+03    6.2732906049E-09
    6.5478997803E+03    3.1458839783E-09
    6.5578997803E+03    1.6262372194E-08
    6.5678997803E+03    4.8007117215E-08
    6.5778997803E+03    5.2779753184E-08
    6.5878997803E+03    9.0143508339E-09
    6.5978997803E+03    3.6237749294E-08
    6.6078997803E+03    2.9649728269E-08
    6.6178997803E+03    3.0094738065E-08
    6.6278997803E+03    1.6069713794E-08
    6.6378997803E+03    2.6766202664E-08
    6.6478997803E+03    4.7130623696E-08
    6.6578997803E+03    1.3511324649E-08
    6.6678997803E+03    5.4459613839E-08
    6.6778997803E+03    8.1699471017E-08
    6.6878997803E+03    6.5946763455E-08
    6.6978997803E+03    5.2998529697E-08
    6.7078997803E+03    5.6544108752E-08
    6.7178997803E+03    2.5063315705E-08
    6.7278997803E+03    8.7595465928E-08
    6.7378997803E+03    4.9869085177E-08
    6.7478997803E+03    4.6579187857E-08
    6.7578997803E+03    3.0653665136E-08
    6.7678997803E+03    5.7785725939E-08
    6.7778997803E+03    4.2808989429E-08
    6.7878997803E+03    7.1072975872E-08
    6.7978997803E+03    5.8492831716E-08
    6.8078997803E+03    4.9700480017E-08
    6.8178997803E+03    7.6405890475E-08
    6.8278997803E+03    5.6018440056E-08
    6.8378997803E+03    4.0595696155E-08
    6.8478997803E+03    6.3054850605E-08
    6.8578997803E+03    7.3808377469E-08
    6.8678997803E+03    2.9610238448E-08
    6.8778997803E+03    2.4492987811E-08
    6.8878997803E+03    3.1425911985E-08
    6.8978997803E+03    7.1912834723E-08
    6.9078997803E+03    4.5194059898E-08
    6.9178997803E+03    4.2285030479E-08
    6.9278997803E+03    5.0960954278E-08
    6.9378997803E+03    5.9787262273E-08
    6.9478997803E+03    5.0618796180E-08
    6.9578997803E+03    9.3621122982E-08
    6.9678997803E+03    5.8214551422E-08
    6.9778997803E+03    9.0759320493E-08
    6.9878997803E+03    7.1790367983E-08
    6.9978997803E+03    3.7547287038E-08
    7.0078997803E+03    3.4506101914E-08
    7.0178997803E+03    8.1085642958E-08
    7.0278997803E+03    3.7448167883E-08
    7.0378997803E+03    6.2060489690E-08
    7.0478997803E+03    4.4701595660E-08
    7.0578997803E+03    6.2295508690E-08
    7.0678997803E+03    5.5442070961E-08
    7.0778997803E+03    8.0752671497E-08
    7.0878997803E+03    5.3797194367E-08
    7.0978997803E+03    4.2379306196E-08
    7.1078997803E+03    4.7012898990E-08
    7.1178997803E+03    2.9901813914E-08
    7.1278997803E+03    2.0847377971E-08
    7.1378997803E+03    3.7316398391E-08
    7.1478997803E+03    4.3004280200E-08
    7.1578997803E+03    7.3253436985E-08
    7.1678997803E+03    7.6135957311E-08
    7.1778997803E+03    5.1287026992E-08
    7.1878997803E+03    2.5669877187E-08
    7.1978997803E+03    5.6892714328E-08
    7.2078997803E+03    3.5699101917E-08
    7.2178997803E+03    9.3091129026E-08
    7.2278997803E+03    5.3850602902E-08
    7.2378997803E+03    5.9745087145E-08
    7.2478997803E+03    8.3087958943E-08
    7.2578997803E+03    8.9369436321E-08
    7.2678997803E+03    4.8793728654E-08
    7.2778997803E+03    5.9781485066E-08
    7.2878997803E+03    3.2939192342E-08
    7.2978997803E+03    2.1994665335E-08
    7.3078997803E+03    2.9108338267E-08
    7.3178997803E+03    6.7807234834E-08
    7.3278997803E+03    8.3519186293E-08
    7.3378997803E+03    6.0271381774E-08
    7.3478997803E+03    8.2541019085E-08
    7.3578997803E+03    5.3978563340E-08
    7.3678997803E+03    7.1616911314E-08
    7.3778997803E+03    8.2048578713E-08
    7.3878997803E+03    7.2654753144E-08
    7.3978997803E+03    6.3012077291E-08
    7.4078997803E+03    6.8106615868E-08
    7.4178997803E+03    4.5146627452E-08
    7.4278997803E+03    7.8014901748E-08
    7.4378997803E+03    4.2437026080E-08
    7.4478997803E+03    4.6449612388E-08
    7.4578997803E+03    5.5338134004E-08
    7.4678997803E+03    4.7490888047E-08
    7.4778997803E+03    5.5407494190E-08
    7.4878997803E+03    7.3619743990E-08
    7.4978997803E+03    8.0694949497E-08
    7.5078997803E+03    1.0781872132E-07
    7.5178997803E+03    1.2667185327E-07
    7.5278997803E+03    6.2894570742E-08
    7.5378997803E+03    1.0253666519E-07
    7.5478997803E+03    9.0771746349E-08
    7.5578997803E+03    5.4740768985E-08
    7.5678997803E+03    8.7683167322E-08
    7.5778997803E+03    7.2535292575E-08
    7.5878997803E+03    6.4406980069E-08
    7.5978997803E+03    7.2946169556E-08
    7.6078997803E+03    6.2424907959E-08
    7.6178997803E+03    5.1997346634E-08
    7.6278997803E+03    8.9015370405E-08
    7.6378997803E+03    5.7569482134E-08
    7.6478997803E+03    6.9588454466E-08
    7.6578997803E+03    1.2444367471E-07
    7.6678997803E+03    1.0553201346E-07
    7.6778997803E+03    1.2733577014E-07
    7.6878997803E+03    1.0188814543E-07
    7.6978997803E+03    9.4301273226E-08
    7.7078997803E+03    1.0873679240E-07
    7.7178997803E+03    1.3371375477E-07
    7.7278997803E+03    9.3375243246E-08
    7.7378997803E+03    5.8475033094E-08
    7.7478997803E+03    4.5951315178E-08
    7.7578997803E+03    6.7395927551E-08
    7.7678997803E+03    4.1275161891E-08
    7.7778997803E+03    8.1552489098E-08
    7.7878997803E+03    3.0546914395E-08
    7.7978997803E+03    8.2422763070E-08
    7.8078997803E+03    5.4596207776E-08
    7.8178997803E+03    1.0283403400E-07
    7.8278997803E+03    6.3650108370E-08
    7.8378997803E+03    1.0310185695E-07
    7.8478997803E+03    5.3303120019E-08
    7.8578997803E+03    4.1299849635E-08
    7.8678997803E+03    2.1102155582E-08
    7.8778997803E+03    3.0096709681E-08
    7.8878997803E+03    2.7858808532E-08
    7.8978997803E+03    2.1932745247E-08
    7.9078997803E+03    2.2583983611E-08
    7.9178997803E+03    4.9472895072E-08
    7.9278997803E+03    1.3776368090E-08
    7.9378997803E+03    3.1567118977E-08
    7.9478997803E+03    2.5492881982E-08
    7.9578997803E+03    1.8811220420E-08
    7.9678997803E+03    3.3695094155E-08
    7.9778997803E+03    4.7813542977E-08
    7.9878997803E+03    2.7177868412E-08
    7.9978997803E+03    5.4983527090E-08
    8.0078997803E+03    7.0046107684E-08
    8.0178997803E+03    7.2162337143E-08
    8.0278997803E+03    4.0167162079E-08
    8.0378997803E+03    6.6119462629E-08
    8.0478997803E+03    2.0814552334E-08
    8.0578997803E+03    5.3784220094E-08
    8.0678997803E+03    3.9754980830E-08
    8.0778997803E+03    3.0012863217E-08
    8.0878997803E+03    5.1664070064E-08
    8.0978997803E+03    2.7420340772E-08
    8.1078997803E+03    6.4132711718E-08
    8.1178997803E+03    1.0421429776E-08
    8.1278997803E+03    7.2671615758E-08
    8.1378997803E+03    4.9176404670E-08
    8.1478997803E+03    6.9857215214E-08
    8.1578997803E+03    1.0433402982E-07
    8.1678997803E+03    4.8363288289E-08
    8.1778997803E+03    4.5610623438E-08
    8.1878997803E+03    5.7186218921E-08
    8.1978997803E+03    8.4423297124E-08
    8.2078997803E+03    5.1316801075E-08
    8.2178997803E+03    9.5959736403E-08
    8.2278997803E+03    9.8395216548E-08
    8.2378997803E+03    3.7537249608E-08
    8.2478997803E+03    5.2128025500E-08
    8.2578997803E+03    6.6204463475E-08
    8.2678997803E+03    9.2760366717E-09
    8.2778997803E+03    3.4650949876E-08
    8.2878997803E+03    7.4594278816E-08
    8.2978997803E+03    7.4536516859E-08
    8.3078997803E+03    6.2897968035E-08
    8.3178997803E+03    5.8428666576E-08
    8.3278997803E+03    6.7111553346E-08
    8.3378997803E+03    1.0977720576E-07
    8.3478997803E+03    1.2552256248E-07
    8.3578997803E+03    1.4914066912E-07
    8.3678997803E+03    8.7853185577E-08
    8.3778997803E+03    6.3998073469E-08
    8.3878997803E+03    1.2399796635E-07
    8.3978997803E+03    1.3769326689E-07
    8.4078997803E+03    9.7685766946E-08
    8.4178997803E+03    3.8421953709E-08
    8.4278997803E+03    7.9629171472E-08
    8.4378997803E+03    1.0882269628E-07
    8.4478997803E+03    1.0205978742E-07
    8.4578997803E+03    1.3408527883E-07
    8.4678997803E+03    7.3628069533E-08
    8.4778997803E+03    1.1571064460E-07
    8.4878997803E+03    1.4765977158E-07
    8.4978997803E+03    9.6139648270E-08
    8.5078997803E+03    1.1270168634E-07
    8.5178997803E+03    1.3007478615E-07
    8.5278997803E+03    9.5661771115E-08
    8.5378997803E+03    5.1771121511E-08
    8.5478997803E+03    1.7647605792E-07
    8.5578997803E+03    1.5018982405E-07
    8.5678997803E+03    1.4322380644E-07
    8.5778997803E+03    1.1130720739E-07
    8.5878997803E+03    6.0927880446E-09
    8.5978997803E+03    1.1441922063E-07
    8.6078997803E+03    2.0938969548E-07
    8.6178997803E+03    1.8144206619E-07
    8.6278997803E+03    1.5046048494E-07
    8.6378997803E+03    9.2408139098E-08
    8.6478997803E+03    7.9941663782E-08
    8.6578997803E+03    5.2705112092E-08
    8.6678997803E+03    7.7541136731E-08
    8.6778997803E+03    3.0397358554E-11
    8.6878997803E+03    7.2483033058E-08
    8.6978997803E+03    3.0436626311E-11
    8.7078997803E+03    3.0496217211E-11
    8.7178997803E+03    3.0581962743E-11
    8.7278997803E+03    8.4084292977E-08
    8.7378997803E+03    3.0698818740E-11
    8.7478997803E+03    1.0370029393E-07
    8.7578997803E+03    2.8778953445E-07
    8.7678997803E+03    3.4555126148E-07
    8.7778997803E+03    3.0942416465E-11
    8.7878997803E+03    3.0980352180E-11
    8.7978997803E+03    3.5767681925E-07
    8.8078997803E+03    8.4404679135E-08
    8.8178997803E+03    7.6889971158E-08
    8.8278997803E+03    2.9111299824E-07
    8.8378997803E+03    3.0373338483E-07
    8.8478997803E+03    2.4163599334E-07
    8.8578997803E+03    6.5351980667E-07
    8.8678997803E+03    4.3612742348E-07
    8.8778997803E+03    8.2007732854E-09
    8.8878997803E+03    6.3074980978E-07
    8.8978997803E+03    3.1186626390E-11
    8.9078997803E+03    8.8277091351E-07
    8.9178997803E+03    3.1366903665E-11
    8.9278997803E+03    3.1413885890E-11
    8.9378997803E+03    7.9719692589E-07
    8.9478997803E+03    3.1521229086E-11
    8.9578997803E+03    1.4464348140E-06
    8.9678997803E+03    3.1570999918E-11
    8.9778997803E+03    1.3051578602E-07
    8.9878997803E+03    3.9176116895E-08
    8.9978997803E+03    1.1381083862E-07
    9.0078997803E+03    2.0075797473E-08
    9.0178997803E+03    7.3430948708E-08
    9.0278997803E+03    3.0346847894E-08
    9.0378997803E+03    8.4858690315E-08
    9.0478997803E+03    1.3554931376E-07
    9.0578997803E+03    1.3667050808E-07
    9.0678997803E+03    9.5421124635E-08
    9.0778997803E+03    5.9308607810E-08
    9.0878997803E+03    9.6881077697E-08
    9.0978997803E+03    1.1859402686E-07
    9.1078997803E+03    1.8197571139E-08
    9.1178997803E+03    1.1220477107E-07
    9.1278997803E+03    1.8773683730E-07
    9.1378997803E+03    8.1431219795E-08
    9.1478997803E+03    1.3050992529E-07
    9.1578997803E+03    8.2664585030E-08
    9.1678997803E+03    1.3104837512E-07
    9.1778997803E+03    1.1652706419E-07
    9.1878997803E+03    7.0817831432E-08
    9.1978997803E+03    1.5762538469E-07
    9.2078997803E+03    1.1460146712E-07
    9.2178997803E+03    1.2101658374E-07
    9.2278997803E+03    1.6967916337E-07
    9.2378997803E+03    1.1736970177E-07
    9.2478997803E+03    1.5806940028E-07
    9.2578997803E+03    1.4515796208E-07
    9.2678997803E+03    7.5825900138E-08
    9.2778997803E+03    1.7795332814E-07
    9.2878997803E+03    2.3926900503E-07
    9.2978997803E+03    2.4191647427E-07
    9.3078997803E+03    1.2498590642E-07
    9.3178997803E+03    2.1292754291E-07
    9.3278997803E+03    2.4645116570E-07
    9.3378997803E+03    1.4745347517E-07
    9.3478997803E+03    2.1519882783E-07
    9.3578997803E+03    2.2743075026E-07
    9.3678997803E+03    2.4359791256E-07
    9.3778997803E+03    2.0065433099E-07
    9.3878997803E+03    2.4971680904E-07
    9.3978997803E+03    1.6184742336E-07
    9.4078997803E+03    1.8257024944E-07
    9.4178997803E+03    1.5263038270E-07
    9.4278997803E+03    2.1705361920E-07
    9.4378997803E+03    2.0670929072E-07
    9.4478997803E+03    1.5710071793E-07
    9.4578997803E+03    1.1472689594E-07
    9.4678997803E+03    2.2754658351E-07
    9.4778997803E+03    2.3638677110E-07
    9.4878997803E+03    2.3080392865E-07
    9.4978997803E+03    1.4772855994E-07
    9.5078997803E+03    2.5434628470E-07
    9.5178997803E+03    2.2515462633E-07
    9.5278997803E+03    2.5353438721E-07
    9.5378997803E+03    3.0881855368E-07
    9.5478997803E+03    2.3451449556E-07
    9.5578997803E+03    2.3305642973E-07
    9.5678997803E+03    2.5533519725E-07
    9.5778997803E+03    3.3798473387E-07
    9.5878997803E+03    2.7096867878E-07
    9.5978997803E+03    2.0080940429E-07
    9.6078997803E+03    2.2426574157E-07
    9.6178997803E+03    2.4054197158E-07
    9.6278997803E+03    1.3880899592E-07
    9.6378997803E+03    2.1536164239E-07
    9.6478997803E+03    2.0419032572E-07
    9.6578997803E+03    2.6294720961E-07
    9.6678997803E+03    2.2564754503E-07
    9.6778997803E+03    1.8253350604E-07
    9.6878997803E+03    3.1260444812E-07
    9.6978997803E+03    2.6938455416E-07
    9.7078997803E+03    2.4505049304E-07
    9.7178997803E+03    2.7655420450E-07
    9.7278997803E+03    3.1377938128E-07
    9.7378997803E+03    2.1868121498E-07
    9.7478997803E+03    2.2176366288E-07
    9.7578997803E+03    2.7472344146E-07
    9.7678997803E+03    2.2796111381E-07
    9.7778997803E+03    1.7769274568E-07
    9.7878997803E+03    1.1309513880E-07
    9.7978997803E+03    2.1591695068E-07
    9.8078997803E+03    1.9260215416E-07
    9.8178997803E+03    2.2439612875E-07
    9.8278997803E+03    1.3886565674E-07
    9.8378997803E+03    1.5933922147E-07
    9.8478997803E+03    1.9137873893E-07
    9.8578997803E+03    2.2365589026E-07
    9.8678997803E+03    2.9082136628E-07
    9.8778997803E+03    1.4266107928E-07
    9.8878997803E+03    2.4112604795E-07
    9.8978997803E+03    2.9616005377E-07
    9.9078997803E+03    2.4799053154E-07
    9.9178997803E+03    1.9732000195E-07
    9.9278997803E+03    2.1499240552E-07
    9.9378997803E+03    2.3013087679E-07
    9.9478997803E+03    2.5813850315E-07
    9.9578997803E+03    2.5516214577E-07
    9.9678997803E+03    2.3422393381E-07
    9.9778997803E+03    2.4494375264E-07
    9.9878997803E+03    1.5212521055E-06
    9.9978997803E+03    1.3163414965E-06
    1.0007899780E+04    1.9090719685E-06
    1.0017899780E+04    1.6121112817E-06
    1.0027899780E+04    1.5847456252E-06
    1.0037899780E+04    1.8864143120E-06
    1.0047899780E+04    1.4836154214E-06
    1.0057899780E+04    1.6300186093E-06
    1.0067899780E+04    9.9782205821E-07
    1.0077899780E+04    1.4388756883E-06
    1.0087899780E+04    1.3678919869E-06
    1.0097899780E+04    1.5698043986E-06
    1.0107899780E+04    1.5579946474E-06
    1.0117899780E+04    1.1372113763E-06
    1.0127899780E+04    1.4511357707E-06
    1.0137899780E+04    1.5155095565E-06
    1.0147899780E+04    2.0226732011E-06
    1.0157899780E+04    1.5808682002E-06
    1.0167899780E+04    1.7945571749E-06
    1.0177899780E+04    1.4512291183E-06
    1.0187899780E+04    1.8138497241E-06
    1.0197899780E+04    1.5621661647E-06
    1.0207899780E+04    1.3783723365E-06
    1.0217899780E+04    1.5553409299E-06
    1.0227899780E+04    1.5740010394E-06
    1.0237899780E+04    1.4861592789E-06
    1.0247900391E+04    1.4741384943E-06
    1.0257900391E+04    1.3152988262E-06
    1.0267900391E+04    1.3816544240E-06
    1.0277900391E+04    1.3487433788E-06
    1.0287900391E+04    1.2478117231E-06
    1.0297900391E+04    1.5184217236E-06
    1.0307900391E+04    1.3414599546E-06
    1.0317900391E+04    1.3440634191E-06
    1.0327900391E+04    1.0035545674E-06
    1.0337900391E+04    1.2030908458E-06
    1.0347900391E+04    1.3034275453E-06
    1.0357900391E+04    1.1852019973E-06
    1.0367900391E+04    1.4360150944E-06
    1.0377900391E+04    1.4386686368E-06
    1.0387900391E+04    1.3628994681E-06
    1.0397900391E+04    1.0900701485E-06
    1.0407900391E+04    9.5245254706E-07
    1.0417900391E+04    8.4472540691E-07
    1.0427900391E+04    1.2198905233E-06
    1.0437900391E+04    1.3633400329E-06
    1.0447900391E+04    1.2478855621E-06
    1.0457900391E+04    1.2905268755E-06
    1.0467900391E+04    1.4493717716E-06
    1.0477900391E+04    1.2199022509E-06
    1.0487900391E+04    1.2375964750E-06
    1.0497900391E+04    3.2962004539E-07
    1.0507900391E+04    9.7183966470E-07
    1.0517900391E+04    8.3767184949E-07
    1.0527900391E+04    9.9541493434E-07
    1.0537900391E+04    1.0489473834E-06
    1.0547900391E+04    1.2787178541E-06
    1.0557900391E+04    1.0033368306E-06
    1.0567900391E+04    1.1138867717E-06
    1.0577900391E+04    1.2450546713E-06
    1.0587900391E+04    8.2546167848E-07
    1.0597900391E+04    1.3868394511E-06
    1.0607900391E+04    1.2232359051E-06
    1.0617900391E+04    1.2519742648E-06
    1.0627900391E+04    7.1206366752E-07
    1.0637900391E+04    1.0056762605E-06
    1.0647900391E+04    9.2290955574E-07
    1.0657900391E+04    1.1429212720E-06
    1.0667900391E+04    1.5526236580E-06
    1.0677900391E+04    1.2573112096E-06
    1.0687900391E+04    1.0029138145E-06
    1.0697900391E+04    9.6031900437E-07
    1.0707900391E+04    9.5278362155E-07
    1.0717900391E+04    9.2139681124E-07
    1.0727900391E+04    8.4391060891E-07
    1.0737900391E+04    1.0411562656E-06
    1.0747900391E+04    9.1923329444E-07
    1.0757900391E+04    7.4501433083E-07
    1.0767900391E+04    1.4169905774E-06
    1.0777900391E+04    8.2247129973E-07
    1.0787900391E+04    9.0108825822E-07
    1.0797900391E+04    1.2589574040E-06
    1.0807900391E+04    1.1048322600E-06
    1.0817900391E+04    1.2831231728E-06
    1.0827900391E+04    8.6933135448E-07
    1.0837900391E+04    1.2117507915E-06
    1.0847900391E+04    1.2117406127E-06
    1.0857900391E+04    6.4401737888E-07
    1.0867900391E+04    8.9936313356E-07
    1.0877900391E+04    1.0301377709E-06
    1.0887900391E+04    1.0666737387E-06
    1.0897900391E+04    5.9568475581E-07
    1.0907900391E+04    8.1081684801E-07
    1.0917900391E+04    8.7025647863E-07
    1.0927900391E+04    1.3640112490E-06
    1.0937900391E+04    1.1904078381E-06
    1.0947900391E+04    9.9268692833E-07
    1.0957900391E+04    1.1267189997E-06
    1.0967900391E+04    9.0392386587E-07
    1.0977900391E+04    1.2242044395E-06
    1.0987900391E+04    9.2021637098E-07
    1.0997900391E+04    6.2570640711E-07
    1.1007900391E+04    1.1765552224E-06
    1.1017900391E+04    1.2021188816E-06
    1.1027900391E+04    7.8390673719E-07
    1.1037900391E+04    5.3522187855E-07
    1.1047900391E+04    1.2653832656E-06
    1.1057900391E+04    1.0258831386E-06
    1.1067900391E+04    1.0401940672E-06
    1.1077900391E+04    1.0670960732E-06
    1.1087900391E+04    1.1674229868E-06
    1.1097900391E+04    8.7486149606E-07
    1.1107900391E+04    8.5883419233E-07
    1.1117900391E+04    1.1376002248E-06
    1.1127900391E+04    6.9773987216E-07
    1.1137900391E+04    7.4356203981E-07
    1.1147900391E+04    1.2130334249E-06
    1.1157900391E+04    8.4941285009E-07
    1.1167900391E+04    1.2410149633E-06
    1.1177900391E+04    1.0093047255E-06
    1.1187900391E+04    1.0562358111E-06
    1.1197900391E+04    6.8726109234E-07
    1.1207900391E+04    6.2862175904E-07
    1.1217900391E+04    7.1192073053E-07
    1.1227900391E+04    1.0052163140E-06
    1.1237900391E+04    9.9272179269E-07
    1.1247900391E+04    7.1838281531E-07
    1.1257900391E+04    7.7822454100E-07
    1.1267900391E+04    8.6412477036E-07
    1.1277900391E+04    8.3527843275E-07
    1.1287900391E+04    1.0473623615E-06
    1.1297900391E+04    1.1384152950E-06
    1.1307900391E+04    1.1788006063E-06
    1.1317900391E+04    1.0690086317E-06
    1.1327900391E+04    1.1590269091E-06
    1.1337900391E+04    9.3925823424E-07
    1.1347900391E+04    1.3162316359E-06
    1.1357900391E+04    7.8588985789E-07
    1.1367900391E+04    9.9446992960E-07
    1.1377900391E+04    6.7469297449E-07
    1.1387900391E+04    1.0116036469E-06
    1.1397900391E+04    1.1802753862E-06
    1.1407900391E+04    1.1204283048E-06
    1.1417900391E+04    7.4456085701E-07
    1.1427900391E+04    1.0092096284E-06
    1.1437900391E+04    1.0348597940E-06
    1.1447900391E+04    9.2671750813E-07
    1.1457900391E+04    8.3217301495E-07
    1.1467900391E+04    1.1208062552E-06
    1.1477900391E+04    1.0169423942E-06
    1.1487900391E+04    8.7982033028E-07
    1.1497900391E+04    6.0790245270E-07
    1.1507900391E+04    9.0126760240E-07
    1.1517900391E+04    8.8195457387E-07
    1.1527900391E+04    1.2060032433E-06
    1.1537900391E+04    1.3252475756E-06
    1.1547900391E+04    1.1315451986E-06
    1.1557900391E+04    1.4220662183E-06
    1.1567900391E+04    1.2123224660E-06
    1.1577900391E+04    8.1132935680E-07
    1.1587900391E+04    1.1604997896E-06
    1.1597900391E+04    7.6939120173E-07
    1.1607900391E+04    1.1100407253E-06
    1.1617900391E+04    8.0819582220E-07
    1.1627900391E+04    1.2218465917E-06
    1.1637900391E+04    8.9851959461E-07
    1.1647900391E+04    1.0434579090E-06
    1.1657900391E+04    7.4301587603E-07
    1.1667900391E+04    1.1041548879E-06
    1.1677900391E+04    5.8959987873E-07
    1.1687900391E+04    8.8629116959E-07
    1.1697900391E+04    1.1500122107E-06
    1.1707900391E+04    9.1521255559E-07
    1.1717900391E+04    9.1640318285E-07
    1.1727900391E+04    1.2174877830E-06
    1.1737900391E+04    8.9375137853E-07
    1.1747900391E+04    1.1693542955E-06
    1.1757900391E+04    1.3133353221E-06
    1.1767900391E+04    1.4324798976E-06
    1.1777900391E+04    1.0977440216E-06
    1.1787900391E+04    9.9415210319E-07
    1.1797900391E+04    1.0685408971E-06
    1.1807900391E+04    9.1189444666E-07
    1.1817900391E+04    1.0725655725E-06
    1.1827900391E+04    8.3637841972E-07
    1.1837900391E+04    9.8963187525E-07
    1.1847900391E+04    7.7781683589E-07
    1.1857900391E+04    7.4710101660E-07
    1.1867900391E+04    1.0998390389E-06
    1.1877900391E+04    1.1809778010E-06
    1.1887900391E+04    1.1336329163E-06
    1.1897900391E+04    1.2529603376E-06
    1.1907900391E+04    1.2160242404E-06
    1.1917900391E+04    9.2220477429E-07
    1.1927900391E+04    9.6932894823E-07
    1.1937900391E+04    1.2636309325E-06
    1.1947900391E+04    7.5348419863E-07
    1.1957900391E+04    1.3012374236E-06
    1.1967900391E+04    1.3484002613E-06
    1.1977900391E+04    8.2022790282E-07
    1.1987900391E+04    1.4013851064E-06
    1.1997900391E+04    1.3049501158E-06
    1.2007900391E+04    1.2342506457E-06
    1.2017900391E+04    9.4413042988E-07
    1.2027900391E+04    1.3204906905E-06
    1.2037900391E+04    7.7815721032E-07
    1.2047900391E+04    1.3240093731E-06
    1.2057900391E+04    1.1059009488E-06
    1.2067900391E+04    1.1981347643E-06
    1.2077900391E+04    8.4476682815E-07
    1.2087900391E+04    1.1121532297E-06
    1.2097900391E+04    1.2942445568E-06
    1.2107900391E+04    8.3298788779E-07
    1.2117900391E+04    1.1872767827E-06
    1.2127900391E+04    1.1594963021E-06
    1.2137900391E+04    1.0398598386E-06
    1.2147900391E+04    1.5166834765E-06
    1.2157900391E+04    1.2445020742E-06
    1.2167900391E+04    1.1586506864E-06
    1.2177900391E+04    1.3743154627E-06
    1.2187900391E+04    1.5954980775E-06
    1.2197900391E+04    1.4718970184E-06
    1.2207900391E+04    1.4619992587E-06
    1.2217900391E+04    1.7000753941E-06
    1.2227900391E+04    1.7189475030E-06
    1.2237900391E+04    1.8578329777E-06
    1.2247900391E+04    1.6477035731E-06
    1.2257900391E+04    1.6293442345E-06
    1.2267900391E+04    1.8421554725E-06
    1.2277900391E+04    1.3990593346E-06
    1.2287900391E+04    1.6977238173E-06
    1.2297900391E+04    1.7726273801E-06
    1.2307900391E+04    2.0895642888E-06
    1.2317900391E+04    1.8253683755E-06
    1.2327900391E+04    1.5980662354E-06
    1.2337900391E+04    2.0276344732E-06
    1.2347900391E+04    2.3281747367E-06
    1.2357900391E+04    2.2909238703E-06
    1.2367900391E+04    2.6400563091E-06
    1.2377900391E+04    2.4299022496E-06
    1.2387900391E+04    2.2615204845E-06
    1.2397900391E+04    2.8146021020E-06
    1.2407900391E+04    2.4474362083E-06
    1.2417900391E+04    3.3541296502E-06
    1.2427900391E+04    3.5340313561E-06
    1.2437900391E+04    3.0561269243E-06
    1.2447900391E+04    3.4720820353E-06
    1.2457900391E+04    3.5439600702E-06
    1.2467900391E+04    3.9868514842E-06
    1.2477900391E+04    4.3160307284E-06
    1.2487900391E+04    4.5058972340E-06
    1.2497900391E+04    4.8236933020E-06
    1.2507900391E+04    5.1610702041E-06
    1.2517900391E+04    5.9509546679E-06
    1.2527900391E+04    6.5714415249E-06
    1.2537900391E+04    6.3686475405E-06
    1.2547900391E+04    7.5677421677E-06
    1.2557900391E+04    8.3336080054E-06
    1.2567900391E+04    8.9626156948E-06
    1.2577900391E+04    9.4980594417E-06
    1.2587900391E+04    1.0227593538E-05
    1.2597900391E+04    1.1157096177E-05
    1.2607900391E+04    1.2404524625E-05
    1.2617900391E+04    1.3501965467E-05
    1.2627900391E+04    1.4801123404E-05
    1.2637900391E+04    1.6168715562E-05
    1.2647900391E+04    1.7772647068E-05
    1.2657900391E+04    1.9803382647E-05
    1.2667900391E+04    2.1836629989E-05
    1.2677900391E+04    2.4425192763E-05
    1.2687900391E+04    2.7161232534E-05
    1.2697900391E+04    2.9442142194E-05
    1.2707900391E+04    3.3348495031E-05
    1.2717900391E+04    3.7068352440E-05
    1.2727900391E+04    4.2090989847E-05
    1.2737900391E+04    4.6978533120E-05
    1.2747900391E+04    5.3220097142E-05
    1.2757900391E+04    6.0628637613E-05
    1.2767900391E+04    6.8649924960E-05
    1.2777900391E+04    7.8170778371E-05
    1.2787900391E+04    8.9290883841E-05
    1.2797900391E+04    1.0212973841E-04
    1.2807900391E+04    1.1744801384E-04
    1.2817900391E+04    1.3458212018E-04
    1.2827900391E+04    1.5436867824E-04
    1.2837900391E+04    1.7756344738E-04
    1.2847900391E+04    2.0346866961E-04
    1.2857900391E+04    2.3340153159E-04
    1.2867900391E+04    2.6966601607E-04
    1.2877900391E+04    3.0861113370E-04
    1.2887900391E+04    3.5764470146E-04
    1.2897900391E+04    4.1292728862E-04
    1.2907900391E+04    4.7644274754E-04
    1.2917900391E+04    5.5068663186E-04
    1.2927900391E+04    6.4757137100E-04
    1.2937900391E+04    7.5074035266E-04
    1.2947900391E+04    8.7664838410E-04
    1.2957900391E+04    1.0424306077E-03
    1.2967900391E+04    1.2292814213E-03
    1.2977900391E+04    1.4564234896E-03
    1.2987900391E+04    1.7500103327E-03
    1.2997900391E+04    2.1026462127E-03
    1.3007900391E+04    2.5221508650E-03
    1.3017900391E+04    3.0689993176E-03
    1.3027900391E+04    3.7264330648E-03
    1.3037900391E+04    4.5156762511E-03
    1.3047900391E+04    5.5022719107E-03
    1.3057900391E+04    6.7506684379E-03
    1.3067900391E+04    8.0961968880E-03
    1.3077900391E+04    9.2853530256E-03
    1.3087900391E+04    1.0350755740E-02
    1.3097900391E+04    1.0903836407E-02
    1.3107900391E+04    1.1925063605E-02
    1.3117900391E+04    1.3416605911E-02
    1.3127900391E+04    1.4758298095E-02
    1.3137900391E+04    1.6348912997E-02
    1.3147900391E+04    1.8654167752E-02
    1.3157900391E+04    2.0574164472E-02
    1.3167900391E+04    2.3435431028E-02
    1.3177900391E+04    2.6439052657E-02
    1.3187900391E+04    3.0494161004E-02
    1.3197900391E+04    3.4503523581E-02
    1.3207900391E+04    4.1046638260E-02
    1.3217900391E+04    4.8312559837E-02
    1.3227900391E+04    5.7154981784E-02
    1.3237900391E+04    6.6616739382E-02
    1.3247900391E+04    7.9550841449E-02
    1.3257900391E+04    9.2218502458E-02
    1.3267900391E+04    1.0769406146E-01
    1.3277900391E+04    1.2461788336E-01
    1.3287900391E+04    1.4444341072E-01
    1.3297900391E+04    1.6621984491E-01
    1.3307900391E+04    1.9094715037E-01
    1.3317900391E+04    2.1564794598E-01
    1.3327900391E+04    2.4163571212E-01
    1.3337900391E+04    2.6730786335E-01
    1.3347900391E+04    2.8972016314E-01
    1.3357900391E+04    3.1245756862E-01
    1.3367900391E+04    3.3011636775E-01
    1.3377900391E+04    3.4543791266E-01
    1.3387900391E+04    3.5704555597E-01
    1.3397900391E+04    3.6680940098E-01
    1.3407900391E+04    3.7356077348E-01
    1.3417900391E+04    3.7755995510E-01
    1.3427900391E+04    3.8059509377E-01
    1.3437900391E+04    3.8427782176E-01
    1.3447900391E+04    3.8395145944E-01
    1.3457900391E+04    3.8464360310E-01
    1.3467900391E+04    3.8813420912E-01
    1.3477900391E+04    3.8791122190E-01
    1.3487900391E+04    3.8929453596E-01
    1.3497900391E+04    3.9000787444E-01
    1.3507900391E+04    3.9155522444E-01
    1.3517900391E+04    3.9303770513E-01
    1.3527900391E+04    3.9326694842E-01
    1.3537900391E+04    3.9411298517E-01
    1.3547900391E+04    3.9357760068E-01
    1.3557900391E+04    3.9392729774E-01
    1.3567900391E+04    3.9429739032E-01
    1.3577900391E+04    3.9361687696E-01
    1.3587900391E+04    3.9354070668E-01
    1.3597900391E+04    3.9352391244E-01
    1.3607900391E+04    3.9275474990E-01
    1.3617900391E+04    3.9270622199E-01
    1.3627900391E+04    3.9056620141E-01
    1.3637900391E+04    3.9254093247E-01
    1.3647900391E+04    3.9159177745E-01
    1.3657900391E+04    3.9105383851E-01
    1.3667900391E+04    3.8992528357E-01
    1.3677900391E+04    3.8885390495E-01
    1.3687900391E+04    3.9096572872E-01
    1.3697900391E+04    3.8951243029E-01
    1.3707900391E+04    3.9063148415E-01
    1.3717900391E+04    3.9124222946E-01
    1.3727900391E+04    3.8944281665E-01
    1.3737900391E+04    3.8995151551E-01
    1.3747900391E+04    3.8987886212E-01
    1.3757900391E+04    3.8935434963E-01
    1.3767900391E+04    3.8962783156E-01
    1.3777900391E+04    3.8993325209E-01
    1.3787900391E+04    3.8903156184E-01
    1.3797900391E+04    3.8835990158E-01
    1.3807900391E+04    3.8858351271E-01
    1.3817900391E+04    3.8864599914E-01
    1.3827900391E+04    3.8924798402E-01
    1.3837900391E+04    3.8900414709E-01
    1.3847900391E+04    3.8961933464E-01
    1.3857900391E+04    3.8874515902E-01
    1.3867900391E+04    3.8947898682E-01
    1.3877900391E+04    3.8874241377E-01
    1.3887900391E+04    3.8874813224E-01
    1.3897900391E+04    3.8899895035E-01
    1.3907900391E+04    3.8941231417E-01
    1.3917900391E+04    3.8950482565E-01
    1.3927900391E+04    3.9051301968E-01
    1.3937900391E+04    3.9085610274E-01
    1.3947900391E+04    3.9087724343E-01
    1.3957900391E+04    3.9266048094E-01
    1.3967900391E+04    3.9276470994E-01
    1.3977900391E+04    3.9418611984E-01
    1.3987900391E+04    3.9473486728E-01
    1.3997900391E+04    3.9622327213E-01
    1.4007900391E+04    3.9718291226E-01
    1.4017900391E+04    3.9835760097E-01
    1.4027900391E+04    3.9954169539E-01
    1.4037900391E+04    3.9965677547E-01
    1.4047900391E+04    4.0006922055E-01
    1.4057900391E+04    4.0193440595E-01
    1.4067900391E+04    4.0282629154E-01
    1.4077900391E+04    4.0246514858E-01
    1.4087900391E+04    4.0502437478E-01
    1.4097900391E+04    4.0527990062E-01
    1.4107900391E+04    4.0450307509E-01
    1.4117900391E+04    4.0559485657E-01
    1.4127900391E+04    4.0680264343E-01
    1.4137900391E+04    4.0757854808E-01
    1.4147900391E+04    4.0758963632E-01
    1.4157900391E+04    4.0838493227E-01
    1.4167900391E+04    4.0973452284E-01
    1.4177900391E+04    4.1005559411E-01
    1.4187900391E+04    4.1073328986E-01
    1.4197900391E+04    4.1072235252E-01
    1.4207900391E+04    4.1084328072E-01
    1.4217900391E+04    4.1394078242E-01
    1.4227900391E+04    4.1193322668E-01
    1.4237900391E+04    4.1375551543E-01
    1.4247900391E+04    4.1381568064E-01
    1.4257900391E+04    4.1209584277E-01
    1.4267900391E+04    4.1506097558E-01
    1.4277900391E+04    4.1428420018E-01
    1.4287900391E+04    4.1469033608E-01
    1.4297900391E+04    4.1708135339E-01
    1.4307900391E+04    4.1608504852E-01
    1.4317900391E+04    4.1688331533E-01
    1.4327900391E+04    4.1599971350E-01
    1.4337900391E+04    4.1765140214E-01
    1.4347900391E+04    4.1769873391E-01
    1.4357900391E+04    4.1582957462E-01
    1.4367900391E+04    4.1698697749E-01
    1.4377900391E+04    4.1841000091E-01
    1.4387900391E+04    4.1806054460E-01
    1.4397900391E+04    4.1894946492E-01
    1.4407900391E+04    4.1893460333E-01
    1.4417900391E+04    4.1844754747E-01
    1.4427900391E+04    4.1872114343E-01
    1.4437900391E+04    4.2050382641E-01
    1.4447900391E+04    4.2057138450E-01
    1.4457900391E+04    4.1900312431E-01
    1.4467900391E+04    4.1997875506E-01
    1.4477900391E+04    4.2027389456E-01
    1.4487900391E+04    4.2054250553E-01
    1.4497900391E+04    4.1860682760E-01
    1.4507900391E+04    4.1990459425E-01
    1.4517900391E+04    4.2031840626E-01
    1.4527900391E+04    4.1916112633E-01
    1.4537900391E+04    4.1860989658E-01
    1.4547900391E+04    4.1761891800E-01
    1.4557900391E+04    4.1875920580E-01
    1.4567900391E+04    4.1838629478E-01
    1.4577900391E+04    4.1782005694E-01
    1.4587900391E+04    4.1814585181E-01
    1.4597900391E+04    4.1720207131E-01
    1.4607900391E+04    4.1603222455E-01
    1.4617900391E+04    4.1407760956E-01
    1.4627900391E+04    4.1343369462E-01
    1.4637900391E+04    4.1256730148E-01
    1.4647900391E+04    4.1298185630E-01
    1.4657900391E+04    4.1365052853E-01
    1.4667900391E+04    4.1122699128E-01
    1.4677900391E+04    4.1151868393E-01
    1.4687900391E+04    4.1142473760E-01
    1.4697900391E+04    4.1003367297E-01
    1.4707900391E+04    4.0824009927E-01
    1.4717900391E+04    4.0921928172E-01
    1.4727900391E+04    4.0964434936E-01
    1.4737900391E+04    4.0858761642E-01
    1.4747900391E+04    4.0970285789E-01
    1.4757900391E+04    4.0866682835E-01
    1.4767900391E+04    4.0764494320E-01
    1.4777900391E+04    4.1017131179E-01
    1.4787900391E+04    4.0974722574E-01
    1.4797900391E+04    4.0995591722E-01
    1.4807900391E+04    4.0902113595E-01
    1.4817900391E+04    4.1134349744E-01
    1.4827900391E+04    4.1086221016E-01
    1.4837900391E+04    4.1062664652E-01
    1.4847900391E+04    4.1172858420E-01
    1.4857900391E+04    4.1522081196E-01
    1.4867900391E+04    4.1437579664E-01
    1.4877900391E+04    4.1568119072E-01
    1.4887900391E+04    4.1607486740E-01
    1.4897900391E+04    4.1658474201E-01
    1.4907900391E+04    4.1810806489E-01
    1.4917900391E+04    4.1886413489E-01
    1.4927900391E+04    4.1991960254E-01
    1.4937900391E+04    4.1986777778E-01
    1.4947900391E+04    4.2203815362E-01
    1.4957900391E+04    4.2320792700E-01
    1.4967900391E+04    4.2422335086E-01
    1.4977900391E+04    4.2412607243E-01
    1.4987900391E+04    4.2512982377E-01
    1.4997900391E+04    4.2689252043E-01
    1.5007900391E+04    4.2874602634E-01
    1.5017900391E+04    4.2832230488E-01
    1.5027900391E+04    4.2921111678E-01
    1.5037900391E+04    4.3034463150E-01
    1.5047900391E+04    4.2993948348E-01
    1.5057900391E+04    4.3143800632E-01
    1.5067900391E+04    4.3204205505E-01
    1.5077900391E+04    4.3296225678E-01
    1.5087900391E+04    4.3434557065E-01
    1.5097900391E+04    4.3553110731E-01
    1.5107900391E+04    4.3542795635E-01
    1.5117900391E+04    4.3576450980E-01
    1.5127900391E+04    4.3693682585E-01
    1.5137900391E+04    4.3787239960E-01
    1.5147900391E+04    4.3558028911E-01
    1.5157900391E+04    4.3692526390E-01
    1.5167900391E+04    4.3578504954E-01
    1.5177900391E+04    4.3750731328E-01
    1.5187900391E+04    4.3684367108E-01
    1.5197900391E+04    4.3723629552E-01
    1.5207900391E+04    4.3650395326E-01
    1.5217900391E+04    4.3670064294E-01
    1.5227900391E+04    4.3669486026E-01
    1.5237900391E+04    4.3796572247E-01
    1.5247900391E+04    4.3616133676E-01
    1.5257900391E+04    4.3689452005E-01
    1.5267900391E+04    4.3636396913E-01
    1.5277900391E+04    4.3634572559E-01
    1.5287900391E+04    4.3638490634E-01
    1.5297900391E+04    4.3363965747E-01
    1.5307900391E+04    4.3636141482E-01
    1.5317900391E+04    4.3466724898E-01
    1.5327900391E+04    4.3347236499E-01
    1.5337900391E+04    4.3135895589E-01
    1.5347900391E+04    4.3443599748E-01
    1.5357900391E+04    4.3321990530E-01
    1.5367900391E+04    4.3235901642E-01
    1.5377900391E+04    4.3271640354E-01
    1.5387900391E+04    4.3234792267E-01
    1.5397900391E+04    4.3096549824E-01
    1.5407900391E+04    4.3052657212E-01
    1.5417900391E+04    4.3080200731E-01
    1.5427900391E+04    4.3026613406E-01
    1.5437900391E+04    4.2969778685E-01
    1.5447900391E+04    4.3184225953E-01
    1.5457900391E+04    4.2910675460E-01
    1.5467900391E+04    4.2917713104E-01
    1.5477900391E+04    4.2871209385E-01
    1.5487900391E+04    4.3068341075E-01
    1.5497900391E+04    4.2928658677E-01
    1.5507900391E+04    4.2881742446E-01
    1.5517900391E+04    4.2586248726E-01
    1.5527900391E+04    4.2749360750E-01
    1.5537900391E+04    4.2643590443E-01
    1.5547900391E+04    4.2620350553E-01
    1.5557900391E+04    4.2523705035E-01
    1.5567900391E+04    4.2375320638E-01
    1.5577900391E+04    4.2327794772E-01
    1.5587900391E+04    4.2323211282E-01
    1.5597900391E+04    4.2273827927E-01
    1.5607900391E+04    4.2116892775E-01
    1.5617900391E+04    4.2234334044E-01
    1.5627900391E+04    4.2018152323E-01
    1.5637900391E+04    4.2197774746E-01
    1.5647900391E+04    4.2182365257E-01
    1.5657900391E+04    4.2168931873E-01
    1.5667900391E+04    4.2269338719E-01
    1.5677900391E+04    4.2151450058E-01
    1.5687900391E+04    4.2303452495E-01
    1.5697900391E+04    4.2467188239E-01
    1.5707900391E+04    4.2396174222E-01
    1.5717900391E+04    4.2642658702E-01
    1.5727900391E+04    4.2860569506E-01
    1.5737900391E+04    4.2871181332E-01
    1.5747900391E+04    4.2976259222E-01
    1.5757900391E+04    4.2915197893E-01
    1.5767900391E+04    4.3172538878E-01
    1.5777900391E+04    4.3250698157E-01
    1.5787900391E+04    4.3275769691E-01
    1.5797900391E+04    4.3516980003E-01
    1.5807900391E+04    4.3720971357E-01
    1.5817900391E+04    4.3677803346E-01
    1.5827900391E+04    4.3774218732E-01
    1.5837900391E+04    4.4011985921E-01
    1.5847900391E+04    4.4068179547E-01
    1.5857900391E+04    4.4210771289E-01
    1.5867900391E+04    4.4025721909E-01
    1.5877900391E+04    4.4272533157E-01
    1.5887900391E+04    4.4181063536E-01
    1.5897900391E+04    4.4442393222E-01
    1.5907900391E+04    4.4334341055E-01
    1.5917900391E+04    4.4454256940E-01
    1.5927900391E+04    4.4415020605E-01
    1.5937900391E+04    4.4424542569E-01
    1.5947900391E+04    4.4411120719E-01
    1.5957900391E+04    4.4315883842E-01
    1.5967900391E+04    4.4622052981E-01
    1.5977900391E+04    4.4536977549E-01
    1.5987900391E+04    4.4560567515E-01
    1.5997900391E+04    4.4426882422E-01
    1.6007900391E+04    4.4776194932E-01
    1.6017900391E+04    4.4514175552E-01
    1.6027900391E+04    4.4609887638E-01
    1.6037900391E+04    4.4568083534E-01
    1.6047900391E+04    4.4873787375E-01
    1.6057900391E+04    4.4840012689E-01
    1.6067900391E+04    4.4777220617E-01
    1.6077900391E+04    4.4608689698E-01
    1.6087900391E+04    4.4782995920E-01
    1.6097900391E+04    4.4848752455E-01
    1.6107900391E+04    4.4776671224E-01
    1.6117900391E+04    4.4828179607E-01
    1.6127900391E+04    4.4704331340E-01
    1.6137900391E+04    4.4830753238E-01
    1.6147900391E+04    4.4930156712E-01
    1.6157900391E+04    4.4850539344E-01
    1.6167900391E+04    4.4945995775E-01
    1.6177900391E+04    4.4934068174E-01
    1.6187900391E+04    4.4545258394E-01
    1.6197900391E+04    4.4726473995E-01
    1.6207900391E+04    4.4438663729E-01
    1.6217900391E+04    4.4621199604E-01
    1.6227900391E+04    4.4340636338E-01
    1.6237900391E+04    4.4441759862E-01
    1.6247900391E+04    4.4317282160E-01
    1.6257900391E+04    4.4166060683E-01
    1.6267900391E+04    4.4033744138E-01
    1.6277900391E+04    4.4165191008E-01
    1.6287900391E+04    4.3871134962E-01
    1.6297900391E+04    4.3776273509E-01
    1.6307900391E+04    4.3716559431E-01
    1.6317900391E+04    4.3720001224E-01
    1.6327900391E+04    4.3864059363E-01
    1.6337900391E+04    4.3725864301E-01
    1.6347900391E+04    4.3819088295E-01
    1.6357900391E+04    4.4018291958E-01
    1.6367900391E+04    4.3990446342E-01
    1.6377900391E+04    4.4077577028E-01
    1.6387900391E+04    4.4205396294E-01
    1.6397900391E+04    4.4313129689E-01
    1.6407900391E+04    4.4308964434E-01
    1.6417900391E+04    4.4503447443E-01
    1.6427900391E+04    4.4391254298E-01
    1.6437900391E+04    4.4601432813E-01
    1.6447900391E+04    4.4280661240E-01
    1.6457900391E+04    4.4719863079E-01
    1.6467900391E+04    4.4628382020E-01
    1.6477900391E+04    4.4757531932E-01
    1.6487900391E+04    4.4626066866E-01
    1.6497900391E+04    4.4858854528E-01
    1.6507900391E+04    4.4862333301E-01
    1.6517900391E+04    4.4959284777E-01
    1.6527900391E+04    4.5221383136E-01
    1.6537900391E+04    4.5267852266E-01
    1.6547900391E+04    4.5269502513E-01
    1.6557900391E+04    4.5068442534E-01
    1.6567900391E+04    4.5060968367E-01
    1.6577900391E+04    4.4824325767E-01
    1.6587900391E+04    4.4355793576E-01
    1.6597900391E+04    4.3519933451E-01
    1.6607900391E+04    4.2734309008E-01
    1.6617900391E+04    4.1162335620E-01
    1.6627900391E+04    3.9586594619E-01
    1.6637900391E+04    3.7174844896E-01
    1.6647900391E+04    3.4774271305E-01
    1.6657900391E+04    3.2099699249E-01
    1.6667900391E+04    2.9273963765E-01
    1.6677900391E+04    2.6585613445E-01
    1.6687900391E+04    2.3598711186E-01
    1.6697900391E+04    2.0651265191E-01
    1.6707900391E+04    1.8144454650E-01
    1.6717900391E+04    1.5606070199E-01
    1.6727900391E+04    1.3439248471E-01
    1.6737900391E+04    1.1414193620E-01
    1.6747900391E+04    9.7861310390E-02
    1.6757900391E+04    8.4890324562E-02
    1.6767900391E+04    7.3551782996E-02
    1.6777900391E+04    6.5032526167E-02
    1.6787900391E+04    5.6483746405E-02
    1.6797900391E+04    4.9492140204E-02
    1.6807900391E+04    4.3318991424E-02
    1.6817900391E+04    3.8525467489E-02
    1.6827900391E+04    3.3732496414E-02
    1.6837900391E+04    3.0345558623E-02
    1.6847900391E+04    2.6841665221E-02
    1.6857900391E+04    2.3163493103E-02
    1.6867900391E+04    1.9782360332E-02
    1.6877900391E+04    1.6675347964E-02
    1.6887900391E+04    1.3954783810E-02
    1.6897900391E+04    1.1783169340E-02
    1.6907900391E+04    9.9294283137E-03
    1.6917900391E+04    8.4044992788E-03
    1.6927900391E+04    7.0383997143E-03
    1.6937900391E+04    5.9808714656E-03
    1.6947900391E+04    5.0582264195E-03
    1.6957900391E+04    4.2640454723E-03
    1.6967900391E+04    3.6439209396E-03
    1.6977900391E+04    3.0913363553E-03
    1.6987900391E+04    2.6411991814E-03
    1.6997900391E+04    2.2643824749E-03
    1.7007900391E+04    1.9480431456E-03
    1.7017900391E+04    1.6703995847E-03
    1.7027900391E+04    1.4445587944E-03
    1.7037900391E+04    1.2517158100E-03
    1.7047900391E+04    1.0801226676E-03
    1.7057900391E+04    9.4351831551E-04
    1.7067900391E+04    8.2490966037E-04
    1.7077900391E+04    7.2133035157E-04
    1.7087900391E+04    6.3221096574E-04
    1.7097900391E+04    5.5653470735E-04
    1.7107900391E+04    4.8945387978E-04
    1.7117900391E+04    4.2966806450E-04
    1.7127900391E+04    3.8243724697E-04
    1.7137900391E+04    3.3735037939E-04
    1.7147900391E+04    3.0145895727E-04
    1.7157900391E+04    2.6879451682E-04
    1.7167900391E+04    2.4020821893E-04
    1.7177900391E+04    2.1350300049E-04
    1.7187900391E+04    1.9313975006E-04
    1.7197900391E+04    1.7369096567E-04
    1.7207900391E+04    1.5615921995E-04
    1.7217900391E+04    1.4132484495E-04
    1.7227900391E+04    1.2749707424E-04
    1.7237900391E+04    1.1613261315E-04
    1.7247900391E+04    1.0467637172E-04
    1.7257900391E+04    9.6166054630E-05
    1.7267900391E+04    8.6432188428E-05
    1.7277900391E+04    8.0018617359E-05
    1.7287900391E+04    7.1871222492E-05
    1.7297900391E+04    6.6453315440E-05
    1.7307900391E+04    6.1210840676E-05
    1.7317900391E+04    5.4860915226E-05
    1.7327900391E+04    5.2577968234E-05
    1.7337900391E+04    4.6095091373E-05
    1.7347900391E+04    4.2665081416E-05
    1.7357900391E+04    4.0251738358E-05
    1.7367900391E+04    3.6212262039E-05
    1.7377900391E+04    3.4243613628E-05
    1.7387900391E+04    3.2777093839E-05
    1.7397900391E+04    2.9438773329E-05
    1.7407900391E+04    2.6949234037E-05
    1.7417900391E+04    2.5550110876E-05
    1.7427900391E+04    2.3413274147E-05
    1.7437900391E+04    2.1862971349E-05
    1.7447900391E+04    2.0016182328E-05
    1.7457900391E+04    1.8952362957E-05
    1.7467900391E+04    1.7182111617E-05
    1.7477900391E+04    1.6621090944E-05
    1.7487900391E+04    1.6149468497E-05
    1.7497900391E+04    1.5006884653E-05
    1.7507900391E+04    1.3749718311E-05
    1.7517900391E+04    1.3340033271E-05
    1.7527900391E+04    1.2207725152E-05
    1.7537900391E+04    1.1513009273E-05
    1.7547900391E+04    1.1094190412E-05
    1.7557900391E+04    1.0088471107E-05
    1.7567900391E+04    1.0204382208E-05
    1.7577900391E+04    1.0919425673E-05
    1.7587900391E+04    9.5865113839E-06
    1.7597900391E+04    7.4394861052E-06
    1.7607900391E+04    9.4866877088E-06
    1.7617900391E+04    6.9443420415E-06
    1.7627900391E+04    6.9886424133E-06
    1.7637900391E+04    8.2037488351E-06
    1.7647900391E+04    7.6944268638E-06
    1.7657900391E+04    7.6790391511E-06
    1.7667900391E+04    6.4836285230E-06
    1.7677900391E+04    6.3575522564E-06
    1.7687900391E+04    4.8035948973E-06
    1.7697900391E+04    7.6290598915E-06
    1.7707900391E+04    4.7911603379E-06
    1.7717900391E+04    5.7414524371E-06
    1.7727900391E+04    5.6111997772E-06
    1.7737900391E+04    5.1630026560E-06
    1.7747900391E+04    5.5500163496E-06
    1.7757900391E+04    4.0407704864E-06
    1.7767900391E+04    5.1906745900E-06
    1.7777900391E+04    6.1270629967E-06
    1.7787900391E+04    5.6847349166E-06
    1.7797900391E+04    6.1558234620E-06
    1.7807900391E+04    4.3885465893E-06
    1.7817900391E+04    5.5854307316E-06
    1.7827900391E+04    4.5458882184E-06
    1.7837900391E+04    6.4959539306E-06
    1.7847900391E+04    4.2653503115E-06
    1.7857900391E+04    5.7280649699E-06
    1.7867900391E+04    3.7546175111E-06
    1.7877900391E+04    4.5807378719E-06
    1.7887900391E+04    5.1324673728E-06
    1.7897900391E+04    5.8003769995E-06
    1.7907900391E+04    4.7866453253E-06
    1.7917900391E+04    3.4473968670E-06
    1.7927900391E+04    5.3940551535E-06
    1.7937900391E+04    4.1297792004E-06
    1.7947900391E+04    5.1228981246E-06
    1.7957900391E+04    4.6345341446E-06
    1.7967900391E+04    2.8509852915E-06
    1.7977900391E+04    4.3755011379E-06
    1.7987900391E+04    3.7571498341E-06
    1.7997900391E+04    3.3757884534E-06
    1.8007900391E+04    3.1794016021E-06
    1.8017900391E+04    6.1927830037E-06
    1.8027900391E+04    3.8481628657E-06
    1.8037900391E+04    3.8913022683E-06
    1.8047900391E+04    2.8068072221E-06
    1.8057900391E+04    3.5962425388E-06
    1.8067900391E+04    5.2610654785E-06
    1.8077900391E+04    5.1087241075E-06
    1.8087900391E+04    5.2035370917E-06
    1.8097900391E+04    4.4040454276E-06
    1.8107900391E+04    4.6747525229E-06
    1.8117900391E+04    6.3841739271E-06
    1.8127900391E+04    3.7322369938E-06
    1.8137900391E+04    4.7480372789E-06
    1.8147900391E+04    4.6695549772E-06
    1.8157900391E+04    4.8655721172E-06
    1.8167900391E+04    4.4331506033E-06
    1.8177900391E+04    4.2034177057E-06
    1.8187900391E+04    4.5011850921E-06
    1.8197900391E+04    5.5326797971E-06
    1.8207900391E+04    3.4409769803E-06
    1.8217900391E+04    4.8535989855E-06
    1.8227900391E+04    4.9995742228E-06
    1.8237900391E+04    5.8310341135E-06
    1.8247900391E+04    4.3627606658E-06
    1.8257900391E+04    6.1862138644E-06
    1.8267900391E+04    4.0121323793E-06
    1.8277900391E+04    4.3764979559E-06
    1.8287900391E+04    5.2567615584E-06
    1.8297900391E+04    5.6150189134E-06
    1.8307900391E+04    5.2969212496E-06
    1.8317900391E+04    4.1103037313E-06
    1.8327900391E+04    3.7180067327E-06
    1.8337900391E+04    4.2053313371E-06
    1.8347900391E+04    5.6081911163E-06
    1.8357900391E+04    4.9257017019E-06
    1.8367900391E+04    4.1643914831E-06
    1.8377900391E+04    3.8384483774E-06
    1.8387900391E+04    5.0797311742E-06
    1.8397900391E+04    4.4462079553E-06
    1.8407900391E+04    5.9708260548E-06
    1.8417900391E+04    3.7033234321E-06
    1.8427900391E+04    4.3838487634E-06
    1.8437900391E+04    5.5241363777E-06
    1.8447900391E+04    4.4352766516E-06
    1.8457900391E+04    2.4278330947E-06
    1.8467900391E+04    4.6705877928E-06
    1.8477900391E+04    6.6059427749E-06
    1.8487900391E+04    3.9688007418E-06
    1.8497900391E+04    6.6059616230E-06
    1.8507900391E+04    4.5761236734E-06
    1.8517900391E+04    3.2417295370E-06
    1.8527900391E+04    4.3177734322E-06
    1.8537900391E+04    3.6365622634E-06
    1.8547900391E+04    5.1627703635E-06
    1.8557900391E+04    6.6675181112E-06
    1.8567900391E+04    4.2888019509E-06
    1.8577900391E+04    4.1552954506E-06
    1.8587900391E+04    5.0481109982E-06
    1.8597900391E+04    4.3204983631E-06
    1.8607900391E+04    4.7954033484E-06
    1.8617900391E+04    4.5574832245E-06
    1.8627900391E+04    3.3130617971E-06
    1.8637900391E+04    5.5116038078E-06
    1.8647900391E+04    6.2874468656E-06
    1.8657900391E+04    4.5737995720E-06
    1.8667900391E+04    5.1006709049E-06
    1.8677900391E+04    6.2082074666E-06
    1.8687900391E+04    5.5180839948E-06
    1.8697900391E+04    5.4178686144E-06
    1.8707900391E+04    5.4462530244E-06
    1.8717900391E+04    3.7735258027E-06
    1.8727900391E+04    1.9665511775E-06
    1.8737900391E+04    2.2954451604E-06
    1.8747900391E+04    3.8055390727E-06
    1.8757900391E+04    4.5224844502E-06
    1.8767900391E+04    6.7558289522E-06
    1.8777900391E+04    5.8631810694E-06
    1.8787900391E+04    6.7640458550E-06
    1.8797900391E+04    5.7780509313E-06
    1.8807900391E+04    4.6019198698E-06
    1.8817900391E+04    5.2376614080E-06
    1.8827900391E+04    4.9793651279E-06
    1.8837900391E+04    3.7078401253E-06
    1.8847900391E+04    7.6946583492E-06
    1.8857900391E+04    5.1553097251E-06
    1.8867900391E+04    7.5224680529E-06
    1.8877900391E+04    5.1810399851E-06
    1.8887900391E+04    5.3321792690E-06
    1.8897900391E+04    4.9048211301E-06
    1.8907900391E+04    4.8157046515E-06
    1.8917900391E+04    6.2924774366E-06
    1.8927900391E+04    4.9489030583E-06
    1.8937900391E+04    4.6552607512E-06
    1.8947900391E+04    6.3369453939E-06
    1.8957900391E+04    6.2381456824E-06
    1.8967900391E+04    2.6402307170E-06
    1.8977900391E+04    6.5088214146E-06
    1.8987900391E+04    4.1928125327E-06
    1.8997900391E+04    4.8630604638E-06
    1.9007900391E+04    3.7065841510E-06
    1.9017900391E+04    5.1721562065E-06
    1.9027900391E+04    6.9534096574E-06
    1.9037900391E+04    5.1613660814E-06
    1.9047900391E+04    4.6723078077E-06
    1.9057900391E+04    4.9601869413E-06
    1.9067900391E+04    5.8918047340E-06
    1.9077900391E+04    5.8990897643E-06
    1.9087900391E+04    3.2850109409E-06
    1.9097900391E+04    6.7351773587E-06
    1.9107900391E+04    5.1942562495E-06
    1.9117900391E+04    5.0332153693E-06
    1.9127900391E+04    6.2636971398E-06
    1.9137900391E+04    3.9232736690E-06
    1.9147900391E+04    3.6241252622E-06
    1.9157900391E+04    6.2242304141E-06
    1.9167900391E+04    3.8708836115E-06
    1.9177900391E+04    5.7089160059E-06
    1.9187900391E+04    3.6271315191E-06
    1.9197900391E+04    7.5472115691E-06
    1.9207900391E+04    6.4290077993E-06
    1.9217900391E+04    6.6696885886E-06
    1.9227900391E+04    5.8955273886E-06
    1.9237900391E+04    4.1164006136E-06
    1.9247900391E+04    5.5817810404E-06
    1.9257900391E+04    5.2792343362E-06
    1.9267900391E+04    5.1887142473E-06
    1.9277900391E+04    5.0823216310E-06
    1.9287900391E+04    5.3911473358E-06
    1.9297900391E+04    4.2625536334E-06
    1.9307900391E+04    5.8084510497E-06
    1.9317900391E+04    4.3243498384E-06
    1.9327900391E+04    3.5343473159E-06
    1.9337900391E+04    6.5362342569E-06
    1.9347900391E+04    5.9585518098E-06
    1.9357900391E+04    5.6772351566E-06
    1.9367900391E+04    5.8363563836E-06
    1.9377900391E+04    7.1669591595E-06
    1.9387900391E+04    5.4505548633E-06
    1.9397900391E+04    4.3431747066E-06
    1.9407900391E+04    7.2616872001E-06
    1.9417900391E+04    6.4467066684E-06
    1.9427900391E+04    5.4960099531E-06
    1.9437900391E+04    5.9322135283E-06
    1.9447900391E+04    9.0438776267E-06
    1.9457900391E+04    5.3162716311E-06
    1.9467900391E+04    6.5174452919E-06
    1.9477900391E+04    7.2902859142E-06
    1.9487900391E+04    5.8834416634E-06
    1.9497900391E+04    6.3840387460E-06
    1.9507900391E+04    6.7415082435E-06
    1.9517900391E+04    5.5577780623E-06
    1.9527900391E+04    8.2000563497E-06
    1.9537900391E+04    5.0764041450E-06
    1.9547900391E+04    6.6678705398E-06
    1.9557900391E+04    4.4395693976E-06
    1.9567900391E+04    5.8852308700E-06
    1.9577900391E+04    6.5796103955E-06
    1.9587900391E+04    6.1057342724E-06
    1.9597900391E+04    6.6917879085E-06
    1.9607900391E+04    5.5186602843E-06
    1.9617900391E+04    6.0989349438E-06
    1.9627900391E+04    5.7387376550E-06
    1.9637900391E+04    4.9330999476E-06
    1.9647900391E+04    6.3723684172E-06
    1.9657900391E+04    6.5588394939E-06
    1.9667900391E+04    4.5082186514E-06
    1.9677900391E+04    6.1651248737E-06
    1.9687900391E+04    5.7056980670E-06
    1.9697900391E+04    7.5231935727E-06
    1.9707900391E+04    6.5455878664E-06
    1.9717900391E+04    6.2650771142E-06
    1.9727900391E+04    4.7908300878E-06
    1.9737900391E+04    5.0667328945E-06
    1.9747900391E+04    6.5894142501E-06
    1.9757900391E+04    5.8665426414E-06
    1.9767900391E+04    6.2474965334E-06
    1.9777900391E+04    5.0422787905E-06
    1.9787900391E+04    5.4656493197E-06
    1.9797900391E+04    5.4229848770E-06
    1.9807900391E+04    6.2577925294E-06
    1.9817900391E+04    5.3155755889E-06
    1.9827900391E+04    7.0769347722E-06
    1.9837900391E+04    4.9148003252E-06
    1.9847900391E+04    7.8818173285E-06
    1.9857900391E+04    5.1572437244E-06
    1.9867900391E+04    3.7978272921E-06
    1.9877900391E+04    4.6873672084E-06
    1.9887900391E+04    5.4900115629E-06
    1.9897900391E+04    6.8390258509E-06
    1.9907900391E+04    4.4800795551E-06
    1.9917900391E+04    8.4959229426E-06
    1.9927900391E+04    6.5280199370E-06
    1.9937900391E+04    5.0236857426E-06
    1.9947900391E+04    5.1791582706E-06
    1.9957900391E+04    4.9378486073E-06
    1.9967900391E+04    6.1194249009E-06
    1.9977900391E+04    6.8017961710E-06
    1.9987900391E+04    6.4771011871E-06
    1.9997900391E+04    8.0459423253E-06
    2.0007900391E+04    6.2348670058E-06
    2.0017900391E+04    6.4468023925E-06
    2.0027900391E+04    6.1094913382E-06
    2.0037900391E+04    6.6188819959E-06
    2.0047900391E+04    6.7059780355E-06
    2.0057900391E+04    6.9513325265E-06
    2.0067900391E+04    8.6295977191E-06
    2.0077900391E+04    7.3230089985E-06
    2.0087900391E+04    7.7858950966E-06
    2.0097900391E+04    7.9362240886E-06
    2.0107900391E+04    6.2686454220E-06
    2.0117900391E+04    7.3532091047E-06
    2.0127900391E+04    8.9479929502E-06
    2.0137900391E+04    4.7884410587E-06
    2.0147900391E+04    8.6973325116E-06
    2.0157900391E+04    7.6244898243E-06
    2.0167900391E+04    4.8564794188E-06
    2.0177900391E+04    7.4246424798E-06
    2.0187900391E+04    5.9418526843E-06
    2.0197900391E+04    9.8512356435E-06
    2.0207900391E+04    5.3420502737E-06
    2.0217900391E+04    7.2291136358E-06
    2.0227900391E+04    7.5647078295E-06
    2.0237900391E+04    8.1873200781E-06
    2.0247900391E+04    5.7380852818E-06
    2.0257900391E+04    3.9703713080E-06
    2.0267900391E+04    7.1582550383E-06
    2.0277900391E+04    7.1872369239E-06
    2.0287900391E+04    9.2557241909E-06
    2.0297900391E+04    3.8335075542E-06
    2.0307900391E+04    7.2553264940E-06
    2.0317900391E+04    8.0519766042E-06
    2.0327900391E+04    5.0254967100E-06
    2.0337900391E+04    9.9359202614E-06
    2.0347900391E+04    7.2293815723E-06
    2.0357900391E+04    8.1734869336E-06
    2.0367900391E+04    6.3220508216E-06
    2.0377900391E+04    6.6412444427E-06
    2.0387900391E+04    4.4848760476E-06
    2.0397900391E+04    8.6719880760E-06
    2.0407900391E+04    5.6933065852E-06
    2.0417900391E+04    9.0536139149E-06
    2.0427900391E+04    5.5635621508E-06
    2.0437900391E+04    7.1269568644E-06
    2.0447900391E+04    5.6088762587E-06
    2.0457900391E+04    1.0232743018E-05
    2.0467900391E+04    9.1231167882E-06
    2.0477900391E+04    7.5411373573E-06
    2.0487900391E+04    8.6274805301E-06
    2.0497900391E+04    5.0654816110E-06
    2.0507900391E+04    1.0667396683E-05
    2.0517900391E+04    6.3583180093E-06
    2.0527900391E+04    8.7138739257E-06
    2.0537900391E+04    7.3418942407E-06
    2.0547900391E+04    6.9687022296E-06
    2.0557900391E+04    1.0814637323E-05
    2.0567900391E+04    6.1386238040E-06
    2.0577900391E+04    5.9208847816E-06
    2.0587900391E+04    8.3097401116E-06
    2.0597900391E+04    9.0686275638E-06
    2.0607900391E+04    7.3589764306E-06
    2.0617900391E+04    8.5570118768E-06
    2.0627900391E+04    8.6888390470E-06
    2.0637900391E+04    1.0009335630E-05
    2.0647900391E+04    8.2992504564E-06
    2.0657900391E+04    6.5387485195E-06
    2.0667900391E+04    6.9499014200E-06
    2.0677900391E+04    7.5077087919E-06
    2.0687900391E+04    7.7652192530E-06
    2.0697900391E+04    8.8083961534E-06
    2.0707900391E+04    6.3009944319E-06
    2.0717900391E+04    1.2045946296E-05
    2.0727900391E+04    6.7151568664E-06
    2.0737900391E+04    8.1053246676E-06
    2.0747900391E+04    1.1313113655E-05
    2.0757900391E+04    6.5301519186E-06
    2.0767900391E+04    1.0134727390E-05
    2.0777900391E+04    6.6252259966E-06
    2.0787900391E+04    6.6350235715E-06
    2.0797900391E+04    9.0075488911E-06
    2.0807900391E+04    6.2345543596E-06
    2.0817900391E+04    7.6948840252E-06
    2.0827900391E+04    7.5589317550E-06
    2.0837900391E+04    9.1489804483E-06
    2.0847900391E+04    8.7043103356E-06
    2.0857900391E+04    1.0879218462E-05
    2.0867900391E+04    9.1956294208E-06
    2.0877900391E+04    6.8080301981E-06
    2.0887900391E+04    9.6108921701E-06
    2.0897900391E+04    1.1593676646E-05
    2.0907900391E+04    6.9202468152E-06
    2.0917900391E+04    7.0491384964E-06
    2.0927900391E+04    8.8441485002E-06
    2.0937900391E+04    6.9474098212E-06
    2.0947900391E+04    9.8594111855E-06
    2.0957900391E+04    7.8903391173E-06
    2.0967900391E+04    7.7790406639E-06
    2.0977900391E+04    6.8687583257E-06
    2.0987900391E+04    6.4557442502E-06
    2.0997900391E+04    7.1742367600E-06
    2.1007900391E+04    8.0102346763E-06
    2.1017900391E+04    9.0332037507E-06
    2.1027900391E+04    9.0593553509E-06
    2.1037900391E+04    1.1265676048E-05
    2.1047900391E+04    6.6306122340E-06
    2.1057900391E+04    6.5748973807E-06
    2.1067900391E+04    6.7196307348E-06
    2.1077900391E+04    6.3747111883E-06
    2.1087900391E+04    7.6821214017E-06
    2.1097900391E+04    8.7186798208E-06
    2.1107900391E+04    7.3992500960E-06
    2.1117900391E+04    1.0591866256E-05
    2.1127900391E+04    9.2431368220E-06
    2.1137900391E+04    9.7769772531E-06
    2.1147900391E+04    1.1787816751E-05
    2.1157900391E+04    8.7390547839E-06
    2.1167900391E+04    9.0636066401E-06
    2.1177900391E+04    8.1222401812E-06
    2.1187900391E+04    1.1898881464E-05
    2.1197900391E+04    9.1255932166E-06
    2.1207900391E+04    6.5840482144E-06
    2.1217900391E+04    5.8586584695E-06
    2.1227900391E+04    8.6290400789E-06
    2.1237900391E+04    8.2464175484E-06
    2.1247900391E+04    1.0066456412E-05
    2.1257900391E+04    9.3867433717E-06
    2.1267900391E+04    1.1254445240E-05
    2.1277900391E+04    1.1558763307E-05
    2.1287900391E+04    1.1397609069E-05
    2.1297900391E+04    1.1876500196E-05
    2.1307900391E+04    1.1930722820E-05
    2.1317900391E+04    7.7872964558E-06
    2.1327900391E+04    1.2683104779E-05
    2.1337900391E+04    1.1569202857E-05
    2.1347900391E+04    5.6243296273E-06
    2.1357900391E+04    1.0119163326E-05
    2.1367900391E+04    1.1780564749E-05
    2.1377900391E+04    5.9838452285E-06
    2.1387900391E+04    1.3133395453E-05
    2.1397900391E+04    1.0023139216E-05
    2.1407900391E+04    1.1787253035E-05
    2.1417900391E+04    1.1961265184E-05
    2.1427900391E+04    1.2311443741E-05
    2.1437900391E+04    1.3568829617E-05
    2.1447900391E+04    9.3755874366E-06
    2.1457900391E+04    1.2777372426E-05
    2.1467900391E+04    9.8690943903E-06
    2.1477900391E+04    1.2295816545E-05
    2.1487900391E+04    1.3611905818E-05
    2.1497900391E+04    1.1044792532E-05
    2.1507900391E+04    8.6375244342E-06
    2.1517900391E+04    1.3515191733E-05
    2.1527900391E+04    1.2049952557E-05
    2.1537900391E+04    1.6832752374E-05
    2.1547900391E+04    1.1897526364E-05
    2.1557900391E+04    1.4331210458E-05
    2.1567900391E+04    1.2721108196E-05
    2.1577900391E+04    1.3215870052E-05
    2.1587900391E+04    1.1469978267E-05
    2.1597900391E+04    9.8758993384E-06
    2.1607900391E+04    1.1680845693E-05
    2.1617900391E+04    9.7230368200E-06
    2.1627900391E+04    8.6390406406E-06
    2.1637900391E+04    1.2360580478E-05
    2.1647900391E+04    1.0789186927E-05
    2.1657900391E+04    7.4011082189E-06
    2.1667900391E+04    1.1119143800E-05
    2.1677900391E+04    9.3176978774E-06
    2.1687900391E+04    1.2955300478E-05
    2.1697900391E+04    1.1771321587E-05
    2.1707900391E+04    1.0942384749E-05
    2.1717900391E+04    1.2868560246E-05
    2.1727900391E+04    1.4349779063E-05
    2.1737900391E+04    1.3144194194E-05
    2.1747900391E+04    1.2224624127E-05
    2.1757900391E+04    1.0943535902E-05
    2.1767900391E+04    5.7041595803E-06
    2.1777900391E+04    1.1825283350E-05
    2.1787900391E+04    8.0413883065E-06
    2.1797900391E+04    1.0801832492E-05
    2.1807900391E+04    9.8266738457E-06
    2.1817900391E+04    1.0246528744E-05
    2.1827900391E+04    1.1643340013E-05
    2.1837900391E+04    1.1502210027E-05
    2.1847900391E+04    1.4287802179E-05
    2.1857900391E+04    9.8183363129E-06
    2.1867900391E+04    1.3361719796E-05
    2.1877900391E+04    8.3532111499E-06
    2.1887900391E+04    1.1779073598E-05
    2.1897900391E+04    1.3157272857E-05
    2.1907900391E+04    1.1122834435E-05
    2.1917900391E+04    1.4265663663E-05
    2.1927900391E+04    1.0267015968E-05
    2.1937900391E+04    1.0415753164E-05
    2.1947900391E+04    1.2263246131E-05
    2.1957900391E+04    1.0983144656E-05
    2.1967900391E+04    1.4238406236E-05
    2.1977900391E+04    1.1933960607E-05
    2.1987900391E+04    1.2599998352E-05
    2.1997900391E+04    1.3592892212E-05
    2.2007900391E+04    1.0856348201E-05
    2.2017900391E+04    1.2576234221E-05
    2.2027900391E+04    1.5309915535E-05
    2.2037900391E+04    1.5611846287E-05
    2.2047900391E+04    1.2206674067E-05
    2.2057900391E+04    1.4568185866E-05
    2.2067900391E+04    1.6843166324E-05
    2.2077900391E+04    1.5006966214E-05
    2.2087900391E+04    1.3903397690E-05
    2.2097900391E+04    1.8268647654E-05
    2.2107900391E+04    1.3452892675E-05
    2.2117900391E+04    1.9819422578E-05
    2.2127900391E+04    1.4641938322E-05
    2.2137900391E+04    1.6603330434E-05
    2.2147900391E+04    1.9293557106E-05
    2.2157900391E+04    1.4996135335E-05
    2.2167900391E+04    1.4522211720E-05
    2.2177900391E+04    1.5946462056E-05
    2.2187900391E+04    1.2155045385E-05
    2.2197900391E+04    1.5797865314E-05
    2.2207900391E+04    1.1833641511E-05
    2.2217900391E+04    1.6652333293E-05
    2.2227900391E+04    1.1830830636E-05
    2.2237900391E+04    1.3035252889E-05
    2.2247900391E+04    1.7461811094E-05
    2.2257900391E+04    1.5592009042E-05
    2.2267900391E+04    1.2135634986E-05
    2.2277900391E+04    1.7943630076E-05
    2.2287900391E+04    1.1633326831E-05
    2.2297900391E+04    1.5080339049E-05
    2.2307900391E+04    1.4434745919E-05
    2.2317900391E+04    1.4879473566E-05
    2.2327900391E+04    1.5310846769E-05
    2.2337900391E+04    2.0573780077E-05
    2.2347900391E+04    1.8778773578E-05
    2.2357900391E+04    1.1594589776E-05
    2.2367900391E+04    1.1115314487E-05
    2.2377900391E+04    1.5752449287E-05
    2.2387900391E+04    1.5036581902E-05
    2.2397900391E+04    1.7093894475E-05
    2.2407900391E+04    1.2661438753E-05
    2.2417900391E+04    1.4494487026E-05
    2.2427900391E+04    1.9949551880E-05
    2.2437900391E+04    1.6315261407E-05
    2.2447900391E+04    2.2379133927E-05
    2.2457900391E+04    1.4453232332E-05
    2.2467900391E+04    1.5900558184E-05
    2.2477900391E+04    2.4387969403E-05
    2.2487900391E+04    1.6518610741E-05
    2.2497900391E+04    2.1272441567E-05
    2.2507900391E+04    1.9099995056E-05
    2.2517900391E+04    1.4110409132E-05
    2.2527900391E+04    2.0368728888E-05
    2.2537900391E+04    1.5224975763E-05
    2.2547900391E+04    1.4360219214E-05
    2.2557900391E+04    1.7101049252E-05
    2.2567900391E+04    1.5440685032E-05
    2.2577900391E+04    1.9135619435E-05
    2.2587900391E+04    1.6512350435E-05
    2.2597900391E+04    1.8988414010E-05
    2.2607900391E+04    1.2478684096E-05
    2.2617900391E+04    2.1187523307E-05
    2.2627900391E+04    1.6446927238E-05
    2.2637900391E+04    2.1262340846E-05
    2.2647900391E+04    1.8796028934E-05
    2.2657900391E+04    2.2187759588E-05
    2.2667900391E+04    2.2369049154E-05
    2.2677900391E+04    2.4992187558E-05
    2.2687900391E+04    2.0059201137E-05
    2.2697900391E+04    1.8003818178E-05
    2.2707900391E+04    2.0736820555E-05
    2.2717900391E+04    1.8040873900E-05
    2.2727900391E+04    2.0411609653E-05
    2.2737900391E+04    1.7724923607E-05
    2.2747900391E+04    1.7676560090E-05
    2.2757900391E+04    1.8562207965E-05
    2.2767900391E+04    1.8996289951E-05
    2.2777900391E+04    1.4655911387E-05
    2.2787900391E+04    1.7329688919E-05
    2.2797900391E+04    1.4091578466E-05
    2.2807900391E+04    1.6146535262E-05
    2.2817900391E+04    1.1478370731E-05
    2.2827900391E+04    1.0334059249E-05
    2.2837900391E+04    1.1938975884E-05
    2.2847900391E+04    1.1320552592E-05
    2.2857900391E+04    1.2863767399E-05
    2.2867900391E+04    1.1517413303E-05
    2.2877900391E+04    8.4565874398E-06
    2.2887900391E+04    1.5474865475E-05
    2.2897900391E+04    8.5268329336E-06
    2.2907900391E+04    1.3288183795E-05
    2.2917900391E+04    8.8917701727E-06
    2.2927900391E+04    8.7346156149E-06
    2.2937900391E+04    1.1617067417E-05
    2.2947900391E+04    7.7399392595E-06
    2.2957900391E+04    5.6106433517E-06
    2.2967900391E+04    6.7533284530E-06
    2.2977900391E+04    4.8600684524E-06
    2.2987900391E+04    7.9924453033E-06
    2.2997900391E+04    6.8568423020E-06
    2.3007900391E+04    6.4930054108E-06
    2.3017900391E+04    9.1996804146E-06
    2.3027900391E+04    6.8452745083E-06
    2.3037900391E+04    7.9364941233E-06
    2.3047900391E+04    6.1869280921E-06
    2.3057900391E+04    6.8717589466E-06
    2.3067900391E+04    5.2266429793E-06
    2.3077900391E+04    5.6267244805E-06
    2.3087900391E+04    6.6776136196E-06
    2.3097900391E+04    4.3565608267E-06
    2.3107900391E+04    6.9285752837E-06
    2.3117900391E+04    7.6318463929E-06
    2.3127900391E+04    5.5717615860E-06
    2.3137900391E+04    4.1815301590E-06
    2.3147900391E+04    5.6400570781E-06
    2.3157900391E+04    6.4892447062E-06
    2.3167900391E+04    6.0410357186E-06
    2.3177900391E+04    3.1487683418E-06
    2.3187900391E+04    4.3568523886E-06
    2.3197900391E+04    4.8579851242E-06
    2.3207900391E+04    4.1406331268E-06
    2.3217900391E+04    4.7191154120E-06
    2.3227900391E+04    4.8208736468E-06
    2.3237900391E+04    2.9852132242E-06
    2.3247900391E+04    3.4152044155E-06
    2.3257900391E+04    4.0794371805E-06
    2.3267900391E+04    3.3766373548E-06
    2.3277900391E+04    3.1015580010E-06
    2.3287900391E+04    3.5118998873E-06
    2.3297900391E+04    3.7851066780E-06
    2.3307900391E+04    2.5325058189E-06
    2.3317900391E+04    2.6188875135E-06
    2.3327900391E+04    3.0733186914E-06
    2.3337900391E+04    2.8284581942E-06
    2.3347900391E+04    2.3241528766E-06
    2.3357900391E+04    2.1727141081E-06
    2.3367900391E+04    1.9033044668E-06
    2.3377900391E+04    2.6587105287E-06
    2.3387900391E+04    1.9340573570E-06
    2.3397900391E+04    2.3290103813E-06
    2.3407900391E+04    1.4890600172E-06
    2.3417900391E+04    2.1003893657E-06
    2.3427900391E+04    2.0358570733E-06
    2.3437900391E+04    1.5595964098E-06
    2.3447900391E+04    1.9145028336E-06
    2.3457900391E+04    1.8006335701E-06
    2.3467900391E+04    2.1412998357E-06
    2.3477900391E+04    1.6958005858E-06
    2.3487900391E+04    1.5330504251E-06
    2.3497900391E+04    1.8144583587E-06
    2.3507900391E+04    1.4537722701E-06
    2.3517900391E+04    1.4907496587E-06
    2.3527900391E+04    1.9613516897E-06
    2.3537900391E+04    1.9117989977E-06
    2.3547900391E+04    1.6993068571E-06
    2.3557900391E+04    6.8591479293E-07
    2.3567900391E+04    1.9268081994E-06
    2.3577900391E+04    1.5650345859E-06
    2.3587900391E+04    1.1928674783E-06
    2.3597900391E+04    1.8807715104E-06
    2.3607900391E+04    1.6915326106E-06
    2.3617900391E+04    1.1334871342E-06
    2.3627900391E+04    1.1698642490E-06
    2.3637900391E+04    1.0980111942E-06
    2.3647900391E+04    9.2553419876E-07
    2.3657900391E+04    1.0399740005E-06
    2.3667900391E+04    5.9930592216E-07
    2.3677900391E+04    5.6609242852E-07
    2.3687900391E+04    5.1884536840E-07
    2.3697900391E+04    4.8570554933E-07
    2.3707900391E+04    4.3686791885E-07
    2.3717900391E+04    3.7566283990E-07
    2.3727900391E+04    4.1235098788E-07
    2.3737900391E+04    2.0695810079E-07
    2.3747900391E+04    2.4964515087E-07
    2.3757900391E+04    2.5132528659E-07
    2.3767900391E+04    1.5118686710E-07
    2.3777900391E+04    1.6097654479E-07
    2.3787900391E+04    1.9225384914E-07
    2.3797900391E+04    1.9828378425E-07
    2.3807900391E+04    1.4199312918E-07
    2.3817900391E+04    1.2650329442E-07
    2.3827900391E+04    1.2705673963E-07
    2.3837900391E+04    9.5376587012E-08
    2.3847900391E+04    1.1617305519E-07
    2.3857900391E+04    1.4374819329E-07
    2.3867900391E+04    9.1252780296E-08
    2.3877900391E+04    8.1161955226E-08
    2.3887900391E+04    1.1280213606E-07
    2.3897900391E+04    9.2137181040E-08
    2.3907900391E+04    8.8170024982E-08
    2.3917900391E+04    1.3525749562E-07
    2.3927900391E+04    7.6089693065E-08
    2.3937900391E+04    9.4370761428E-08
    2.3947900391E+04    7.5822630747E-08
    2.3957900391E+04    8.1280841218E-08
    2.3967900391E+04    5.9894678110E-08
    2.3977900391E+04    3.6639379440E-08
    2.3987900391E+04    4.5236135734E-08
    2.3997900391E+04    4.6444455004E-08
    2.4007900391E+04    5.3668797802E-08
    2.4017900391E+04    3.8605886156E-08
    2.4027900391E+04    3.1854818055E-08
    2.4037900391E+04    1.9094602342E-08
    2.4047900391E+04    2.3174006224E-08
    2.4057900391E+04    2.5773869893E-08
    2.4067900391E+04    2.4123840011E-08
    2.4077900391E+04    1.8428666087E-08
    2.4087900391E+04    1.3525074325E-08
    2.4097900391E+04    1.4887109602E-08
    2.4107900391E+04    5.7929555934E-09
    2.4117900391E+04    9.7989754171E-09
    2.4127900391E+04    5.6972282836E-09
    2.4137900391E+04    9.1740625926E-09
    2.4147900391E+04    5.5428795761E-09
    2.4157900391E+04    5.2981260806E-09
    2.4167900391E+04    5.6054430826E-09
    2.4177900391E+04    3.0066807095E-09
    2.4187900391E+04    4.2271535033E-09
    2.4197900391E+04    3.3923137173E-09
    2.4207900391E+04    2.8699184203E-09
    2.4217900391E+04    2.0608307435E-09
    2.4227900391E+04    2.0632434308E-09
    2.4237900391E+04    1.3741503631E-09
    2.4247900391E+04    1.4289623998E-09
    2.4257900391E+04    1.7757497224E-09
    2.4267900391E+04    1.4623758414E-09
    2.4277900391E+04    2.0077041246E-09
    2.4287900391E+04    1.3068541300E-09
    2.4297900391E+04    1.0779511704E-09
    2.4307900391E+04    1.1126365726E-09
    2.4317900391E+04    1.0730515848E-09
    2.4327900391E+04    9.0047028081E-10
    2.4337900391E+04    1.0280442920E-09
    2.4347900391E+04    8.0048613641E-10
    2.4357900391E+04    5.2130686427E-10
    2.4367900391E+04    8.1155104374E-10
    2.4377900391E+04    6.8168112319E-10
    2.4387900391E+04    6.3454110306E-10
    2.4397900391E+04    6.3821550850E-10
    2.4407900391E+04    3.6806501876E-10
    2.4417900391E+04    4.5614432964E-10
    2.4427900391E+04    3.9841565972E-10
    2.4437900391E+04    4.4418301858E-10
    2.4447900391E+04    1.8227185874E-10
    2.4457900391E+04    3.8915704758E-10
    2.4467900391E+04    3.3760943977E-10
    2.4477900391E+04    3.5334344050E-10
    2.4487900391E+04    1.9494045922E-10
    2.4497900391E+04    2.7462937172E-10
    2.4507900391E+04    1.6386369759E-10
    2.4517900391E+04    1.5159966392E-10
    2.4527900391E+04    1.9819822338E-10
    2.4537900391E+04    1.4022511277E-10
    2.4547900391E+04    1.2810976660E-10
    2.4557900391E+04    1.0747841199E-10
    2.4567900391E+04    9.9188623083E-11
    2.4577900391E+04    9.6563769262E-11
    2.4587900391E+04    7.8141550709E-11
    2.4597900391E+04    8.5427798680E-11
    2.4607900391E+04    3.5698326973E-11
    2.4617900391E+04    6.0939840446E-11
    2.4627900391E+04    6.3308433401E-11
    2.4637900391E+04    3.6188968960E-11
    2.4647900391E+04    2.9590292218E-11
    2.4657900391E+04    4.6038580378E-11
    2.4667900391E+04    2.9318928949E-11
    2.4677900391E+04    2.7469789484E-11
    2.4687900391E+04    2.0167429308E-11
    2.4697900391E+04    1.3218183499E-11
    2.4707900391E+04    2.0399955447E-11
    2.4717900391E+04    1.3855998429E-11
    2.4727900391E+04    9.1696518429E-12
    2.4737900391E+04    1.3045258032E-11
    2.4747900391E+04    7.5774537519E-12
    2.4757900391E+04    8.6430502861E-12
    2.4767900391E+04    7.7944961396E-12
    2.4777900391E+04    4.4510452103E-12
    2.4787900391E+04    4.8247795692E-12
    2.4797900391E+04    4.2350718408E-12
    2.4807900391E+04    4.3417391676E-12
    2.4817900391E+04    4.8582566084E-12
    2.4827900391E+04    3.8893202105E-12
    2.4837900391E+04    2.6467194216E-12
    2.4847900391E+04    3.3373434373E-12
    2.4857900391E+04    2.2709836558E-12
    2.4867900391E+04    2.2971116989E-12
    2.4877900391E+04    1.8938901420E-12
    2.4887900391E+04    1.7125683554E-12
    2.4897900391E+04    1.9533571529E-12
    2.4907900391E+04    1.4504758804E-12
    2.4917900391E+04    1.5142686614E-12
    2.4927900391E+04    8.7880368368E-13
    2.4937900391E+04    1.3562302680E-12
    2.4947900391E+04    1.3588348016E-12
    2.4957900391E+04    1.0642091123E-12
    2.4967900391E+04    6.0438029938E-13
    2.4977900391E+04    1.1380338330E-12
    2.4987900391E+04    1.0838884766E-12
    2.4997900391E+04    8.4494615014E-13
    2.5007900391E+04    7.9804819872E-13
    2.5017900391E+04    6.5058221207E-13
    2.5027900391E+04    5.8797856166E-13
    2.5037900391E+04    5.5171778753E-13
    2.5047900391E+04    6.4769916993E-13
    2.5057900391E+04    3.1666821679E-13
    2.5067900391E+04    5.4938489702E-13
    2.5077900391E+04    5.1030515577E-13
    2.5087900391E+04    3.8413639105E-13
    2.5097900391E+04    5.5791310525E-13
    2.5107900391E+04    4.3750355296E-13
    2.5117900391E+04    3.0585731659E-13
    2.5127900391E+04    3.2090058878E-13
    2.5137900391E+04    4.3107077611E-13
    2.5147900391E+04    3.9476074760E-13
    2.5157900391E+04    3.4181833685E-13
    2.5167900391E+04    1.7648278891E-13
    2.5177900391E+04    2.8726949788E-13
    2.5187900391E+04    2.8208898989E-13
    2.5197900391E+04    3.0935562677E-13
    2.5207900391E+04    2.2437288070E-13
    2.5217900391E+04    2.0092666942E-13
    2.5227900391E+04    2.0516488480E-13
    2.5237900391E+04    2.0680553764E-13
    2.5247900391E+04    1.9913569825E-13
    2.5257900391E+04    1.8467445631E-13
    2.5267900391E+04    1.5053052950E-13
    2.5277900391E+04    1.3704896416E-13
    2.5287900391E+04    1.2766792260E-13
    2.5297900391E+04    1.4231210664E-13
    2.5307900391E+04    1.2493623658E-13
    2.5317900391E+04    1.4600057745E-13
    2.5327900391E+04    1.0777854102E-13
    2.5337900391E+04    1.0704016848E-13
    2.5347900391E+04    7.9155024313E-14
    2.5357900391E+04    9.7662290756E-14
    2.5367900391E+04    9.9976904583E-14
    2.5377900391E+04    1.0696297693E-13
    2.5387900391E+04    6.3573957436E-14
    2.5397900391E+04    6.2240236694E-14
    2.5407900391E+04    9.2458852151E-14
    2.5417900391E+04    6.9123905776E-14
    2.5427900391E+04    3.0338465928E-14
    2.5437900391E+04    2.4367043948E-14
    2.5447900391E+04    5.7227362749E-14
    2.5457900391E+04    6.0045397259E-14
    2.5467900391E+04    4.5429342853E-14
    2.5477900391E+04    3.8070800220E-14
    2.5487900391E+04    3.4800742738E-14
    2.5497900391E+04    3.4863422763E-14
    2.5507900391E+04    2.4003525897E-14
    2.5517900391E+04    3.0324951107E-14
    2.5527900391E+04    2.3091761263E-14
    2.5537900391E+04    2.3192328952E-14
    2.5547900391E+04    1.9033507974E-14
    2.5557900391E+04    1.7214928765E-14
    2.5567900391E+04    1.6329111796E-14
    2.5577900391E+04    2.0878559176E-14
    2.5587900391E+04    1.5473122987E-14
    2.5597900391E+04    9.8455479660E-15
    2.5607900391E+04    8.6217394961E-15
    2.5617900391E+04    1.1477375042E-14
    2.5627900391E+04    1.3271662114E-14
    2.5637900391E+04    8.1094522101E-15
    2.5647900391E+04    8.0804754654E-15
    2.5657900391E+04    8.5980423244E-15
    2.5667900391E+04    9.6800059274E-15
    2.5677900391E+04    3.9249448586E-15
    2.5687900391E+04    5.7489817734E-15
    2.5697900391E+04    6.8890934282E-15
    2.5707900391E+04    2.9930599599E-15
    2.5717900391E+04    3.9584358717E-15
    2.5727900391E+04    3.6030697191E-15
    2.5737900391E+04    2.7735703803E-15
    2.5747900391E+04    2.5123823916E-15
    2.5757900391E+04    3.2411180815E-15
    2.5767900391E+04    3.9871366388E-15
    2.5777900391E+04    1.8169783992E-15
    2.5787900391E+04    1.6658847486E-15
    2.5797900391E+04    1.4770389232E-15
    2.5807900391E+04    2.4180112978E-15
    2.5817900391E+04    3.9233536205E-16
    2.5827900391E+04    1.0058792072E-15
    2.5837900391E+04    5.8930011384E-16
    2.5847900391E+04    1.2107471056E-15
    2.5857900391E+04    7.4377632224E-16
    2.5867900391E+04    1.5753276899E-15
    2.5877900391E+04    2.3684513567E-16
    2.5887900391E+04    1.0359447400E-15
    2.5897900391E+04    7.7340150148E-16
    2.5907900391E+04    8.0657800263E-16
    2.5917900391E+04    5.6440886382E-16
    2.5927900391E+04    2.9194424723E-16
    2.5937900391E+04    6.5500271741E-16
    2.5947900391E+04    5.7162362440E-16
    2.5957900391E+04    4.8503268191E-16
    2.5967900391E+04    3.4130869791E-16
    2.5977900391E+04    3.8535785655E-16
