###   Wavelength (A)        Transmission
    5.5020001221E+03    9.3586371192E-11
    5.5120001221E+03    1.2632715293E-12
    5.5220001221E+03    8.6745729044E-13
    5.5320001221E+03    9.5922988135E-13
    5.5420001221E+03    1.0423348414E-12
    5.5520001221E+03    1.1159567260E-12
    5.5620001221E+03    1.1609896711E-12
    5.5720001221E+03    1.1249799306E-12
    5.5820001221E+03    9.4382172663E-13
    5.5920001221E+03    7.4385576974E-13
    5.6020001221E+03    8.7703427209E-13
    5.6120001221E+03    1.0222998118E-12
    5.6220001221E+03    1.0417394753E-12
    5.6320001221E+03    1.1203390570E-12
    5.6420001221E+03    1.3701769597E-12
    5.6520001221E+03    1.4995824490E-10
    5.6620001221E+03    1.0428153851E-09
    5.6720001221E+03    2.2849125129E-12
    5.6820001221E+03    2.5104311233E-12
    5.6920001221E+03    2.6909935050E-12
    5.7020001221E+03    4.9995099059E-10
    5.7120001221E+03    2.9394048533E-12
    5.7220001221E+03    3.0060458487E-12
    5.7320001221E+03    3.0212532942E-12
    5.7420001221E+03    2.9785130795E-12
    5.7520001221E+03    2.8909855514E-12
    5.7620001221E+03    2.7640267740E-12
    5.7720001221E+03    2.6075406562E-12
    5.7820001221E+03    3.4551083903E-10
    5.7920001221E+03    2.3330329103E-12
    5.8020001221E+03    2.3691242837E-12
    5.8120001221E+03    2.6108673448E-12
    5.8220001221E+03    3.0346991059E-12
    5.8320001221E+03    3.5726070968E-12
    5.8420001221E+03    4.1962209199E-12
    5.8520001221E+03    1.0793674268E-11
    5.8620001221E+03    5.5419859889E-12
    5.8720001221E+03    6.1471285601E-12
    5.8820001221E+03    6.6648296170E-12
    5.8920001221E+03    7.1051914504E-12
    5.9020001221E+03    7.3565268717E-10
    5.9120001221E+03    7.9116026469E-12
    5.9220001221E+03    1.2459859134E-09
    5.9320001221E+03    8.7213577985E-12
    5.9420001221E+03    9.0442647059E-12
    5.9520001221E+03    1.1096698100E-08
    5.9620001221E+03    9.4966376602E-12
    5.9720001221E+03    1.4344222332E-10
    5.9820001221E+03    4.0751063763E-10
    5.9920001221E+03    9.9130631587E-12
    6.0020001221E+03    1.3846764583E-08
    6.0120001221E+03    1.0255508924E-11
    6.0220001221E+03    2.4550448184E-09
    6.0320001221E+03    1.0694473316E-11
    6.0420001221E+03    1.2790293587E-08
    6.0520001221E+03    6.3173231982E-10
    6.0620001221E+03    1.1284245596E-11
    6.0720001221E+03    3.4303738958E-09
    6.0820001221E+03    2.3672987291E-09
    6.0920001221E+03    4.7909818344E-09
    6.1020001221E+03    2.4566052578E-09
    6.1120001221E+03    6.5065207717E-09
    6.1220001221E+03    9.2199162859E-09
    6.1320001221E+03    9.9576258237E-09
    6.1420001221E+03    1.2897073689E-08
    6.1520001221E+03    1.4920441262E-08
    6.1620001221E+03    1.8582198613E-08
    6.1720001221E+03    8.0373396182E-09
    6.1820001221E+03    6.0425671152E-09
    6.1920001221E+03    4.2163007224E-10
    6.2020001221E+03    1.3644258338E-11
    6.2120001221E+03    3.1776759632E-09
    6.2220001221E+03    1.3877740643E-11
    6.2320001221E+03    1.0281036802E-08
    6.2420001221E+03    5.5188316179E-09
    6.2520001221E+03    7.4699972555E-09
    6.2620001221E+03    3.2780716723E-09
    6.2720001221E+03    1.4717433649E-11
    6.2820001221E+03    1.4872791419E-11
    6.2920001221E+03    1.1947148877E-08
    6.3020001221E+03    1.8747081179E-08
    6.3120001221E+03    1.2830527095E-08
    6.3220001221E+03    1.5443473593E-11
    6.3320001221E+03    1.2651740502E-08
    6.3420001221E+03    1.8928034322E-08
    6.3520001221E+03    1.5373656736E-08
    6.3620001221E+03    4.7754594332E-08
    6.3720001221E+03    8.8541993389E-09
    6.3820001221E+03    4.3145617319E-08
    6.3920001221E+03    2.0907774493E-08
    6.4020001221E+03    1.9565428456E-08
    6.4120001221E+03    3.6374392237E-08
    6.4220001221E+03    7.7229719877E-09
    6.4320001221E+03    3.1514310186E-09
    6.4420001221E+03    1.7796353062E-08
    6.4520001221E+03    9.9823691738E-09
    6.4620001221E+03    1.7334574094E-08
    6.4720001221E+03    1.9133362859E-08
    6.4820001221E+03    1.6827775824E-08
    6.4920001221E+03    4.9688688025E-09
    6.5020001221E+03    2.4946850761E-08
    6.5120001221E+03    7.0068756857E-09
    6.5220001221E+03    1.5789961856E-08
    6.5320001221E+03    5.9140540425E-09
    6.5420001221E+03    1.8127998835E-11
    6.5520001221E+03    1.3154836723E-08
    6.5620001221E+03    1.6636485597E-08
    6.5720001221E+03    1.2168846308E-08
    6.5820001221E+03    1.6157715490E-08
    6.5920001221E+03    1.3504087445E-08
    6.6020001221E+03    1.5090819420E-08
    6.6120001221E+03    1.3701116415E-08
    6.6220001221E+03    2.3425600738E-08
    6.6320001221E+03    2.5553888803E-08
    6.6420001221E+03    5.3643969189E-08
    6.6520001221E+03    3.2350578750E-08
    6.6620001221E+03    3.2500771298E-08
    6.6720001221E+03    2.4574049459E-08
    6.6820001221E+03    4.4855459380E-08
    6.6920001221E+03    2.6460757417E-08
    6.7020001221E+03    3.5322612323E-08
    6.7120001221E+03    2.5449732715E-08
    6.7220001221E+03    1.4417323564E-08
    6.7320001221E+03    3.0939593345E-08
    6.7420001221E+03    2.2990618686E-08
    6.7520001221E+03    1.7476982568E-08
    6.7620001221E+03    5.6155768119E-08
    6.7720001221E+03    2.9449261523E-08
    6.7820001221E+03    2.7565456970E-08
    6.7920001221E+03    2.0084921721E-08
    6.8020001221E+03    7.9839638125E-09
    6.8120001221E+03    1.2070218039E-09
    6.8220001221E+03    1.3933105706E-08
    6.8320001221E+03    2.3272206228E-08
    6.8420001221E+03    5.3579031705E-08
    6.8520001221E+03    7.1185673672E-08
    6.8620001221E+03    2.4166818700E-08
    6.8720001221E+03    1.1040080931E-08
    6.8820001221E+03    3.7980401242E-09
    6.8920001221E+03    5.3508615486E-08
    6.9020001221E+03    3.1364074467E-08
    6.9120001221E+03    1.0744320703E-08
    6.9220001221E+03    1.1979085861E-08
    6.9320001221E+03    4.3778339530E-08
    6.9420001221E+03    3.9763788512E-08
    6.9520001221E+03    1.7076163072E-08
    6.9620001221E+03    3.4937682370E-09
    6.9720001221E+03    2.1311776105E-08
    6.9820001221E+03    3.2249938476E-08
    6.9920001221E+03    1.6797891195E-08
    7.0020001221E+03    3.6771758903E-08
    7.0120001221E+03    1.1254917076E-08
    7.0220001221E+03    3.4378680538E-08
    7.0320001221E+03    1.1981929777E-08
    7.0420001221E+03    3.2497052865E-08
    7.0520001221E+03    5.6374441233E-08
    7.0620001221E+03    2.9448454580E-08
    7.0720001221E+03    4.0936216432E-08
    7.0820001221E+03    2.0465387530E-08
    7.0920001221E+03    2.8794753849E-08
    7.1020001221E+03    4.9540690173E-08
    7.1120001221E+03    2.2225369894E-11
    7.1220001221E+03    1.7554332554E-08
    7.1320001221E+03    2.4621397966E-08
    7.1420001221E+03    9.6001600110E-09
    7.1520001221E+03    2.0805921939E-08
    7.1620001221E+03    2.2470692184E-08
    7.1720001221E+03    2.6432735154E-08
    7.1820001221E+03    3.0135176357E-08
    7.1920001221E+03    8.1527250986E-08
    7.2020001221E+03    4.3318755406E-08
    7.2120001221E+03    3.4586703463E-08
    7.2220001221E+03    3.8050627617E-08
    7.2320001221E+03    2.8776351000E-08
    7.2420001221E+03    7.1962785256E-09
    7.2520001221E+03    2.1291285189E-08
    7.2620001221E+03    2.3533937993E-11
    7.2720001221E+03    3.2113581705E-08
    7.2820001221E+03    1.7763812847E-08
    7.2920001221E+03    1.2337868564E-08
    7.3020001221E+03    3.4421280376E-08
    7.3120001221E+03    2.2600998373E-09
    7.3220001221E+03    2.4064063770E-11
    7.3320001221E+03    1.4523642129E-09
    7.3420001221E+03    3.2288664422E-10
    7.3520001221E+03    2.4341138264E-11
    7.3620001221E+03    6.0984858054E-09
    7.3720001221E+03    2.4510375553E-11
    7.3820001221E+03    2.4593751399E-11
    7.3920001221E+03    2.4691600039E-11
    7.4020001221E+03    1.5879716024E-08
    7.4120001221E+03    2.4867374280E-11
    7.4220001221E+03    1.2445596801E-08
    7.4320001221E+03    2.5016128729E-11
    7.4420001221E+03    1.8932795928E-08
    7.4520001221E+03    4.0705867235E-09
    7.4620001221E+03    2.5272008831E-11
    7.4720001221E+03    2.5371188829E-11
    7.4820001221E+03    3.1339144288E-09
    7.4920001221E+03    7.1928451513E-09
    7.5020001221E+03    2.5616880616E-11
    7.5120001221E+03    1.2279098994E-08
    7.5220001221E+03    2.5752153323E-11
    7.5320001221E+03    4.5343242350E-08
    7.5420001221E+03    2.5869974357E-11
    7.5520001221E+03    2.5921833352E-11
    7.5620001221E+03    2.5973220420E-11
    7.5720001221E+03    1.2522281722E-09
    7.5820001221E+03    9.2185020273E-09
    7.5920001221E+03    6.7563982094E-09
    7.6020001221E+03    2.6180287134E-11
    7.6120001221E+03    8.8853635524E-09
    7.6220001221E+03    6.5514694277E-09
    7.6320001221E+03    2.6442164652E-08
    7.6420001221E+03    2.6409629908E-11
    7.6520001221E+03    1.5259926199E-08
    7.6620001221E+03    1.4187822549E-08
    7.6720001221E+03    3.6791620491E-08
    7.6820001221E+03    5.1926318578E-09
    7.6920001221E+03    2.6643694440E-11
    7.7020001221E+03    2.6726010452E-11
    7.7120001221E+03    2.6776857891E-11
    7.7220001221E+03    1.0500383908E-08
    7.7320001221E+03    1.2156279079E-08
    7.7420001221E+03    1.8989308816E-08
    7.7520001221E+03    2.6280708998E-09
    7.7620001221E+03    2.7067372944E-11
    7.7720001221E+03    2.7132922602E-11
    7.7820001221E+03    2.4319755933E-09
    7.7920001221E+03    2.7241472842E-11
    7.8020001221E+03    2.7283206251E-11
    7.8120001221E+03    2.7342308353E-11
    7.8220001221E+03    2.7372963079E-11
    7.8320001221E+03    5.5238661577E-09
    7.8420001221E+03    2.7442504508E-11
    7.8520001221E+03    2.7498957627E-11
    7.8620001221E+03    6.0975920203E-10
    7.8720001221E+03    2.0655552367E-08
    7.8820001221E+03    1.5910389306E-08
    7.8920001221E+03    7.7812783197E-09
    7.9020001221E+03    2.7657922821E-11
    7.9120001221E+03    2.7708564013E-11
    7.9220001221E+03    9.5325774220E-09
    7.9320001221E+03    2.7728650760E-11
    7.9420001221E+03    2.1534071194E-09
    7.9520001221E+03    2.7766740116E-11
    7.9620001221E+03    4.8307164487E-08
    7.9720001221E+03    7.9952901615E-08
    7.9820001221E+03    2.7738987334E-11
    7.9920001221E+03    5.0500056829E-08
    8.0020001221E+03    1.7785684725E-08
    8.0120001221E+03    2.9729618214E-08
    8.0220001221E+03    3.5604766330E-08
    8.0320001221E+03    3.3734208342E-08
    8.0420001221E+03    3.3497432526E-08
    8.0520001221E+03    2.3021541438E-09
    8.0620001221E+03    1.7135109541E-08
    8.0720001221E+03    6.2040925878E-10
    8.0820001221E+03    5.7535691139E-09
    8.0920001221E+03    6.0584626435E-08
    8.1020001221E+03    1.1289158944E-08
    8.1120001221E+03    5.2257421726E-08
    8.1220001221E+03    8.3667586283E-09
    8.1320001221E+03    5.7881753154E-08
    8.1420001221E+03    2.8544129850E-11
    8.1520001221E+03    3.5863486328E-08
    8.1620001221E+03    3.3496125914E-08
    8.1720001221E+03    6.6825059370E-08
    8.1820001221E+03    1.7127727160E-09
    8.1920001221E+03    3.4066968472E-08
    8.2020001221E+03    2.0328080263E-08
    8.2120001221E+03    1.3385755206E-08
    8.2220001221E+03    7.6569917918E-09
    8.2320001221E+03    2.8917079745E-11
    8.2420001221E+03    4.9431835689E-09
    8.2520001221E+03    5.2469196865E-08
    8.2620001221E+03    2.8994937166E-11
    8.2720001221E+03    1.0313309260E-09
    8.2820001221E+03    2.6385647933E-08
    8.2920001221E+03    4.1999217161E-08
    8.3020001221E+03    7.7887915855E-09
    8.3120001221E+03    2.9169298631E-11
    8.3220001221E+03    1.1219454162E-08
    8.3320001221E+03    3.8162667464E-08
    8.3420001221E+03    2.8143377124E-08
    8.3520001221E+03    5.2440216290E-08
    8.3620001221E+03    7.0081285861E-08
    8.3720001221E+03    4.8940426328E-08
    8.3820001221E+03    4.8877721527E-08
    8.3920001221E+03    6.7470829284E-08
    8.4020001221E+03    4.6001239467E-08
    8.4120001221E+03    2.8482071601E-08
    8.4220001221E+03    9.4507875591E-08
    8.4320001221E+03    8.4826062605E-08
    8.4420001221E+03    1.5771678348E-07
    8.4520001221E+03    1.9000430247E-07
    8.4620001221E+03    2.0197477525E-07
    8.4720001221E+03    2.5761066360E-07
    8.4820001221E+03    2.2078180533E-07
    8.4920001221E+03    2.3137603593E-07
    8.5020001221E+03    1.1698427656E-07
    8.5120001221E+03    6.2685519749E-08
    8.5220001221E+03    6.2885282897E-08
    8.5320001221E+03    3.8449030460E-09
    8.5420001221E+03    2.4199094468E-08
    8.5520001221E+03    2.7936887513E-08
    8.5620001221E+03    1.4152461313E-08
    8.5720001221E+03    3.0208398343E-11
    8.5820001221E+03    8.2437227229E-08
    8.5920001221E+03    1.3070041675E-08
    8.6020001221E+03    3.0324233352E-11
    8.6120001221E+03    2.0372036891E-08
    8.6220001221E+03    1.9492186366E-08
    8.6320001221E+03    7.4928620750E-10
    8.6420001221E+03    2.9821851676E-09
    8.6520001221E+03    3.0522586214E-11
    8.6620001221E+03    3.0599253805E-11
    8.6720001221E+03    3.0591348640E-11
    8.6820001221E+03    3.0617668848E-11
    8.6920001221E+03    4.7429601819E-08
    8.7020001221E+03    3.0692714736E-11
    8.7120001221E+03    5.6252319989E-09
    8.7220001221E+03    1.7677087999E-09
    8.7320001221E+03    3.0392375224E-08
    8.7420001221E+03    3.0830789582E-11
    8.7520001221E+03    2.6233520376E-08
    8.7620001221E+03    1.8354667128E-07
    8.7720001221E+03    3.0914605216E-11
    8.7820001221E+03    4.3313886361E-08
    8.7920001221E+03    3.0946823616E-11
    8.8020001221E+03    3.0946538393E-11
    8.8120001221E+03    2.2838468420E-07
    8.8220001221E+03    1.5185410532E-07
    8.8320001221E+03    3.0930534511E-11
    8.8420001221E+03    1.3470713828E-08
    8.8520001221E+03    2.5502519537E-08
    8.8620001221E+03    2.3999135564E-07
    8.8720001221E+03    5.1738635831E-07
    8.8820001221E+03    3.1261445094E-11
    8.8920001221E+03    6.0189267095E-07
    8.9020001221E+03    3.1309743772E-11
    8.9120001221E+03    9.4095657626E-08
    8.9220001221E+03    3.1379522252E-11
    8.9320001221E+03    6.5194788444E-07
    8.9420001221E+03    4.2357274844E-07
    8.9520001221E+03    3.1245503705E-07
    8.9620001221E+03    1.1200102692E-07
    8.9720001221E+03    2.6357368070E-08
    8.9820001221E+03    7.2625877130E-08
    8.9920001221E+03    3.1432112600E-11
    9.0020001221E+03    3.1507835371E-11
    9.0120001221E+03    1.5239932403E-07
    9.0220001221E+03    3.1621617666E-11
    9.0320001221E+03    6.0132853677E-08
    9.0420001221E+03    2.9401492596E-07
    9.0520001221E+03    4.6342846539E-07
    9.0620001221E+03    8.1474052523E-08
    9.0720001221E+03    3.6890910347E-07
    9.0820001221E+03    3.1863192260E-11
    9.0920001221E+03    1.4452736293E-07
    9.1020001221E+03    3.1938710776E-11
    9.1120001221E+03    3.1962621878E-11
    9.1220001221E+03    3.6091471612E-07
    9.1320001221E+03    1.9624679079E-07
    9.1420001221E+03    1.4038750478E-07
    9.1520001221E+03    3.2053882640E-11
    9.1620001221E+03    3.2075799531E-11
    9.1720001221E+03    2.7130561366E-07
    9.1820001221E+03    3.9741049718E-08
    9.1920001221E+03    3.2175262433E-11
    9.2020001221E+03    3.2195977487E-11
    9.2120001221E+03    2.1013232123E-07
    9.2220001221E+03    3.0819381386E-07
    9.2320001221E+03    3.2253018063E-11
    9.2420001221E+03    2.9630924449E-07
    9.2520001221E+03    3.2289835259E-11
    9.2620001221E+03    3.1103161044E-08
    9.2720001221E+03    2.4137116860E-07
    9.2820001221E+03    3.2299637141E-11
    9.2920001221E+03    3.2315393029E-11
    9.3020001221E+03    9.9551822353E-08
    9.3120001221E+03    7.1270461141E-08
    9.3220001221E+03    3.3318093391E-07
    9.3320001221E+03    8.8587025591E-08
    9.3420001221E+03    1.2345669266E-08
    9.3520001221E+03    3.2834992753E-07
    9.3620001221E+03    1.5135502370E-07
    9.3720001221E+03    4.9240084329E-07
    9.3820001221E+03    7.0304618247E-07
    9.3920001221E+03    1.1504159868E-06
    9.4020001221E+03    1.0562807640E-06
    9.4120001221E+03    1.2980143057E-06
    9.4220001221E+03    1.7566990321E-06
    9.4320001221E+03    1.1378237409E-06
    9.4420001221E+03    1.2388978254E-06
    9.4520001221E+03    7.7587797233E-07
    9.4620001221E+03    6.5988517204E-07
    9.4720001221E+03    5.7219747173E-07
    9.4820001221E+03    2.5830260888E-07
    9.4920001221E+03    6.1337507689E-07
    9.5020001221E+03    4.6525424061E-07
    9.5120001221E+03    1.1750198112E-07
    9.5220001221E+03    9.2337650200E-08
    9.5320001221E+03    2.4545497831E-07
    9.5420001221E+03    1.7372813476E-07
    9.5520001221E+03    5.7960874886E-08
    9.5620001221E+03    3.1400076752E-07
    9.5720001221E+03    4.1152992776E-07
    9.5820001221E+03    1.1375482763E-07
    9.5920001221E+03    5.3245091237E-08
    9.6020001221E+03    1.2113272010E-07
    9.6120001221E+03    1.3046334463E-07
    9.6220001221E+03    3.2393762574E-11
    9.6320001221E+03    2.3494391116E-07
    9.6420001221E+03    4.5519454488E-08
    9.6520001221E+03    3.0598618775E-07
    9.6620001221E+03    3.2458380618E-11
    9.6720001221E+03    2.0025822548E-07
    9.6820001221E+03    2.6946406442E-07
    9.6920001221E+03    9.9019786794E-08
    9.7020001221E+03    3.2473990390E-11
    9.7120001221E+03    3.2482633198E-11
    9.7220001221E+03    1.9531989673E-07
    9.7320001221E+03    3.2489163782E-11
    9.7420001221E+03    1.3854114220E-07
    9.7520001221E+03    1.3427504227E-07
    9.7620001221E+03    1.1902793194E-07
    9.7720001221E+03    1.6212819547E-07
    9.7820001221E+03    1.1086514675E-07
    9.7920001221E+03    2.5827627708E-07
    9.8020001221E+03    1.6820535285E-07
    9.8120001221E+03    5.0699182739E-07
    9.8220001221E+03    6.0858224733E-08
    9.8320001221E+03    4.0414642476E-07
    9.8420001221E+03    6.8203095333E-07
    9.8520001221E+03    1.0726035505E-06
    9.8620001221E+03    1.1241907380E-06
    9.8720001221E+03    1.0434456872E-06
    9.8820001221E+03    6.0571091864E-07
    9.8920001221E+03    6.9838783426E-07
    9.9020001221E+03    7.5592521977E-07
    9.9120001221E+03    4.2967775098E-07
    9.9220001221E+03    1.8742771272E-07
    9.9320001221E+03    1.0765576277E-07
    9.9420001221E+03    1.5707416439E-07
    9.9520001221E+03    3.2452449008E-11
    9.9620001221E+03    3.0205725028E-07
    9.9720001221E+03    9.1063325796E-07
    9.9820001221E+03    1.0918682016E-06
    9.9920001221E+03    6.4066662054E-07
    1.0002000122E+04    6.6476658519E-07
    1.0012000122E+04    8.9001642401E-07
    1.0022000122E+04    7.1490805630E-07
    1.0032000122E+04    1.3033670323E-07
    1.0042000122E+04    6.2724894990E-07
    1.0052000122E+04    4.7183924271E-07
    1.0062000122E+04    1.4230345468E-07
    1.0072000122E+04    5.2811676502E-07
    1.0082000122E+04    3.5986275831E-07
    1.0092000122E+04    3.7098783285E-07
    1.0102000122E+04    5.2647877984E-07
    1.0112000122E+04    1.0144498249E-07
    1.0122000122E+04    3.1609908716E-07
    1.0132000122E+04    9.0993588168E-07
    1.0142000122E+04    7.4138794557E-07
    1.0152000122E+04    9.2588383497E-07
    1.0162000122E+04    1.0943229183E-06
    1.0172000122E+04    4.8348198451E-07
    1.0182000122E+04    7.8683076972E-07
    1.0192000122E+04    9.4325691072E-07
    1.0202000122E+04    5.7823574001E-07
    1.0212000122E+04    3.2661077845E-11
    1.0222000122E+04    5.9057694597E-07
    1.0232000122E+04    3.2545436724E-07
    1.0241999512E+04    9.6172199344E-07
    1.0251999512E+04    1.3732606906E-06
    1.0261999512E+04    3.2768238499E-11
    1.0271999512E+04    1.5604726240E-06
    1.0281999512E+04    1.0521608083E-07
    1.0291999512E+04    4.7704570416E-07
    1.0301999512E+04    7.3270358381E-07
    1.0311999512E+04    7.0386312720E-07
    1.0321999512E+04    6.2146223482E-08
    1.0331999512E+04    1.1083384299E-07
    1.0341999512E+04    6.2193999913E-07
    1.0351999512E+04    9.4410975996E-08
    1.0361999512E+04    3.8153658512E-07
    1.0371999512E+04    8.0759225155E-07
    1.0381999512E+04    1.6416391102E-08
    1.0391999512E+04    3.7597091068E-07
    1.0401999512E+04    6.8646419312E-07
    1.0411999512E+04    7.5572132259E-07
    1.0421999512E+04    9.0029440724E-07
    1.0431999512E+04    1.6271451735E-07
    1.0441999512E+04    5.3945070326E-07
    1.0451999512E+04    3.3838965465E-11
    1.0461999512E+04    4.6063088924E-07
    1.0471999512E+04    4.9021753746E-07
    1.0481999512E+04    8.4401942456E-07
    1.0491999512E+04    6.7753215558E-07
    1.0501999512E+04    1.3261451277E-06
    1.0511999512E+04    1.3407393613E-06
    1.0521999512E+04    1.1634307960E-06
    1.0531999512E+04    3.6018993968E-07
    1.0541999512E+04    1.1645619160E-07
    1.0551999512E+04    7.2551928443E-07
    1.0561999512E+04    5.2825858412E-07
    1.0571999512E+04    1.0865561138E-06
    1.0581999512E+04    7.6513415213E-07
    1.0591999512E+04    6.2665479707E-07
    1.0601999512E+04    8.7545847198E-07
    1.0611999512E+04    1.2304168257E-06
    1.0621999512E+04    7.4911596105E-07
    1.0631999512E+04    1.0945524623E-06
    1.0641999512E+04    9.0711323679E-07
    1.0651999512E+04    1.4448511194E-06
    1.0661999512E+04    6.6958879921E-07
    1.0671999512E+04    1.4210854571E-06
    1.0681999512E+04    1.1354423614E-06
    1.0691999512E+04    1.4404674088E-06
    1.0701999512E+04    6.8353352000E-07
    1.0711999512E+04    7.3384867954E-07
    1.0721999512E+04    1.1503610705E-06
    1.0731999512E+04    1.2401279761E-06
    1.0741999512E+04    1.5049727426E-06
    1.0751999512E+04    4.5120072037E-07
    1.0761999512E+04    1.3366282654E-06
    1.0771999512E+04    1.1940642431E-06
    1.0781999512E+04    1.2722300160E-06
    1.0791999512E+04    7.3977109705E-07
    1.0801999512E+04    1.2239991486E-06
    1.0811999512E+04    7.7036191124E-07
    1.0821999512E+04    3.4454361947E-07
    1.0831999512E+04    8.1302594147E-07
    1.0841999512E+04    9.7025105976E-07
    1.0851999512E+04    9.9629069872E-07
    1.0861999512E+04    9.8978125371E-07
    1.0871999512E+04    7.3953961309E-07
    1.0881999512E+04    2.8724199159E-07
    1.0891999512E+04    8.4779064940E-07
    1.0901999512E+04    3.5222024493E-07
    1.0911999512E+04    9.3763734784E-07
    1.0921999512E+04    5.2430719289E-07
    1.0931999512E+04    2.0692073834E-07
    1.0941999512E+04    4.1787802235E-07
    1.0951999512E+04    2.9212793471E-07
    1.0961999512E+04    4.6449248907E-07
    1.0971999512E+04    1.1625970189E-06
    1.0981999512E+04    6.7940192997E-07
    1.0991999512E+04    3.6089127985E-11
    1.1001999512E+04    7.6265258515E-07
    1.1011999512E+04    3.6201562771E-11
    1.1021999512E+04    6.9117782095E-07
    1.1031999512E+04    1.6595455824E-07
    1.1041999512E+04    3.5844958100E-07
    1.1051999512E+04    2.5482963426E-07
    1.1061999512E+04    9.4571616339E-07
    1.1071999512E+04    1.1742137499E-06
    1.1081999512E+04    8.9817257696E-07
    1.1091999512E+04    1.5592496628E-07
    1.1101999512E+04    3.6878690976E-07
    1.1111999512E+04    5.1155203624E-07
    1.1121999512E+04    8.4796499347E-07
    1.1131999512E+04    8.0657238802E-07
    1.1141999512E+04    1.1867530670E-06
    1.1151999512E+04    7.7846613223E-07
    1.1161999512E+04    1.2530541160E-06
    1.1171999512E+04    2.1925031861E-06
    1.1181999512E+04    2.2526446870E-07
    1.1191999512E+04    1.1376636419E-06
    1.1201999512E+04    9.5422251728E-07
    1.1211999512E+04    1.2994063607E-06
    1.1221999512E+04    1.6517635409E-06
    1.1231999512E+04    1.2632997947E-06
    1.1241999512E+04    2.0339500303E-06
    1.1251999512E+04    1.1732777785E-06
    1.1261999512E+04    1.4362413013E-06
    1.1271999512E+04    6.2704059339E-07
    1.1281999512E+04    1.5118086556E-06
    1.1291999512E+04    6.7239048963E-07
    1.1301999512E+04    1.0909848100E-06
    1.1311999512E+04    1.0959544615E-06
    1.1321999512E+04    9.8410194773E-07
    1.1331999512E+04    1.0939609895E-06
    1.1341999512E+04    1.3148552282E-06
    1.1351999512E+04    1.0957492325E-06
    1.1361999512E+04    3.7949355214E-07
    1.1371999512E+04    2.7838432131E-07
    1.1381999512E+04    6.8015790895E-07
    1.1391999512E+04    7.8279636431E-07
    1.1401999512E+04    6.8087313243E-07
    1.1411999512E+04    8.7644647865E-07
    1.1421999512E+04    8.2457754881E-07
    1.1431999512E+04    7.6529821032E-07
    1.1441999512E+04    3.7396913943E-11
    1.1451999512E+04    4.9673262031E-07
    1.1461999512E+04    3.5248976175E-07
    1.1471999512E+04    7.2739287276E-07
    1.1481999512E+04    5.7149382933E-07
    1.1491999512E+04    3.7820368380E-11
    1.1501999512E+04    5.6916982123E-07
    1.1511999512E+04    4.3660423203E-07
    1.1521999512E+04    3.7965387587E-11
    1.1531999512E+04    5.7076626165E-07
    1.1541999512E+04    8.6684092156E-09
    1.1551999512E+04    1.5578230864E-07
    1.1561999512E+04    9.1392519709E-07
    1.1571999512E+04    3.1879958299E-07
    1.1581999512E+04    3.8180761475E-11
    1.1591999512E+04    7.8954130585E-08
    1.1601999512E+04    1.3085235777E-07
    1.1611999512E+04    4.3692437258E-08
    1.1621999512E+04    4.9665933632E-07
    1.1631999512E+04    3.6864777140E-07
    1.1641999512E+04    3.3213081931E-07
    1.1651999512E+04    2.1995813874E-07
    1.1661999512E+04    7.0968700136E-08
    1.1671999512E+04    3.8429103840E-11
    1.1681999512E+04    7.1701001077E-07
    1.1691999512E+04    8.0283029403E-07
    1.1701999512E+04    3.0009361373E-07
    1.1711999512E+04    6.0837717557E-08
    1.1721999512E+04    8.1086747335E-07
    1.1731999512E+04    3.8504134187E-11
    1.1741999512E+04    5.3566948929E-07
    1.1751999512E+04    4.3127829145E-07
    1.1761999512E+04    7.7650533289E-07
    1.1771999512E+04    7.9374156380E-08
    1.1781999512E+04    1.3238851296E-07
    1.1791999512E+04    4.8541263037E-07
    1.1801999512E+04    4.4029412440E-07
    1.1811999512E+04    5.9180578660E-07
    1.1821999512E+04    2.5635063328E-07
    1.1831999512E+04    7.7302503713E-07
    1.1841999512E+04    3.6172538918E-07
    1.1851999512E+04    3.5309258525E-07
    1.1861999512E+04    8.8199430154E-08
    1.1871999512E+04    5.9918328674E-07
    1.1881999512E+04    1.4047774878E-07
    1.1891999512E+04    5.0021368013E-07
    1.1901999512E+04    3.7823448955E-07
    1.1911999512E+04    9.6669240773E-08
    1.1921999512E+04    9.9949810381E-07
    1.1931999512E+04    3.8518298247E-11
    1.1941999512E+04    3.4113561887E-08
    1.1951999512E+04    4.3461694636E-07
    1.1961999512E+04    3.8423813864E-11
    1.1971999512E+04    1.3494765992E-07
    1.1981999512E+04    6.3364848561E-07
    1.1991999512E+04    1.4635633547E-07
    1.2001999512E+04    2.4936530822E-08
    1.2011999512E+04    7.5960197095E-08
    1.2021999512E+04    2.9736974482E-07
    1.2031999512E+04    1.9902470571E-07
    1.2041999512E+04    2.3642801714E-07
    1.2051999512E+04    3.8505149212E-11
    1.2061999512E+04    1.0295296561E-06
    1.2071999512E+04    3.8519115649E-11
    1.2081999512E+04    8.3845296907E-08
    1.2091999512E+04    2.7571250074E-07
    1.2101999512E+04    5.8898121058E-08
    1.2111999512E+04    3.8048675369E-07
    1.2121999512E+04    1.1034004339E-07
    1.2131999512E+04    5.2959024756E-08
    1.2141999512E+04    3.3342001547E-07
    1.2151999512E+04    3.9027997113E-11
    1.2161999512E+04    3.9399428246E-07
    1.2171999512E+04    3.5525979384E-08
    1.2181999512E+04    5.1491154421E-07
    1.2191999512E+04    3.9265544541E-11
    1.2201999512E+04    6.0245462463E-08
    1.2211999512E+04    1.7202244923E-07
    1.2221999512E+04    3.9436810692E-11
    1.2231999512E+04    5.5360619645E-07
    1.2241999512E+04    2.5091119917E-07
    1.2251999512E+04    3.9536200521E-11
    1.2261999512E+04    7.9587157149E-07
    1.2271999512E+04    3.9619091378E-11
    1.2281999512E+04    3.0281162779E-07
    1.2291999512E+04    7.3945478665E-07
    1.2301999512E+04    3.9681595189E-11
    1.2311999512E+04    2.0018830859E-07
    1.2321999512E+04    6.1245927728E-07
    1.2331999512E+04    3.9741056738E-11
    1.2341999512E+04    3.9759374428E-11
    1.2351999512E+04    4.6257640152E-07
    1.2361999512E+04    3.9804230144E-11
    1.2371999512E+04    3.9860839959E-11
    1.2381999512E+04    2.7280936060E-07
    1.2391999512E+04    3.9893013371E-11
    1.2401999512E+04    3.9908389541E-11
    1.2411999512E+04    3.9931330849E-11
    1.2421999512E+04    3.9979613927E-11
    1.2431999512E+04    3.5504544189E-08
    1.2441999512E+04    2.5431672568E-07
    1.2451999512E+04    7.1394052008E-08
    1.2461999512E+04    6.1291152352E-07
    1.2471999512E+04    4.0046460147E-11
    1.2481999512E+04    2.1963123439E-07
    1.2491999512E+04    7.0697363966E-08
    1.2501999512E+04    1.2402695100E-07
    1.2511999512E+04    6.8643959712E-07
    1.2521999512E+04    4.0103522940E-11
    1.2531999512E+04    4.4661789248E-07
    1.2541999512E+04    3.3525443815E-07
    1.2551999512E+04    5.2886060577E-08
    1.2561999512E+04    8.8555694754E-08
    1.2571999512E+04    2.0373763165E-07
    1.2581999512E+04    2.0994751911E-07
    1.2591999512E+04    7.9946189451E-08
    1.2601999512E+04    1.0447987169E-07
    1.2611999512E+04    4.0222665290E-11
    1.2621999512E+04    3.9713851142E-07
    1.2631999512E+04    4.0231473288E-11
    1.2641999512E+04    1.6147023376E-08
    1.2651999512E+04    8.8553349805E-08
    1.2661999512E+04    4.0242435174E-11
    1.2671999512E+04    4.0245377905E-11
    1.2681999512E+04    6.3276255702E-07
    1.2691999512E+04    1.5836968469E-07
    1.2701999512E+04    7.7375556611E-07
    1.2711999512E+04    5.2248711570E-08
    1.2721999512E+04    4.0257957726E-11
    1.2731999512E+04    1.0618989432E-07
    1.2741999512E+04    2.5392540453E-07
    1.2751999512E+04    6.8795077342E-08
    1.2761999512E+04    3.2532113464E-07
    1.2771999512E+04    1.0668497505E-07
    1.2781999512E+04    3.7424038270E-07
    1.2791999512E+04    4.0292652400E-11
    1.2801999512E+04    5.5458559350E-07
    1.2811999512E+04    3.8557474111E-07
    1.2821999512E+04    1.1377514094E-07
    1.2831999512E+04    8.3496987044E-07
    1.2841999512E+04    2.6384286828E-07
    1.2851999512E+04    3.7666243404E-07
    1.2861999512E+04    4.0182495194E-07
    1.2871999512E+04    5.1085589340E-08
    1.2881999512E+04    8.4868591645E-07
    1.2891999512E+04    1.6183722929E-06
    1.2901999512E+04    4.0123703657E-11
    1.2911999512E+04    2.6152803975E-07
    1.2921999512E+04    5.5896672483E-07
    1.2931999512E+04    7.7007126046E-07
    1.2941999512E+04    9.1679368397E-07
    1.2951999512E+04    6.6458814799E-07
    1.2961999512E+04    3.8022944381E-10
    1.2971999512E+04    7.1885162297E-07
    1.2981999512E+04    1.7467334410E-07
    1.2991999512E+04    1.6626946922E-07
    1.3001999512E+04    2.5415527061E-07
    1.3011999512E+04    1.2121172898E-06
    1.3021999512E+04    3.1489279180E-07
    1.3031999512E+04    4.4788738636E-07
    1.3041999512E+04    4.4731806148E-07
    1.3051999512E+04    5.6447529198E-07
    1.3061999512E+04    1.5846058216E-07
    1.3071999512E+04    7.1760924641E-07
    1.3081999512E+04    9.7953289009E-07
    1.3091999512E+04    4.8324058025E-07
    1.3101999512E+04    3.4620850202E-07
    1.3111999512E+04    1.4718346848E-07
    1.3121999512E+04    4.1318187773E-07
    1.3131999512E+04    1.0193068265E-06
    1.3141999512E+04    1.0072833187E-06
    1.3151999512E+04    1.6905712453E-07
    1.3161999512E+04    1.6465644791E-06
    1.3171999512E+04    1.0486824119E-06
    1.3181999512E+04    1.8720137943E-07
    1.3191999512E+04    1.0691263337E-07
    1.3201999512E+04    2.4094146741E-07
    1.3211999512E+04    2.1604780596E-07
    1.3221999512E+04    5.4512906422E-08
    1.3231999512E+04    1.7864906205E-07
    1.3241999512E+04    3.1452328716E-07
    1.3251999512E+04    5.5452309279E-07
    1.3261999512E+04    8.0965461345E-07
    1.3271999512E+04    4.1276753868E-11
    1.3281999512E+04    4.7613243985E-07
    1.3291999512E+04    2.0923190261E-07
    1.3301999512E+04    2.9461179295E-07
    1.3311999512E+04    4.6412450622E-08
    1.3321999512E+04    1.8458725392E-06
    1.3331999512E+04    4.1360808083E-11
    1.3341999512E+04    6.2577439293E-07
    1.3351999512E+04    5.6911214227E-07
    1.3361999512E+04    4.8096174456E-07
    1.3371999512E+04    6.2395546490E-07
    1.3381999512E+04    5.8556085215E-07
    1.3391999512E+04    1.2596289548E-06
    1.3401999512E+04    2.7127579854E-07
    1.3411999512E+04    3.5304780636E-07
    1.3421999512E+04    6.5345083043E-07
    1.3431999512E+04    1.0935604939E-06
    1.3441999512E+04    7.6367443322E-07
    1.3451999512E+04    4.1597156609E-11
    1.3461999512E+04    1.2182949311E-06
    1.3471999512E+04    3.0921008699E-07
    1.3481999512E+04    4.1667978790E-11
    1.3491999512E+04    4.1878289863E-07
    1.3501999512E+04    3.2447389782E-07
    1.3511999512E+04    7.4071447162E-07
    1.3521999512E+04    1.1948195514E-06
    1.3531999512E+04    1.7876197682E-08
    1.3541999512E+04    6.2789177956E-08
    1.3551999512E+04    4.3778495375E-07
    1.3561999512E+04    1.2548442701E-06
    1.3571999512E+04    2.1007126876E-07
    1.3581999512E+04    2.6322102779E-08
    1.3591999512E+04    8.3078938481E-07
    1.3601999512E+04    7.3362020123E-07
    1.3611999512E+04    4.1912501548E-11
    1.3621999512E+04    6.2735548263E-07
    1.3631999512E+04    3.9396962231E-07
    1.3641999512E+04    6.4866854748E-07
    1.3651999512E+04    8.9781047560E-07
    1.3661999512E+04    4.1972351998E-11
    1.3671999512E+04    3.0812640640E-07
    1.3681999512E+04    8.2043518827E-07
    1.3691999512E+04    1.8987774966E-07
    1.3701999512E+04    4.2023859705E-11
    1.3711999512E+04    1.4711413113E-06
    1.3721999512E+04    7.0241337722E-07
    1.3731999512E+04    5.0646519665E-07
    1.3741999512E+04    9.2349189098E-07
    1.3751999512E+04    3.2383827669E-07
    1.3761999512E+04    7.5182410641E-07
    1.3771999512E+04    2.3449451732E-07
    1.3781999512E+04    2.1435696011E-07
    1.3791999512E+04    1.1937040006E-06
    1.3801999512E+04    1.0173281795E-06
    1.3811999512E+04    1.3264117133E-07
    1.3821999512E+04    1.3669175005E-06
    1.3831999512E+04    1.0009691843E-06
    1.3841999512E+04    2.4760248914E-07
    1.3851999512E+04    1.4834544270E-06
    1.3861999512E+04    8.4357516073E-07
    1.3871999512E+04    5.2711382970E-07
    1.3881999512E+04    8.4358501578E-07
    1.3891999512E+04    1.5326594939E-06
    1.3901999512E+04    9.1646323414E-07
    1.3911999512E+04    1.0732662518E-06
    1.3921999512E+04    6.8899714224E-08
    1.3931999512E+04    1.1679111770E-06
    1.3941999512E+04    5.9790982926E-07
    1.3951999512E+04    1.1223059372E-06
    1.3961999512E+04    4.7461415167E-07
    1.3971999512E+04    3.4702826885E-07
    1.3981999512E+04    3.5711432958E-07
    1.3991999512E+04    4.2284767251E-11
    1.4001999512E+04    5.2676536276E-07
    1.4011999512E+04    1.1426143303E-07
    1.4021999512E+04    8.9882373733E-07
    1.4031999512E+04    2.6550957173E-07
    1.4041999512E+04    1.6845628329E-07
    1.4051999512E+04    1.1777240547E-06
    1.4061999512E+04    7.7882118363E-07
    1.4071999512E+04    4.6189908868E-07
    1.4081999512E+04    6.5043309168E-07
    1.4091999512E+04    3.1289873938E-07
    1.4101999512E+04    1.0984669066E-06
    1.4111999512E+04    3.1051554308E-07
    1.4121999512E+04    3.3169912534E-07
    1.4131999512E+04    5.6737550324E-07
    1.4141999512E+04    7.0997547988E-07
    1.4151999512E+04    6.5019668730E-07
    1.4161999512E+04    8.3864134251E-08
    1.4171999512E+04    7.5666048449E-07
    1.4181999512E+04    1.2182996737E-06
    1.4191999512E+04    1.0384964066E-06
    1.4201999512E+04    1.4885932174E-06
    1.4211999512E+04    8.3932960819E-09
    1.4221999512E+04    4.4363598985E-07
    1.4231999512E+04    1.0809652828E-06
    1.4241999512E+04    4.7271661512E-07
    1.4251999512E+04    9.2709068585E-07
    1.4261999512E+04    1.1702948274E-06
    1.4271999512E+04    4.6160208954E-07
    1.4281999512E+04    7.6586121144E-07
    1.4291999512E+04    3.2814407262E-07
    1.4301999512E+04    3.8897466460E-07
    1.4311999512E+04    5.3352174326E-07
    1.4321999512E+04    6.7358642484E-08
    1.4331999512E+04    1.1551567029E-06
    1.4341999512E+04    8.6943805752E-07
    1.4351999512E+04    5.7987357189E-07
    1.4361999512E+04    6.6261164486E-08
    1.4371999512E+04    8.3552111391E-07
    1.4381999512E+04    4.8379500276E-07
    1.4391999512E+04    1.8089449397E-07
    1.4401999512E+04    9.3351153085E-07
    1.4411999512E+04    4.3570320270E-11
    1.4421999512E+04    4.1686471183E-07
    1.4431999512E+04    4.3631197840E-11
    1.4441999512E+04    4.5831843848E-07
    1.4451999512E+04    9.0117697501E-07
    1.4461999512E+04    1.9048300968E-07
    1.4471999512E+04    2.2812838744E-07
    1.4481999512E+04    6.8909742616E-07
    1.4491999512E+04    7.7756921575E-07
    1.4501999512E+04    1.8894861622E-07
    1.4511999512E+04    4.3755255419E-11
    1.4521999512E+04    7.4541110372E-07
    1.4531999512E+04    8.9189068086E-07
    1.4541999512E+04    4.3815786215E-11
    1.4551999512E+04    1.1397484172E-06
    1.4561999512E+04    3.2225650020E-07
    1.4571999512E+04    7.8869644305E-07
    1.4581999512E+04    1.0190275575E-06
    1.4591999512E+04    4.3892794769E-11
    1.4601999512E+04    1.7476500781E-06
    1.4611999512E+04    4.3898881877E-11
    1.4621999512E+04    1.2822889873E-06
    1.4631999512E+04    8.7536913609E-07
    1.4641999512E+04    4.5777963726E-07
    1.4651999512E+04    1.1909421358E-06
    1.4661999512E+04    1.7145169579E-07
    1.4671999512E+04    7.3982210501E-07
    1.4681999512E+04    6.2803932465E-07
    1.4691999512E+04    1.7121125254E-07
    1.4701999512E+04    8.7245659743E-07
    1.4711999512E+04    4.4014565493E-11
    1.4721999512E+04    5.9955644387E-07
    1.4731999512E+04    8.4424645400E-08
    1.4741999512E+04    3.3221950933E-07
    1.4751999512E+04    7.3663044695E-08
    1.4761999512E+04    1.1480143351E-06
    1.4771999512E+04    1.3966626124E-06
    1.4781999512E+04    1.2464739052E-07
    1.4791999512E+04    7.1550455238E-07
    1.4801999512E+04    6.3530542785E-07
    1.4811999512E+04    1.0266948815E-06
    1.4821999512E+04    1.3465840798E-06
    1.4831999512E+04    4.4124213817E-11
    1.4841999512E+04    4.4165655942E-11
    1.4851999512E+04    5.6594942893E-07
    1.4861999512E+04    8.3042886954E-07
    1.4871999512E+04    7.7737494139E-08
    1.4881999512E+04    4.4216777097E-11
    1.4891999512E+04    6.7792517447E-08
    1.4901999512E+04    1.3559171628E-06
    1.4911999512E+04    2.8174166875E-08
    1.4921999512E+04    6.1007570754E-07
    1.4931999512E+04    3.4349248021E-07
    1.4941999512E+04    7.6571235654E-08
    1.4951999512E+04    4.4282268974E-11
    1.4961999512E+04    8.4668635286E-07
    1.4971999512E+04    5.7091791567E-07
    1.4981999512E+04    9.5569711236E-08
    1.4991999512E+04    5.6129284781E-08
    1.5001999512E+04    1.1502953309E-06
    1.5011999512E+04    5.3611059938E-07
    1.5021999512E+04    5.9455926881E-07
    1.5031999512E+04    2.5749066207E-07
    1.5041999512E+04    4.3870859602E-07
    1.5051999512E+04    3.5275904449E-07
    1.5061999512E+04    5.3390199256E-07
    1.5071999512E+04    3.8523051882E-08
    1.5081999512E+04    3.1898801361E-07
    1.5091999512E+04    1.1544933608E-06
    1.5101999512E+04    3.1238918398E-08
    1.5111999512E+04    9.3875079002E-07
    1.5121999512E+04    1.0003578544E-07
    1.5131999512E+04    5.8865092350E-07
    1.5141999512E+04    3.9686940626E-07
    1.5151999512E+04    1.0333568831E-06
    1.5161999512E+04    4.4809473372E-11
    1.5171999512E+04    4.4830358977E-11
    1.5181999512E+04    7.3725889354E-07
    1.5191999512E+04    9.8173557561E-07
    1.5201999512E+04    9.1300279349E-08
    1.5211999512E+04    4.4960417554E-11
    1.5221999512E+04    3.9431873430E-07
    1.5231999512E+04    6.8491063102E-07
    1.5241999512E+04    8.1587144433E-07
    1.5251999512E+04    7.0002971846E-07
    1.5261999512E+04    1.6323901385E-07
    1.5271999512E+04    7.8946369536E-07
    1.5281999512E+04    1.6053912897E-06
    1.5291999512E+04    4.5128418351E-11
    1.5301999512E+04    1.0488538107E-06
    1.5311999512E+04    8.3754675410E-07
    1.5321999512E+04    8.6804119940E-07
    1.5331999512E+04    3.7874419600E-07
    1.5341999512E+04    5.4293313002E-07
    1.5351999512E+04    7.3683764798E-07
    1.5361999512E+04    1.1380629909E-06
    1.5371999512E+04    8.9656412448E-08
    1.5381999512E+04    1.2925985859E-09
    1.5391999512E+04    5.6662868233E-07
    1.5401999512E+04    1.6395579797E-07
    1.5411999512E+04    6.3721444403E-07
    1.5421999512E+04    6.6849918090E-07
    1.5431999512E+04    9.5493326456E-07
    1.5441999512E+04    1.3022613229E-07
    1.5451999512E+04    4.6857189450E-07
    1.5461999512E+04    7.6849853595E-08
    1.5471999512E+04    5.3447381634E-07
    1.5481999512E+04    1.0662204186E-06
    1.5491999512E+04    1.1042578990E-07
    1.5501999512E+04    5.9192048353E-08
    1.5511999512E+04    7.5461213450E-07
    1.5521999512E+04    7.5965333048E-07
    1.5531999512E+04    5.1444377583E-07
    1.5541999512E+04    4.4029350294E-07
    1.5551999512E+04    4.3192049304E-07
    1.5561999512E+04    1.1811025682E-06
    1.5571999512E+04    9.7265764200E-08
    1.5581999512E+04    2.0501943591E-07
    1.5591999512E+04    1.4431710631E-07
    1.5601999512E+04    2.5009246023E-07
    1.5611999512E+04    9.0027619826E-07
    1.5621999512E+04    6.7435412976E-07
    1.5631999512E+04    2.9350002294E-07
    1.5641999512E+04    5.0981852690E-07
    1.5651999512E+04    3.5336676763E-07
    1.5661999512E+04    5.0095537615E-07
    1.5671999512E+04    9.7844678282E-07
    1.5681999512E+04    7.5541531818E-07
    1.5691999512E+04    3.7144119871E-07
    1.5701999512E+04    1.2469529941E-07
    1.5711999512E+04    1.2472810084E-06
    1.5721999512E+04    7.0744780278E-07
    1.5731999512E+04    1.1918062856E-06
    1.5741999512E+04    4.6169087671E-07
    1.5751999512E+04    1.1600562499E-06
    1.5761999512E+04    9.1982952680E-07
    1.5771999512E+04    1.3208502118E-07
    1.5781999512E+04    9.8187644985E-07
    1.5791999512E+04    2.4572882344E-06
    1.5801999512E+04    7.3107090154E-07
    1.5811999512E+04    4.5510905176E-11
    1.5821999512E+04    6.6796104303E-07
    1.5831999512E+04    4.5472048307E-11
    1.5841999512E+04    8.4756035932E-07
    1.5851999512E+04    4.5439666549E-11
    1.5861999512E+04    1.0351623196E-06
    1.5871999512E+04    1.9349198733E-07
    1.5881999512E+04    1.3752271739E-06
    1.5891999512E+04    2.0921286538E-07
    1.5901999512E+04    2.2483696443E-07
    1.5911999512E+04    1.1935655183E-06
    1.5921999512E+04    7.4719559170E-07
    1.5931999512E+04    1.6527658938E-06
    1.5941999512E+04    6.3157932090E-08
    1.5951999512E+04    1.6309042683E-06
    1.5961999512E+04    4.0185851753E-07
    1.5971999512E+04    1.2783890744E-06
    1.5981999512E+04    1.3225885515E-06
    1.5991999512E+04    1.0332038904E-06
    1.6001999512E+04    1.6498833462E-06
    1.6011999512E+04    1.1803504645E-07
    1.6021999512E+04    1.7671653756E-06
    1.6031999512E+04    6.2244374231E-08
    1.6041999512E+04    1.9265097240E-06
    1.6051999512E+04    1.2346678837E-06
    1.6061999512E+04    2.9836127606E-07
    1.6071999512E+04    1.2254127302E-06
    1.6081999512E+04    1.0600707027E-06
    1.6091999512E+04    5.1862047994E-07
    1.6101999512E+04    1.6992484463E-06
    1.6111999512E+04    3.6659018243E-07
    1.6121999512E+04    1.7757826669E-06
    1.6131999512E+04    2.3295389258E-07
    1.6141999512E+04    6.2799906127E-07
    1.6151999512E+04    9.9873584069E-07
    1.6161999512E+04    1.5727024265E-07
    1.6171999512E+04    2.2658487254E-06
    1.6181999512E+04    6.5322459812E-08
    1.6191999512E+04    1.1545199517E-06
    1.6201999512E+04    4.5786631617E-11
    1.6211999512E+04    5.7284628976E-07
    1.6221999512E+04    1.9093129476E-06
    1.6231999512E+04    2.0769521053E-07
    1.6241999512E+04    1.1770979134E-06
    1.6251999512E+04    7.1729219240E-07
    1.6261999512E+04    1.5715978531E-06
    1.6271999512E+04    3.8630460548E-06
    1.6281999512E+04    1.1570220497E-06
    1.6291999512E+04    1.5263916151E-06
    1.6301999512E+04    1.1880788940E-06
    1.6311999512E+04    2.2075971473E-06
    1.6321999512E+04    1.2042469892E-06
    1.6331999512E+04    1.4726379339E-06
    1.6341999512E+04    1.6522029115E-06
    1.6351999512E+04    1.6595823448E-06
    1.6361999512E+04    1.8019272176E-06
    1.6371999512E+04    1.3566100974E-06
    1.6381999512E+04    1.3818803484E-06
    1.6391999512E+04    1.2585665940E-06
    1.6401999512E+04    2.2172417975E-06
    1.6411999512E+04    2.5509180177E-07
    1.6421999512E+04    1.4056902461E-06
    1.6431999512E+04    1.0079263304E-06
    1.6441999512E+04    1.0923339593E-06
    1.6451999512E+04    7.4442783417E-07
    1.6461999512E+04    1.6967651816E-06
    1.6471999512E+04    1.8738224136E-06
    1.6481999512E+04    2.0270855919E-07
    1.6491999512E+04    1.2798349880E-06
    1.6501999512E+04    1.6463469323E-06
    1.6511999512E+04    1.1727181663E-06
    1.6521999512E+04    1.4064467272E-06
    1.6531999512E+04    5.7271419967E-07
    1.6541999512E+04    1.3473536777E-06
    1.6551999512E+04    6.5648024863E-07
    1.6561999512E+04    1.0824249627E-06
    1.6571999512E+04    2.1387130526E-06
    1.6581999512E+04    1.1041511233E-06
    1.6591999512E+04    1.5183882786E-06
    1.6601999512E+04    6.5259264265E-07
    1.6611999512E+04    7.1132719694E-07
    1.6621999512E+04    4.4514460808E-07
    1.6631999512E+04    3.5931716827E-07
    1.6641999512E+04    2.3739558042E-06
    1.6651999512E+04    9.3856092763E-07
    1.6661999512E+04    6.4749668793E-07
    1.6671999512E+04    1.1096118938E-06
    1.6681999512E+04    1.1787216798E-06
    1.6691999512E+04    1.5391744794E-06
    1.6701999512E+04    1.4341144355E-07
    1.6711999512E+04    4.3916686883E-07
    1.6721999512E+04    6.0275496174E-07
    1.6731999512E+04    6.7825084449E-07
    1.6741999512E+04    9.3997107825E-07
    1.6751999512E+04    1.8833056747E-06
    1.6761999512E+04    1.2049983563E-07
    1.6771999512E+04    1.4827089490E-06
    1.6781999512E+04    1.0317019287E-06
    1.6791999512E+04    1.0683884114E-06
    1.6801999512E+04    1.1673304057E-06
    1.6811999512E+04    1.2178390860E-06
    1.6821999512E+04    4.9048019851E-07
    1.6831999512E+04    1.6605931810E-06
    1.6841999512E+04    8.6144323722E-07
    1.6851999512E+04    6.2461245175E-07
    1.6861999512E+04    8.1026763243E-08
    1.6871999512E+04    9.2411365111E-08
    1.6881999512E+04    1.6801860747E-07
    1.6891999512E+04    4.4958230887E-08
    1.6901999512E+04    5.7276290307E-07
    1.6911999512E+04    9.6719709201E-07
    1.6921999512E+04    1.3332180362E-06
    1.6931999512E+04    1.5535768836E-06
    1.6941999512E+04    7.7111817260E-07
    1.6951999512E+04    1.2871026926E-07
    1.6961999512E+04    4.6596228699E-11
    1.6971999512E+04    1.9129292557E-06
    1.6981999512E+04    1.3632577654E-07
    1.6991999512E+04    1.4447721120E-06
    1.7001999512E+04    1.8766740731E-06
    1.7011999512E+04    2.4211253185E-07
    1.7021999512E+04    4.1301399603E-07
    1.7031999512E+04    1.1251591132E-06
    1.7041999512E+04    3.7727096751E-08
    1.7051999512E+04    6.2986140079E-08
    1.7061999512E+04    4.6487289819E-11
    1.7071999512E+04    2.5406212078E-06
    1.7081999512E+04    2.9851368190E-07
    1.7091999512E+04    1.1251629320E-06
    1.7101999512E+04    5.7910466294E-07
    1.7111999512E+04    8.5877001467E-07
    1.7121999512E+04    1.0716630081E-06
    1.7131999512E+04    5.1309242004E-07
    1.7141999512E+04    1.4100759745E-06
    1.7151999512E+04    1.5885482933E-06
    1.7161999512E+04    1.7609135829E-07
    1.7171999512E+04    7.9984285424E-07
    1.7181999512E+04    5.2209583384E-07
    1.7191999512E+04    9.6939771875E-07
    1.7201999512E+04    3.1141410649E-07
    1.7211999512E+04    1.2054228267E-06
    1.7221999512E+04    7.2379733110E-07
    1.7231999512E+04    5.8338680585E-07
    1.7241999512E+04    7.9679709550E-07
    1.7251999512E+04    1.7737303690E-06
    1.7261999512E+04    1.0550396399E-06
    1.7271999512E+04    6.1582136053E-07
    1.7281999512E+04    8.7373878286E-07
    1.7291999512E+04    4.6711670806E-11
    1.7301999512E+04    9.6089863951E-07
    1.7311999512E+04    9.5184334078E-07
    1.7321999512E+04    6.4430158505E-07
    1.7331999512E+04    2.4869391923E-08
    1.7341999512E+04    7.6948448965E-07
    1.7351999512E+04    1.1205189566E-06
    1.7361999512E+04    1.2217576922E-06
    1.7371999512E+04    8.2070010861E-07
    1.7381999512E+04    7.0413367214E-07
    1.7391999512E+04    2.7940497866E-07
    1.7401999512E+04    5.4963919129E-07
    1.7411999512E+04    1.8046514417E-06
    1.7421999512E+04    8.8206103833E-07
    1.7431999512E+04    4.6779234758E-11
    1.7441999512E+04    7.4120920889E-09
    1.7451999512E+04    4.7066818689E-07
    1.7461999512E+04    4.6939090474E-07
    1.7471999512E+04    1.3293512497E-07
    1.7481999512E+04    4.6780954653E-11
    1.7491999512E+04    6.7262560188E-07
    1.7501999512E+04    1.1950405541E-07
    1.7511999512E+04    4.4656379120E-07
    1.7521999512E+04    4.5387981755E-07
    1.7531999512E+04    7.1087535834E-07
    1.7541999512E+04    1.2271383200E-06
    1.7551999512E+04    1.6543863236E-06
    1.7561999512E+04    1.0141095307E-06
    1.7571999512E+04    2.4897136516E-07
    1.7581999512E+04    1.7218901304E-06
    1.7591999512E+04    1.0847054591E-06
    1.7601999512E+04    3.5262543134E-07
    1.7611999512E+04    1.6682587046E-06
    1.7621999512E+04    1.8304142951E-07
    1.7631999512E+04    4.6941692820E-08
    1.7641999512E+04    5.7773264249E-07
    1.7651999512E+04    6.1780793081E-07
    1.7661999512E+04    1.9114404691E-06
    1.7671999512E+04    1.9348871799E-06
    1.7681999512E+04    1.4872394551E-07
    1.7691999512E+04    4.6814593605E-11
    1.7701999512E+04    2.3446661557E-07
    1.7711999512E+04    1.9221070969E-06
    1.7721999512E+04    4.2886975298E-07
    1.7731999512E+04    7.5333380251E-07
    1.7741999512E+04    1.6412465218E-06
    1.7751999512E+04    1.9642292116E-06
    1.7761999512E+04    5.7677787486E-07
    1.7771999512E+04    1.1023521417E-06
    1.7781999512E+04    3.5461065026E-07
    1.7791999512E+04    2.0161258433E-06
    1.7801999512E+04    5.0594264511E-07
    1.7811999512E+04    1.6394134356E-06
    1.7821999512E+04    1.5219412406E-06
    1.7831999512E+04    3.3624096280E-06
    1.7841999512E+04    1.3845071320E-06
    1.7851999512E+04    4.6949446184E-11
    1.7861999512E+04    1.9869629631E-06
    1.7871999512E+04    2.1043480104E-06
    1.7881999512E+04    9.9604713480E-07
    1.7891999512E+04    6.9700456560E-07
    1.7901999512E+04    1.0754232382E-06
    1.7911999512E+04    1.7368866050E-06
    1.7921999512E+04    1.5708824658E-06
    1.7931999512E+04    3.3414807548E-06
    1.7941999512E+04    3.6093071388E-06
    1.7951999512E+04    4.7261329087E-11
    1.7961999512E+04    1.3953328455E-06
    1.7971999512E+04    1.5666988452E-06
    1.7981999512E+04    1.6129006499E-06
    1.7991999512E+04    1.8492014958E-06
    1.8001999512E+04    2.7246652049E-06
    1.8011999512E+04    4.7392736520E-11
    1.8021999512E+04    5.5154599001E-07
    1.8031999512E+04    1.9770911030E-06
    1.8041999512E+04    2.3430400466E-06
    1.8051999512E+04    3.1518963978E-07
    1.8061999512E+04    2.6147477193E-06
    1.8071999512E+04    1.7886277016E-06
    1.8081999512E+04    2.2942679138E-06
    1.8091999512E+04    2.9982820007E-06
    1.8101999512E+04    2.9845023897E-06
    1.8111999512E+04    3.4444560994E-07
    1.8121999512E+04    3.3122544948E-06
    1.8131999512E+04    3.8051685031E-06
    1.8141999512E+04    1.5381671781E-06
    1.8151999512E+04    1.1108538503E-06
    1.8161999512E+04    3.0012666297E-06
    1.8171999512E+04    1.4255986607E-06
    1.8181999512E+04    4.0794960870E-06
    1.8191999512E+04    5.0415391205E-06
    1.8201999512E+04    5.9336026570E-06
    1.8211999512E+04    6.1047052779E-06
    1.8221999512E+04    7.0370959647E-06
    1.8231999512E+04    1.0603353851E-05
    1.8241999512E+04    1.0611919358E-05
    1.8251999512E+04    1.6641079099E-05
    1.8261999512E+04    1.6024169636E-05
    1.8271999512E+04    2.1194419249E-05
    1.8281999512E+04    2.7406156117E-05
    1.8291999512E+04    3.1461276857E-05
    1.8301999512E+04    4.0251447508E-05
    1.8311999512E+04    4.6757532230E-05
    1.8321999512E+04    6.2183734910E-05
    1.8331999512E+04    7.0108740104E-05
    1.8341999512E+04    9.0972104333E-05
    1.8351999512E+04    1.1834844094E-04
    1.8361999512E+04    1.5620166629E-04
    1.8371999512E+04    2.0012649743E-04
    1.8381999512E+04    2.8032166157E-04
    1.8391999512E+04    4.0349825580E-04
    1.8401999512E+04    6.0442777688E-04
    1.8411999512E+04    9.3861323226E-04
    1.8421999512E+04    1.5238243199E-03
    1.8431999512E+04    2.4810433522E-03
    1.8441999512E+04    3.9619034615E-03
    1.8451999512E+04    6.1583860461E-03
    1.8461999512E+04    9.1733114180E-03
    1.8471999512E+04    1.3045429345E-02
    1.8481999512E+04    1.7874306647E-02
    1.8491999512E+04    2.3436925339E-02
    1.8501999512E+04    2.9338581367E-02
    1.8511999512E+04    3.5381994636E-02
    1.8521999512E+04    4.0636331902E-02
    1.8531999512E+04    4.6069573460E-02
    1.8541999512E+04    4.9601919780E-02
    1.8551999512E+04    5.7896200211E-02
    1.8561999512E+04    6.5820846952E-02
    1.8571999512E+04    7.7093130319E-02
    1.8581999512E+04    8.8698465429E-02
    1.8591999512E+04    1.0621019834E-01
    1.8601999512E+04    1.2581030771E-01
    1.8611999512E+04    1.5402407537E-01
    1.8621999512E+04    1.8629793966E-01
    1.8631999512E+04    2.2647625682E-01
    1.8641999512E+04    2.7865935569E-01
    1.8651999512E+04    3.2141760496E-01
    1.8661999512E+04    3.6642195795E-01
    1.8671999512E+04    4.0019231371E-01
    1.8681999512E+04    4.2511527680E-01
    1.8691999512E+04    4.3721499237E-01
    1.8701999512E+04    4.4601536751E-01
    1.8711999512E+04    4.4780240763E-01
    1.8721999512E+04    4.4705134108E-01
    1.8731999512E+04    4.4811871612E-01
    1.8741999512E+04    4.4667339111E-01
    1.8751999512E+04    4.4324716413E-01
    1.8761999512E+04    4.4090935869E-01
    1.8771999512E+04    4.3588359875E-01
    1.8781999512E+04    4.2403959298E-01
    1.8791999512E+04    4.0873795289E-01
    1.8801999512E+04    3.8231567896E-01
    1.8811999512E+04    3.5328952281E-01
    1.8821999512E+04    3.1318437187E-01
    1.8831999512E+04    2.7105865737E-01
    1.8841999512E+04    2.2901957049E-01
    1.8851999512E+04    1.9128920250E-01
    1.8861999512E+04    1.6188668579E-01
    1.8871999512E+04    1.3560970278E-01
    1.8881999512E+04    1.1594439142E-01
    1.8891999512E+04    9.8319190346E-02
    1.8901999512E+04    8.6172412419E-02
    1.8911999512E+04    7.4042107211E-02
    1.8921999512E+04    6.6225951246E-02
    1.8931999512E+04    5.8074671864E-02
    1.8941999512E+04    5.1518521690E-02
    1.8951999512E+04    4.3838082914E-02
    1.8961999512E+04    3.6332519636E-02
    1.8971999512E+04    2.9150372736E-02
    1.8981999512E+04    2.2497700386E-02
    1.8991999512E+04    1.7433601480E-02
    1.9001999512E+04    1.2826142571E-02
    1.9011999512E+04    9.1548947928E-03
    1.9021999512E+04    6.3201714040E-03
    1.9031999512E+04    4.2131616192E-03
    1.9041999512E+04    2.6817901262E-03
    1.9051999512E+04    1.7515673604E-03
    1.9061999512E+04    1.1370806809E-03
    1.9071999512E+04    7.4111227292E-04
    1.9081999512E+04    5.0347327947E-04
    1.9091999512E+04    3.5444566831E-04
    1.9101999512E+04    2.4891607590E-04
    1.9111999512E+04    1.8496775700E-04
    1.9121999512E+04    1.3828174890E-04
    1.9131999512E+04    1.0517926893E-04
    1.9141999512E+04    8.1158919038E-05
    1.9151999512E+04    6.6367058173E-05
    1.9161999512E+04    5.3540659446E-05
    1.9171999512E+04    4.2803200618E-05
    1.9181999512E+04    3.4593468877E-05
    1.9191999512E+04    2.3432723016E-05
    1.9201999512E+04    2.5235774368E-05
    1.9211999512E+04    1.9842161577E-05
    1.9221999512E+04    1.4038806153E-05
    1.9231999512E+04    1.2892284351E-05
    1.9241999512E+04    1.0304646918E-05
    1.9251999512E+04    7.7332370129E-06
    1.9261999512E+04    4.9084170282E-06
    1.9271999512E+04    7.0663358446E-06
    1.9281999512E+04    5.6683742478E-06
    1.9291999512E+04    5.8658921357E-06
    1.9301999512E+04    3.5844188699E-06
    1.9311999512E+04    5.7425276172E-06
    1.9321999512E+04    5.4754858824E-06
    1.9331999512E+04    2.7387822137E-06
    1.9341999512E+04    2.2630613331E-06
    1.9351999512E+04    4.9780164737E-06
    1.9361999512E+04    3.9496048419E-06
    1.9371999512E+04    4.8214550841E-11
    1.9381999512E+04    4.4891403535E-06
    1.9391999512E+04    1.1877687638E-06
    1.9401999512E+04    3.0098944719E-06
    1.9411999512E+04    1.9389935867E-06
    1.9421999512E+04    4.6010780369E-06
    1.9431999512E+04    8.6318946181E-07
    1.9441999512E+04    2.6729674919E-06
    1.9451999512E+04    1.1508739995E-07
    1.9461999512E+04    7.2142591040E-07
    1.9471999512E+04    1.5921388758E-06
    1.9481999512E+04    2.9628768194E-07
    1.9491999512E+04    2.3521807706E-06
    1.9501999512E+04    3.8470918724E-06
    1.9511999512E+04    1.4263575334E-06
    1.9521999512E+04    9.6803067913E-07
    1.9531999512E+04    3.5885322463E-06
    1.9541999512E+04    1.8021198173E-06
    1.9551999512E+04    1.8418407856E-06
    1.9561999512E+04    1.2425808309E-06
    1.9571999512E+04    4.8686004064E-11
    1.9581999512E+04    9.0648705100E-07
    1.9591999512E+04    2.2401029833E-06
    1.9601999512E+04    4.3003592842E-06
    1.9611999512E+04    9.3195382344E-07
    1.9621999512E+04    1.7069353744E-06
    1.9631999512E+04    5.0017774007E-07
    1.9641999512E+04    1.0085799266E-06
    1.9651999512E+04    3.4078944636E-06
    1.9661999512E+04    1.4868121130E-06
    1.9671999512E+04    2.0410830931E-06
    1.9681999512E+04    1.9837139282E-06
    1.9691999512E+04    3.4088261090E-06
    1.9701999512E+04    2.3979876308E-06
    1.9711999512E+04    8.0388888956E-07
    1.9721999512E+04    1.8198523022E-06
    1.9731999512E+04    4.8819866765E-11
    1.9741999512E+04    4.1797821696E-06
    1.9751999512E+04    4.8804356272E-11
    1.9761999512E+04    4.6144361923E-06
    1.9771999512E+04    2.8192768481E-06
    1.9781999512E+04    8.2798742986E-07
    1.9791999512E+04    1.7655967732E-06
    1.9801999512E+04    4.3757141633E-06
    1.9811999512E+04    4.6832520276E-06
    1.9821999512E+04    3.4582143076E-07
    1.9831999512E+04    4.0137136001E-06
    1.9841999512E+04    3.0510651761E-06
    1.9851999512E+04    2.7868488435E-06
    1.9861999512E+04    1.7830357676E-06
    1.9871999512E+04    2.0980366040E-06
    1.9881999512E+04    1.5064494904E-06
    1.9891999512E+04    1.9886364350E-06
    1.9901999512E+04    1.9426072130E-06
    1.9911999512E+04    5.1133814130E-06
    1.9921999512E+04    3.6469094744E-06
    1.9931999512E+04    2.2499820024E-06
    1.9941999512E+04    4.8618475999E-11
    1.9951999512E+04    3.2078575333E-06
    1.9961999512E+04    1.8464318924E-06
    1.9971999512E+04    5.3728808229E-07
    1.9981999512E+04    3.3589752822E-06
    1.9991999512E+04    4.8478964486E-11
    2.0001999512E+04    7.6058259286E-07
    2.0011999512E+04    4.7333071274E-06
    2.0021999512E+04    1.8928745953E-06
    2.0031999512E+04    4.8732151566E-11
    2.0041999512E+04    5.8415954009E-06
    2.0051999512E+04    4.8790582877E-11
    2.0061999512E+04    2.6681253310E-06
    2.0071999512E+04    4.4957472471E-06
    2.0081999512E+04    3.9712740549E-06
    2.0091999512E+04    2.1366431487E-06
    2.0101999512E+04    3.9919994307E-06
    2.0111999512E+04    2.3212064535E-06
    2.0121999512E+04    1.4206671890E-06
    2.0131999512E+04    6.1413313552E-06
    2.0141999512E+04    5.2757974368E-07
    2.0151999512E+04    1.7291798160E-06
    2.0161999512E+04    2.9515550606E-07
    2.0171999512E+04    2.9223961708E-06
    2.0181999512E+04    2.4243307754E-06
    2.0191999512E+04    2.7602625982E-06
    2.0201999512E+04    2.7985317406E-06
    2.0211999512E+04    1.5189106064E-06
    2.0221999512E+04    3.1473021606E-06
    2.0231999512E+04    2.1329846347E-06
    2.0241999512E+04    1.9288838935E-06
    2.0251999512E+04    2.1571759370E-06
    2.0261999512E+04    6.3954134276E-06
    2.0271999512E+04    7.7327051497E-07
    2.0281999512E+04    2.5628461337E-06
    2.0291999512E+04    2.4314797356E-06
    2.0301999512E+04    1.0401346810E-06
    2.0311999512E+04    2.1169214676E-06
    2.0321999512E+04    4.8985952833E-11
    2.0331999512E+04    1.5101311833E-06
    2.0341999512E+04    4.4885842424E-06
    2.0351999512E+04    1.9381956934E-06
    2.0361999512E+04    4.8934508954E-11
    2.0371999512E+04    6.7636492744E-06
    2.0381999512E+04    4.8922528328E-11
    2.0391999512E+04    3.2533217510E-06
    2.0401999512E+04    3.4722324613E-06
    2.0411999512E+04    1.4909095673E-06
    2.0421999512E+04    3.9209871696E-06
    2.0431999512E+04    1.0903549656E-06
    2.0441999512E+04    3.3887367950E-07
    2.0451999512E+04    4.6946100129E-06
    2.0461999512E+04    5.7693966538E-06
    2.0471999512E+04    4.8812944089E-11
    2.0481999512E+04    9.4823214454E-07
    2.0491999512E+04    3.2065802979E-06
    2.0501999512E+04    8.9825613130E-07
    2.0511999512E+04    2.4710859995E-06
    2.0521999512E+04    1.2684309622E-06
    2.0531999512E+04    1.3578742276E-06
    2.0541999512E+04    4.8826714073E-06
    2.0551999512E+04    1.2972849255E-06
    2.0561999512E+04    2.2409426246E-06
    2.0571999512E+04    2.1781420212E-06
    2.0581999512E+04    4.6705124797E-06
    2.0591999512E+04    5.4899522459E-06
    2.0601999512E+04    4.8635534478E-06
    2.0611999512E+04    4.9056058090E-11
    2.0621999512E+04    4.3297711569E-06
    2.0631999512E+04    1.7197309552E-06
    2.0641999512E+04    4.9116420888E-11
    2.0651999512E+04    6.0792353177E-06
    2.0661999512E+04    4.9164688495E-11
    2.0671999512E+04    2.1386032861E-06
    2.0681999512E+04    4.9243493103E-11
    2.0691999512E+04    4.9257489756E-11
    2.0701999512E+04    8.9771706320E-07
    2.0711999512E+04    3.6867503487E-06
    2.0721999512E+04    2.2774686488E-06
    2.0731999512E+04    2.9288326504E-06
    2.0741999512E+04    3.7894324772E-06
    2.0751999512E+04    2.4082644530E-06
    2.0761999512E+04    5.9833156411E-07
    2.0771999512E+04    4.7363937958E-06
    2.0781999512E+04    1.2945865454E-06
    2.0791999512E+04    2.3880144766E-06
    2.0801999512E+04    2.5088992524E-06
    2.0811999512E+04    5.7879024036E-06
    2.0821999512E+04    3.2176197848E-06
    2.0831999512E+04    4.9554076441E-11
    2.0841999512E+04    4.9559420203E-11
    2.0851999512E+04    3.8424793221E-06
    2.0861999512E+04    1.5813066808E-06
    2.0871999512E+04    3.4837057492E-06
    2.0881999512E+04    1.0134215949E-06
    2.0891999512E+04    3.4467870651E-06
    2.0901999512E+04    8.2204609214E-06
    2.0911999512E+04    1.2858126699E-06
    2.0921999512E+04    4.4270834558E-06
    2.0931999512E+04    7.3795091265E-07
    2.0941999512E+04    1.5346279030E-06
    2.0951999512E+04    2.5481371918E-06
    2.0961999512E+04    2.7911038128E-06
    2.0971999512E+04    5.5419342617E-06
    2.0981999512E+04    5.4703457411E-07
    2.0991999512E+04    2.3607382974E-06
    2.1001999512E+04    2.5856410004E-06
    2.1011999512E+04    2.8343928340E-06
    2.1021999512E+04    2.6647823587E-07
    2.1031999512E+04    2.0453614056E-06
    2.1041999512E+04    2.8226304964E-07
    2.1051999512E+04    5.8287822692E-06
    2.1061999512E+04    3.0333389367E-07
    2.1071999512E+04    3.2938595282E-06
    2.1081999512E+04    6.4541826739E-06
    2.1091999512E+04    2.8556820338E-07
    2.1101999512E+04    1.1402582043E-06
    2.1111999512E+04    4.9846157852E-11
    2.1121999512E+04    4.9845813190E-11
    2.1131999512E+04    2.1056995305E-06
    2.1141999512E+04    2.6412873296E-06
    2.1151999512E+04    3.1739555889E-06
    2.1161999512E+04    5.7434225313E-06
    2.1171999512E+04    1.1777186820E-06
    2.1181999512E+04    1.7653500336E-07
    2.1191999512E+04    5.5346009295E-06
    2.1201999512E+04    5.9893624670E-07
    2.1211999512E+04    5.9313013916E-06
    2.1221999512E+04    4.7510722502E-06
    2.1231999512E+04    4.9951678543E-11
    2.1241999512E+04    6.7036342116E-06
    2.1251999512E+04    2.7071155893E-06
    2.1261999512E+04    8.6731431332E-07
    2.1271999512E+04    2.5053300495E-06
    2.1281999512E+04    7.9036977134E-06
    2.1291999512E+04    3.7397015834E-06
    2.1301999512E+04    1.2205391766E-06
    2.1311999512E+04    5.0983591187E-06
    2.1321999512E+04    4.3001466180E-07
    2.1331999512E+04    1.6687549416E-06
    2.1341999512E+04    7.0103279078E-06
    2.1351999512E+04    3.6705186538E-06
    2.1361999512E+04    3.1620578725E-06
    2.1371999512E+04    4.1323756948E-06
    2.1381999512E+04    4.6465624783E-06
    2.1391999512E+04    3.2366473974E-06
    2.1401999512E+04    3.0911426646E-06
    2.1411999512E+04    4.1380093765E-06
    2.1421999512E+04    2.9067615716E-06
    2.1431999512E+04    3.2728550206E-06
    2.1441999512E+04    4.9000025192E-06
    2.1451999512E+04    1.3339017954E-06
    2.1461999512E+04    1.5486235806E-06
    2.1471999512E+04    5.1537008610E-06
    2.1481999512E+04    3.2723029832E-06
    2.1491999512E+04    1.5808469076E-06
    2.1501999512E+04    3.9771126642E-06
    2.1511999512E+04    2.7743273087E-06
    2.1521999512E+04    4.3541266163E-06
    2.1531999512E+04    2.8224973209E-06
    2.1541999512E+04    2.5828645342E-06
    2.1551999512E+04    1.9153002316E-06
    2.1561999512E+04    4.5428394192E-06
    2.1571999512E+04    2.3299099933E-06
    2.1581999512E+04    2.5033589815E-06
    2.1591999512E+04    6.1395781730E-06
    2.1601999512E+04    6.9902965090E-06
    2.1611999512E+04    4.9776985777E-11
    2.1621999512E+04    3.9157072656E-06
    2.1631999512E+04    4.9724438866E-11
    2.1641999512E+04    3.0927853786E-06
    2.1651999512E+04    4.9702473864E-11
    2.1661999512E+04    3.8712259687E-06
    2.1671999512E+04    1.4565555183E-06
    2.1681999512E+04    3.8655982065E-06
    2.1691999512E+04    6.1646050594E-06
    2.1701999512E+04    2.2791793572E-06
    2.1711999512E+04    5.4309941079E-06
    2.1721999512E+04    7.6229695120E-06
    2.1731999512E+04    2.5140997660E-06
    2.1741999512E+04    1.7672439744E-06
    2.1751999512E+04    5.2502850595E-06
    2.1761999512E+04    6.4611320418E-06
    2.1771999512E+04    3.4941501846E-06
    2.1781999512E+04    3.1152149559E-06
    2.1791999512E+04    5.3144035340E-06
    2.1801999512E+04    4.7203641576E-06
    2.1811999512E+04    6.1260818638E-06
    2.1821999512E+04    4.3833459041E-06
    2.1831999512E+04    2.6442137597E-06
    2.1841999512E+04    2.9934568814E-06
    2.1851999512E+04    4.5465606878E-06
    2.1861999512E+04    3.1909937405E-06
    2.1871999512E+04    1.0086792878E-06
    2.1881999512E+04    1.5853977636E-06
    2.1891999512E+04    2.5357081083E-06
    2.1901999512E+04    7.7428888908E-06
    2.1911999512E+04    2.5897369383E-06
    2.1921999512E+04    7.8548190381E-06
    2.1931999512E+04    3.5011958970E-06
    2.1941999512E+04    2.0436365184E-08
    2.1951999512E+04    5.3290331552E-07
    2.1961999512E+04    3.9654518231E-06
    2.1971999512E+04    2.9052594779E-06
    2.1981999512E+04    2.4380128651E-06
    2.1991999512E+04    5.6398078098E-06
    2.2001999512E+04    8.7970372453E-07
    2.2011999512E+04    7.3762576592E-06
    2.2021999512E+04    4.9615259656E-11
    2.2031999512E+04    3.3885329804E-06
    2.2041999512E+04    1.9426178995E-06
    2.2051999512E+04    2.6165237326E-06
    2.2061999512E+04    4.9687730477E-11
    2.2071999512E+04    3.7094853890E-06
    2.2081999512E+04    3.0923221523E-06
    2.2091999512E+04    6.5509168046E-06
    2.2101999512E+04    1.2190849770E-06
    2.2111999512E+04    3.9611458776E-06
    2.2121999512E+04    9.3390428384E-06
    2.2131999512E+04    2.5202459483E-06
    2.2141999512E+04    6.7027290980E-06
    2.2151999512E+04    7.4820009069E-07
    2.2161999512E+04    8.2953276788E-06
    2.2171999512E+04    1.3670473539E-06
    2.2181999512E+04    1.0760038219E-05
    2.2191999512E+04    1.8196181753E-06
    2.2201999512E+04    2.2877964662E-06
    2.2211999512E+04    4.9849740506E-11
    2.2221999512E+04    4.0395951626E-06
    2.2231999512E+04    2.6770564007E-06
    2.2241999512E+04    4.9961223138E-11
    2.2251999512E+04    4.7329287285E-06
    2.2261999512E+04    6.0991264842E-06
    2.2271999512E+04    1.6479568372E-06
    2.2281999512E+04    4.9942080138E-11
    2.2291999512E+04    2.9894930583E-06
    2.2301999512E+04    7.0958583105E-06
    2.2311999512E+04    3.2734373699E-06
    2.2321999512E+04    1.8918771850E-06
    2.2331999512E+04    1.4936955309E-05
    2.2341999512E+04    4.9889295659E-11
    2.2351999512E+04    2.6943917442E-06
    2.2361999512E+04    7.9111395902E-07
    2.2371999512E+04    1.6119757344E-06
    2.2381999512E+04    4.9892116208E-11
    2.2391999512E+04    8.7990266525E-06
    2.2401999512E+04    2.9008354946E-06
    2.2411999512E+04    1.0832412826E-05
    2.2421999512E+04    5.7201046513E-06
    2.2431999512E+04    4.9843045640E-11
    2.2441999512E+04    4.1478284254E-06
    2.2451999512E+04    6.1638044799E-06
    2.2461999512E+04    4.9859185076E-06
    2.2471999512E+04    1.5382029881E-06
    2.2481999512E+04    2.5192655631E-06
    2.2491999512E+04    3.8859656365E-06
    2.2501999512E+04    2.0066914033E-06
    2.2511999512E+04    2.4309650941E-06
    2.2521999512E+04    2.0075596242E-06
    2.2531999512E+04    1.7866199564E-06
    2.2541999512E+04    4.9371028533E-11
    2.2551999512E+04    1.0166511542E-05
    2.2561999512E+04    8.8522113611E-06
    2.2571999512E+04    1.2203179659E-06
    2.2581999512E+04    3.4896579238E-06
    2.2591999512E+04    1.5645430367E-05
    2.2601999512E+04    1.8981642435E-06
    2.2611999512E+04    1.3877443145E-05
    2.2621999512E+04    9.9954056551E-07
    2.2631999512E+04    1.2294782240E-06
    2.2641999512E+04    6.7916331428E-06
    2.2651999512E+04    5.3091598752E-06
    2.2661999512E+04    1.3366907025E-05
    2.2671999512E+04    1.5185030787E-05
    2.2681999512E+04    4.7978053388E-11
    2.2691999512E+04    5.5985326392E-06
    2.2701999512E+04    1.3837211972E-05
    2.2711999512E+04    2.7998957934E-08
    2.2721999512E+04    4.8507075141E-11
    2.2731999512E+04    4.6160644940E-06
    2.2741999512E+04    6.2260212167E-06
    2.2751999512E+04    1.3018851838E-06
    2.2761999512E+04    3.3723078062E-06
    2.2771999512E+04    4.3534878096E-06
    2.2781999512E+04    2.5812159970E-06
    2.2791999512E+04    3.1276045893E-06
    2.2801999512E+04    4.6190107226E-06
    2.2811999512E+04    2.1231384582E-06
    2.2821999512E+04    3.9589356750E-06
    2.2831999512E+04    5.8048041505E-06
    2.2841999512E+04    6.7760128522E-06
    2.2851999512E+04    4.8917893779E-11
    2.2861999512E+04    4.0831360542E-06
    2.2871999512E+04    3.5796232753E-07
    2.2881999512E+04    1.9541891307E-06
    2.2891999512E+04    5.0323658669E-06
    2.2901999512E+04    3.2220857035E-06
    2.2911999512E+04    2.4577110487E-06
    2.2921999512E+04    3.1860237931E-06
    2.2931999512E+04    4.9876337075E-06
    2.2941999512E+04    3.4735665194E-06
    2.2951999512E+04    2.8729374477E-06
    2.2961999512E+04    2.6779020730E-06
    2.2971999512E+04    9.7730941027E-07
    2.2981999512E+04    2.9943272373E-06
    2.2991999512E+04    2.3064003654E-06
    2.3001999512E+04    4.8500144135E-06
    2.3011999512E+04    3.2391308365E-07
    2.3021999512E+04    4.1685222714E-06
    2.3031999512E+04    4.7971978131E-11
    2.3041999512E+04    2.8518715329E-06
    2.3051999512E+04    8.0249845118E-07
    2.3061999512E+04    3.2642056908E-06
    2.3071999512E+04    9.5754129487E-07
    2.3081999512E+04    2.2453246340E-06
    2.3091999512E+04    7.1862664528E-07
    2.3101999512E+04    3.0335556921E-06
    2.3111999512E+04    4.6188849796E-11
    2.3121999512E+04    2.9416934254E-06
    2.3131999512E+04    1.0832692938E-06
    2.3141999512E+04    1.4732993851E-06
    2.3151999512E+04    2.3497359206E-06
    2.3161999512E+04    1.9612807013E-06
    2.3171999512E+04    3.9393962544E-06
    2.3181999512E+04    1.9697318597E-06
    2.3191999512E+04    3.9095160592E-07
    2.3201999512E+04    1.6443429480E-06
    2.3211999512E+04    3.7132952794E-06
    2.3221999512E+04    6.9725846762E-07
    2.3231999512E+04    2.5588764188E-06
    2.3241999512E+04    1.1902350827E-06
    2.3251999512E+04    9.9107030836E-07
    2.3261999512E+04    1.8599873038E-06
    2.3271999512E+04    2.5882103594E-06
    2.3281999512E+04    8.1462902145E-07
    2.3291999512E+04    3.1612766429E-06
    2.3301999512E+04    1.6362941760E-06
    2.3311999512E+04    8.4472819825E-07
    2.3321999512E+04    1.6815550458E-06
    2.3331999512E+04    1.4166269580E-06
    2.3341999512E+04    1.1013829378E-06
    2.3351999512E+04    7.7972304851E-07
    2.3361999512E+04    2.3865321357E-06
    2.3371999512E+04    8.4687384479E-07
    2.3381999512E+04    1.6899503160E-06
    2.3391999512E+04    1.3490453249E-06
    2.3401999512E+04    1.3610574575E-06
    2.3411999512E+04    1.3145253218E-06
    2.3421999512E+04    1.7233571776E-06
    2.3431999512E+04    3.9876599865E-07
    2.3441999512E+04    1.9213857620E-06
    2.3451999512E+04    1.5997819222E-06
    2.3461999512E+04    2.4087250458E-06
    2.3471999512E+04    1.5379187892E-06
    2.3481999512E+04    2.7181214754E-07
    2.3491999512E+04    2.0185586426E-06
    2.3501999512E+04    5.5223853400E-07
    2.3511999512E+04    2.4630564259E-06
    2.3521999512E+04    1.8649608857E-06
    2.3531999512E+04    1.0703484909E-06
    2.3541999512E+04    1.8439390037E-06
    2.3551999512E+04    1.4338086502E-06
    2.3561999512E+04    1.1744869741E-06
    2.3571999512E+04    9.3570567293E-07
    2.3581999512E+04    1.5109660144E-06
    2.3591999512E+04    1.7136628562E-06
    2.3601999512E+04    1.1976207850E-06
    2.3611999512E+04    1.7063602588E-06
    2.3621999512E+04    8.9484869612E-07
    2.3631999512E+04    1.6966390823E-06
    2.3641999512E+04    3.5138257970E-07
    2.3651999512E+04    7.6995473334E-07
    2.3661999512E+04    5.8770514914E-07
    2.3671999512E+04    9.4617208064E-08
    2.3681999512E+04    5.6053915439E-07
    2.3691999512E+04    4.1614896270E-07
    2.3701999512E+04    2.5530414391E-07
    2.3711999512E+04    8.9036431286E-08
    2.3721999512E+04    2.5257592380E-07
    2.3731999512E+04    3.9299152727E-07
    2.3741999512E+04    2.7071282374E-07
    2.3751999512E+04    1.9944298186E-07
    2.3761999512E+04    3.2071151568E-07
    2.3771999512E+04    1.6194676482E-07
    2.3781999512E+04    1.7676195360E-07
    2.3791999512E+04    1.5787524404E-07
    2.3801999512E+04    2.5322406914E-07
    2.3811999512E+04    1.0653540700E-07
    2.3821999512E+04    2.1984199939E-07
    2.3831999512E+04    8.7185125070E-08
    2.3841999512E+04    1.6225641032E-07
    2.3851999512E+04    1.1258269066E-07
    2.3861999512E+04    1.4469739269E-07
    2.3871999512E+04    1.7649234646E-08
    2.3881999512E+04    1.4414008995E-07
    2.3891999512E+04    1.6076880893E-08
    2.3901999512E+04    1.0163029014E-07
    2.3911999512E+04    8.6995545915E-09
    2.3921999512E+04    4.7516843619E-08
    2.3931999512E+04    8.4125580410E-08
    2.3941999512E+04    2.3433261261E-08
    2.3951999512E+04    5.0834837134E-08
    2.3961999512E+04    7.8975409954E-09
    2.3971999512E+04    2.7577685750E-08
    2.3981999512E+04    1.9388829998E-08
    2.3991999512E+04    1.5824155251E-08
    2.4001999512E+04    1.4702239844E-08
    2.4011999512E+04    1.8339824293E-08
    2.4021999512E+04    3.9091396447E-08
    2.4031999512E+04    1.9519721078E-08
    2.4041999512E+04    4.3027957066E-09
    2.4051999512E+04    2.3734558719E-08
    2.4061999512E+04    1.1039238088E-13
    2.4071999512E+04    2.4568538612E-08
    2.4081999512E+04    1.3241807179E-08
    2.4091999512E+04    7.7056550052E-09
    2.4101999512E+04    2.5007466868E-09
    2.4111999512E+04    5.0107121014E-09
    2.4121999512E+04    5.9379805579E-09
    2.4131999512E+04    3.0100975064E-09
    2.4141999512E+04    2.0509321937E-09
    2.4151999512E+04    2.3041377254E-09
    2.4161999512E+04    3.9495427625E-09
    2.4171999512E+04    4.6136022815E-09
    2.4181999512E+04    2.1038662837E-09
    2.4191999512E+04    6.0798940980E-10
    2.4201999512E+04    2.2340074274E-09
    2.4211999512E+04    1.2304114796E-09
    2.4221999512E+04    1.4751781123E-10
    2.4231999512E+04    1.5955820834E-09
    2.4241999512E+04    3.2373530851E-10
    2.4251999512E+04    6.1676175957E-10
    2.4261999512E+04    1.1246840643E-09
    2.4271999512E+04    9.8988810279E-10
    2.4281999512E+04    6.0539409435E-10
    2.4291999512E+04    1.1602899159E-09
    2.4301999512E+04    1.5540449960E-10
    2.4311999512E+04    9.7822037355E-10
    2.4321999512E+04    3.7284114589E-15
    2.4331999512E+04    4.2446617550E-10
    2.4341999512E+04    1.0998839968E-10
    2.4351999512E+04    9.6376546569E-11
    2.4361999512E+04    3.6473838836E-10
    2.4371999512E+04    8.1085718736E-11
    2.4381999512E+04    3.5828832188E-10
    2.4391999512E+04    1.4151056794E-10
    2.4401999512E+04    2.0941021525E-10
    2.4411999512E+04    7.7264704254E-11
    2.4421999512E+04    1.6528664328E-10
    2.4431999512E+04    7.8616262042E-11
    2.4441999512E+04    7.8455996360E-12
    2.4451999512E+04    5.6017678217E-11
    2.4461999512E+04    5.3464746920E-11
    2.4471999512E+04    3.7377873068E-16
    2.4481999512E+04    2.3699584776E-11
    2.4491999512E+04    2.7890728849E-11
    2.4501999512E+04    4.6900049240E-11
    2.4511999512E+04    3.4749586860E-11
    2.4521999512E+04    3.5606046199E-12
    2.4531999512E+04    7.2517587243E-11
    2.4541999512E+04    1.9768259610E-11
    2.4551999512E+04    1.1569124333E-11
    2.4561999512E+04    7.2984480146E-12
    2.4571999512E+04    2.0190704093E-11
    2.4581999512E+04    8.8546817678E-13
    2.4591999512E+04    2.2765600865E-11
    2.4601999512E+04    1.5230746257E-11
    2.4611999512E+04    1.2108491224E-11
    2.4621999512E+04    2.7665816002E-11
    2.4631999512E+04    2.5066777451E-12
    2.4641999512E+04    1.4846150670E-11
    2.4651999512E+04    1.1290009842E-16
    2.4661999512E+04    6.1041387814E-12
    2.4671999512E+04    6.7099674841E-12
    2.4681999512E+04    1.0750386962E-12
    2.4691999512E+04    7.2136311674E-12
    2.4701999512E+04    1.5289579639E-11
    2.4711999512E+04    9.0139975519E-12
    2.4721999512E+04    6.7999868359E-12
    2.4731999512E+04    8.0745626942E-12
    2.4741999512E+04    1.9277624620E-12
    2.4751999512E+04    4.6608083935E-12
    2.4761999512E+04    3.8452516034E-12
    2.4771999512E+04    6.2078521765E-13
    2.4781999512E+04    7.7394755612E-12
    2.4791999512E+04    4.7108789414E-12
    2.4801999512E+04    3.0396490871E-12
    2.4811999512E+04    7.4049227323E-14
    2.4821999512E+04    6.9480337640E-12
    2.4831999512E+04    2.9148654167E-12
    2.4841999512E+04    1.3228563046E-12
    2.4851999512E+04    4.3528475626E-12
    2.4861999512E+04    2.9302852358E-12
    2.4871999512E+04    2.4794650852E-12
    2.4881999512E+04    4.0294548554E-12
    2.4891999512E+04    1.1508693937E-17
    2.4901999512E+04    1.3175975637E-12
    2.4911999512E+04    9.8252050706E-13
    2.4921999512E+04    1.2006528084E-12
    2.4931999512E+04    2.4329299097E-12
    2.4941999512E+04    1.5366657488E-13
    2.4951999512E+04    1.3526631883E-12
    2.4961999512E+04    4.0357387255E-13
    2.4971999512E+04    6.7334453290E-13
    2.4981999512E+04    3.2113483581E-13
    2.4991999512E+04    1.0297062511E-12
    2.5001999512E+04    8.7861522672E-13
    2.5011999512E+04    4.8045553018E-13
    2.5021999512E+04    3.8317792147E-13
    2.5031999512E+04    7.3680052448E-13
    2.5041999512E+04    7.4104184646E-14
    2.5051999512E+04    7.7764212707E-13
    2.5061999512E+04    1.9794056126E-13
    2.5071999512E+04    3.0479035846E-13
    2.5081999512E+04    5.3511908957E-13
    2.5091999512E+04    9.5295186620E-14
    2.5101999512E+04    2.0671247310E-13
    2.5111999512E+04    2.6577355428E-13
    2.5121999512E+04    2.6959163634E-13
    2.5131999512E+04    3.3279125208E-13
    2.5141999512E+04    1.3732561101E-15
    2.5151999512E+04    3.1361776144E-13
    2.5161999512E+04    1.8908697648E-13
    2.5171999512E+04    2.2104291879E-13
    2.5181999512E+04    1.8371175229E-13
    2.5191999512E+04    1.5567001602E-13
    2.5201999512E+04    1.2290215966E-13
    2.5211999512E+04    2.0167625390E-13
    2.5221999512E+04    9.4715126981E-14
    2.5231999512E+04    8.2028695827E-14
    2.5241999512E+04    1.5675567688E-13
    2.5251999512E+04    1.3357466134E-13
    2.5261999512E+04    8.8763618399E-14
    2.5271999512E+04    7.3640035678E-14
    2.5281999512E+04    7.4097624920E-14
    2.5291999512E+04    2.9014927819E-14
    2.5301999512E+04    5.8302988883E-14
    2.5311999512E+04    9.1488796395E-14
    2.5321999512E+04    3.7817482573E-14
    2.5331999512E+04    2.3988040702E-14
    2.5341999512E+04    6.3769382689E-14
    2.5351999512E+04    4.7043449649E-14
    2.5361999512E+04    4.1363506863E-14
    2.5371999512E+04    2.1207806464E-14
    2.5381999512E+04    2.2415049799E-14
    2.5391999512E+04    3.9816130176E-14
    2.5401999512E+04    2.4020252968E-14
    2.5411999512E+04    3.6319850119E-14
    2.5421999512E+04    3.1841678713E-14
    2.5431999512E+04    1.8531780044E-14
    2.5441999512E+04    3.3226159435E-14
    2.5451999512E+04    1.8680257526E-14
    2.5461999512E+04    2.4781058228E-14
    2.5471999512E+04    2.2229232939E-14
    2.5481999512E+04    2.1562819253E-14
    2.5491999512E+04    1.9565579225E-14
    2.5501999512E+04    1.2938565528E-14
    2.5511999512E+04    1.7334636779E-14
    2.5521999512E+04    8.8000850827E-15
    2.5531999512E+04    7.6941133447E-15
    2.5541999512E+04    6.9519751509E-15
    2.5551999512E+04    1.1361631300E-14
    2.5561999512E+04    7.9350345771E-15
    2.5571999512E+04    1.3920290320E-14
    2.5581999512E+04    5.1509698638E-15
    2.5591999512E+04    6.4941801408E-15
    2.5601999512E+04    6.3857576727E-15
    2.5611999512E+04    4.4534138216E-15
    2.5621999512E+04    7.0190623435E-15
    2.5631999512E+04    4.4573398466E-15
    2.5641999512E+04    6.7597331524E-15
    2.5651999512E+04    3.9696787726E-15
    2.5661999512E+04    4.1437991676E-15
    2.5671999512E+04    2.7763215531E-15
    2.5681999512E+04    4.8946316302E-15
    2.5691999512E+04    3.7085338236E-15
    2.5701999512E+04    2.8237159800E-15
    2.5711999512E+04    3.1090285439E-15
    2.5721999512E+04    2.0018260626E-15
    2.5731999512E+04    3.3406327579E-15
    2.5741999512E+04    2.0663588979E-15
    2.5751999512E+04    1.7278887800E-15
    2.5761999512E+04    2.1916565631E-15
    2.5771999512E+04    1.4238297242E-15
    2.5781999512E+04    1.2626989910E-15
    2.5791999512E+04    1.5599470008E-15
    2.5801999512E+04    1.1777995680E-15
    2.5811999512E+04    1.6499040589E-15
    2.5821999512E+04    1.2328892773E-15
    2.5831999512E+04    1.1176425132E-15
    2.5841999512E+04    5.4595511387E-16
    2.5851999512E+04    1.0702176777E-15
    2.5861999512E+04    5.7111173688E-16
    2.5871999512E+04    6.2545228441E-16
    2.5881999512E+04    4.3964966745E-16
    2.5891999512E+04    4.5406166828E-16
    2.5901999512E+04    4.1449027338E-16
    2.5911999512E+04    4.3476112371E-16
    2.5921999512E+04    3.6822048229E-16
    2.5931999512E+04    3.0861838217E-16
    2.5941999512E+04    2.1068863566E-16
    2.5951999512E+04    2.2849171730E-16
    2.5961999512E+04    1.9795347114E-16
