###   Wavelength (A)        Transmission
    5.5090002441E+03    1.6429347882E-10
    5.5190002441E+03    5.4101946921E-13
    5.5290002441E+03    7.0678499435E-10
    5.5390002441E+03    1.0663126008E-10
    5.5490002441E+03    6.7839417342E-11
    5.5590002441E+03    8.6647868915E-10
    5.5690002441E+03    3.5889591756E-10
    5.5790002441E+03    6.9952018180E-10
    5.5890002441E+03    2.9779644345E-10
    5.5990002441E+03    7.8044806746E-10
    5.6090002441E+03    1.0755712103E-09
    5.6190002441E+03    1.1013787800E-09
    5.6290002441E+03    1.8299277228E-12
    5.6390002441E+03    1.9502159375E-12
    5.6490002441E+03    3.2193311005E-12
    5.6590002441E+03    3.1865220447E-10
    5.6690002441E+03    5.1542296496E-10
    5.6790002441E+03    2.2019581460E-12
    5.6890002441E+03    1.7027482219E-10
    5.6990002441E+03    6.3537409298E-10
    5.7090002441E+03    2.3322183756E-12
    5.7190002441E+03    5.9203825000E-10
    5.7290002441E+03    4.8915089428E-10
    5.7390002441E+03    3.0598197625E-10
    5.7490002441E+03    8.3327039968E-10
    5.7590002441E+03    4.5716325360E-10
    5.7690002441E+03    4.1566590719E-09
    5.7790002441E+03    2.8804971092E-10
    5.7890002441E+03    8.4741761346E-10
    5.7990002441E+03    4.3569040884E-12
    5.8090002441E+03    4.3152718438E-09
    5.8190002441E+03    1.7794871676E-09
    5.8290002441E+03    1.3960913499E-09
    5.8390002441E+03    3.6248447503E-09
    5.8490002441E+03    6.4822724183E-09
    5.8590002441E+03    1.1662495532E-09
    5.8690002441E+03    2.6359386611E-09
    5.8790002441E+03    6.3522149415E-09
    5.8890002441E+03    8.3023485523E-12
    5.8990002441E+03    2.0242901373E-10
    5.9090002441E+03    4.9446529702E-09
    5.9190002441E+03    6.3707731675E-10
    5.9290002441E+03    5.9529493936E-09
    5.9390002441E+03    9.2854433173E-12
    5.9490002441E+03    5.7843856761E-09
    5.9590002441E+03    3.7723925712E-09
    5.9690002441E+03    8.3995897177E-10
    5.9790002441E+03    1.3939132042E-08
    5.9890002441E+03    9.9073601779E-12
    5.9990002441E+03    4.4962560507E-09
    6.0090002441E+03    9.7684059444E-09
    6.0190002441E+03    6.8851868133E-09
    6.0290002441E+03    5.8755157498E-09
    6.0390002441E+03    1.5524983351E-08
    6.0490002441E+03    2.5183712672E-09
    6.0590002441E+03    2.5652972654E-09
    6.0690002441E+03    1.1418733394E-11
    6.0790002441E+03    3.5818495893E-09
    6.0890002441E+03    2.9562444534E-09
    6.0990002441E+03    7.4108644098E-09
    6.1090002441E+03    1.4106821592E-08
    6.1190002441E+03    1.2305368288E-11
    6.1290002441E+03    5.8526815827E-09
    6.1390002441E+03    1.2818215729E-09
    6.1490002441E+03    3.2891831352E-09
    6.1590002441E+03    1.2945886888E-08
    6.1690002441E+03    1.3021166524E-11
    6.1790002441E+03    7.4688489090E-09
    6.1890002441E+03    1.9231088413E-09
    6.1990002441E+03    7.5993843575E-10
    6.2090002441E+03    1.1128281865E-09
    6.2190002441E+03    3.1261515429E-09
    6.2290002441E+03    1.3469918713E-08
    6.2390002441E+03    4.6325251392E-09
    6.2490002441E+03    1.8507815747E-09
    6.2590002441E+03    3.1376499641E-09
    6.2690002441E+03    1.7545036625E-08
    6.2790002441E+03    3.2608003660E-09
    6.2890002441E+03    8.1919568210E-10
    6.2990002441E+03    1.5122739907E-11
    6.3090002441E+03    1.6572930930E-08
    6.3190002441E+03    3.9424575434E-09
    6.3290002441E+03    9.5302460204E-10
    6.3390002441E+03    1.5680877003E-11
    6.3490002441E+03    2.1471552943E-08
    6.3590002441E+03    8.5076716088E-09
    6.3690002441E+03    1.4763538712E-08
    6.3790002441E+03    1.9381081813E-08
    6.3890002441E+03    4.6759293923E-09
    6.3990002441E+03    4.3874159585E-11
    6.4090002441E+03    1.6580884553E-11
    6.4190002441E+03    6.9802611975E-09
    6.4290002441E+03    1.6658293809E-08
    6.4390002441E+03    4.1509225453E-09
    6.4490002441E+03    1.9715512570E-08
    6.4590002441E+03    2.2027464669E-08
    6.4690002441E+03    1.3877912148E-08
    6.4790002441E+03    2.3071128188E-08
    6.4890002441E+03    1.7534134022E-11
    6.4990002441E+03    2.8078750804E-09
    6.5090002441E+03    2.2406541836E-08
    6.5190002441E+03    1.7837701827E-11
    6.5290002441E+03    1.6333675112E-08
    6.5390002441E+03    1.8039174379E-11
    6.5490002441E+03    3.8608320650E-08
    6.5590002441E+03    2.8439015773E-09
    6.5690002441E+03    4.2955755195E-09
    6.5790002441E+03    7.5217242131E-09
    6.5890002441E+03    2.5545625452E-08
    6.5990002441E+03    1.8695573589E-11
    6.6090002441E+03    1.8768197481E-11
    6.6190002441E+03    3.0742812683E-08
    6.6290002441E+03    1.8911419000E-11
    6.6390002441E+03    1.2011997722E-08
    6.6490002441E+03    7.7802077895E-09
    6.6590002441E+03    2.8422162009E-09
    6.6690002441E+03    1.1990694606E-08
    6.6790002441E+03    2.8401110998E-10
    6.6890002441E+03    1.9353904725E-11
    6.6990002441E+03    7.1602139131E-10
    6.7090002441E+03    3.0404794091E-10
    6.7190002441E+03    3.8533071121E-10
    6.7290002441E+03    1.9643375673E-11
    6.7390002441E+03    1.2401282924E-08
    6.7490002441E+03    8.4346781404E-09
    6.7590002441E+03    2.0556809519E-08
    6.7690002441E+03    4.1157171690E-11
    6.7790002441E+03    1.9950922615E-11
    6.7890002441E+03    2.7084610240E-08
    6.7990002441E+03    4.9630021643E-09
    6.8090002441E+03    6.6514516466E-09
    6.8190002441E+03    2.0233812162E-11
    6.8290002441E+03    2.2856828141E-09
    6.8390002441E+03    2.9313135570E-08
    6.8490002441E+03    2.0385460555E-11
    6.8590002441E+03    2.1271925749E-08
    6.8690002441E+03    7.1570827718E-09
    6.8790002441E+03    9.0761271928E-09
    6.8890002441E+03    2.9039639078E-08
    6.8990002441E+03    1.5756121053E-08
    6.9090002441E+03    2.9558153927E-09
    6.9190002441E+03    5.0403353658E-09
    6.9290002441E+03    1.7601729016E-08
    6.9390002441E+03    1.5843708902E-08
    6.9490002441E+03    1.1925984266E-10
    6.9590002441E+03    1.9550619558E-08
    6.9690002441E+03    4.3708101548E-09
    6.9790002441E+03    1.4488250486E-08
    6.9890002441E+03    3.7703956238E-08
    6.9990002441E+03    1.4849382171E-08
    7.0090002441E+03    6.3588509942E-09
    7.0190002441E+03    4.5221676612E-08
    7.0290002441E+03    2.1563965553E-11
    7.0390002441E+03    2.1668803373E-11
    7.0490002441E+03    2.1721793220E-11
    7.0590002441E+03    3.3312305750E-09
    7.0690002441E+03    1.2234684295E-08
    7.0790002441E+03    6.5218652112E-09
    7.0890002441E+03    2.8065281778E-08
    7.0990002441E+03    3.1199558645E-08
    7.1090002441E+03    2.6532282672E-09
    7.1190002441E+03    4.4563240496E-09
    7.1290002441E+03    7.2550495827E-08
    7.1390002441E+03    2.2470506154E-11
    7.1490002441E+03    2.8791397644E-09
    7.1590002441E+03    3.5972730695E-08
    7.1690002441E+03    2.1252963698E-08
    7.1790002441E+03    8.0140652948E-09
    7.1890002441E+03    5.5802803795E-09
    7.1990002441E+03    1.1121394842E-08
    7.2090002441E+03    6.7240427401E-09
    7.2190002441E+03    5.1043316750E-09
    7.2290002441E+03    6.8370461935E-09
    7.2390002441E+03    2.3298782676E-11
    7.2490002441E+03    2.1517294271E-09
    7.2590002441E+03    2.3501208490E-11
    7.2690002441E+03    1.5247561389E-09
    7.2790002441E+03    2.3678300345E-11
    7.2890002441E+03    1.0236652706E-08
    7.2990002441E+03    9.9046953761E-09
    7.3090002441E+03    1.8795582597E-08
    7.3190002441E+03    2.4028768311E-11
    7.3290002441E+03    2.4131436294E-11
    7.3390002441E+03    2.4204147915E-11
    7.3490002441E+03    9.1769972030E-09
    7.3590002441E+03    1.4605842632E-08
    7.3690002441E+03    3.1014219027E-09
    7.3790002441E+03    1.1477135265E-08
    7.3890002441E+03    6.4535677640E-09
    7.3990002441E+03    3.5765479538E-09
    7.4090002441E+03    5.7412284919E-09
    7.4190002441E+03    6.9378521677E-10
    7.4290002441E+03    3.6468252788E-09
    7.4390002441E+03    2.9435017705E-09
    7.4490002441E+03    4.0897349003E-09
    7.4590002441E+03    2.5219324218E-11
    7.4690002441E+03    1.2392717761E-09
    7.4790002441E+03    5.1753797220E-09
    7.4890002441E+03    6.2194376017E-09
    7.4990002441E+03    2.0559286637E-09
    7.5090002441E+03    9.8923641629E-09
    7.5190002441E+03    3.2051210814E-09
    7.5290002441E+03    2.5734390351E-11
    7.5390002441E+03    4.3452619827E-09
    7.5490002441E+03    2.5879733408E-11
    7.5590002441E+03    2.5936336025E-11
    7.5690002441E+03    2.5993035411E-11
    7.5790002441E+03    2.6081535880E-11
    7.5890002441E+03    1.2417291704E-08
    7.5990002441E+03    8.0203371942E-09
    7.6090002441E+03    4.1650725234E-09
    7.6190002441E+03    2.6252178903E-11
    7.6290002441E+03    2.6337877659E-11
    7.6390002441E+03    6.3754019867E-09
    7.6490002441E+03    7.5259188893E-10
    7.6590002441E+03    2.6512543784E-11
    7.6690002441E+03    2.6568979156E-11
    7.6790002441E+03    2.5933412333E-08
    7.6890002441E+03    3.5735279349E-08
    7.6990002441E+03    2.6703324358E-11
    7.7090002441E+03    2.7034847248E-08
    7.7190002441E+03    9.6439963807E-09
    7.7290002441E+03    2.6878464798E-11
    7.7390002441E+03    1.0944703547E-08
    7.7490002441E+03    3.2664192428E-09
    7.7590002441E+03    2.7008932410E-11
    7.7690002441E+03    2.7068691817E-11
    7.7790002441E+03    2.7096894002E-11
    7.7890002441E+03    2.7152420560E-11
    7.7990002441E+03    1.1576550585E-08
    7.8090002441E+03    3.0117348839E-08
    7.8190002441E+03    9.8667746020E-09
    7.8290002441E+03    9.9996867301E-09
    7.8390002441E+03    6.7124346578E-09
    7.8490002441E+03    1.5552669741E-08
    7.8590002441E+03    3.0342940546E-09
    7.8690002441E+03    1.1646305400E-08
    7.8790002441E+03    1.3810194630E-08
    7.8890002441E+03    1.9790365043E-08
    7.8990002441E+03    2.0912423342E-08
    7.9090002441E+03    6.8656837449E-09
    7.9190002441E+03    4.4059351933E-09
    7.9290002441E+03    7.0826065126E-09
    7.9390002441E+03    2.1543993067E-08
    7.9490002441E+03    1.7234453615E-07
    7.9590002441E+03    2.3014893298E-07
    7.9690002441E+03    2.4011613365E-07
    7.9790002441E+03    2.4737422499E-07
    7.9890002441E+03    2.2813688376E-07
    7.9990002441E+03    2.7940573763E-07
    8.0090002441E+03    2.1709443106E-07
    8.0190002441E+03    3.0950634826E-07
    8.0290002441E+03    3.1825232920E-07
    8.0390002441E+03    3.3706924730E-07
    8.0490002441E+03    3.1493934518E-07
    8.0590002441E+03    2.8204792982E-07
    8.0690002441E+03    3.0240674060E-07
    8.0790002441E+03    3.5825642540E-07
    8.0890002441E+03    2.7177247324E-07
    8.0990002441E+03    2.3950180975E-07
    8.1090002441E+03    3.0674422544E-07
    8.1190002441E+03    1.4125315181E-07
    8.1290002441E+03    1.3455466351E-07
    8.1390002441E+03    1.3140252251E-07
    8.1490002441E+03    1.0985163597E-07
    8.1590002441E+03    9.3699442958E-08
    8.1690002441E+03    7.9306406898E-08
    8.1790002441E+03    8.8116488094E-08
    8.1890002441E+03    4.5861249999E-08
    8.1990002441E+03    8.9708586406E-08
    8.2090002441E+03    2.8339682060E-08
    8.2190002441E+03    8.2193205779E-08
    8.2290002441E+03    6.5745173703E-08
    8.2390002441E+03    5.0498914115E-08
    8.2490002441E+03    6.8101811475E-08
    8.2590002441E+03    8.0408611050E-08
    8.2690002441E+03    1.0505278174E-07
    8.2790002441E+03    6.1827179576E-08
    8.2890002441E+03    7.7996176185E-08
    8.2990002441E+03    3.1407040131E-08
    8.3090002441E+03    3.6553369344E-08
    8.3190002441E+03    4.7545209091E-08
    8.3290002441E+03    2.0015263469E-08
    8.3390002441E+03    4.3958886914E-08
    8.3490002441E+03    6.1711814861E-08
    8.3590002441E+03    6.6992073912E-08
    8.3690002441E+03    5.7067796831E-08
    8.3790002441E+03    7.0713944570E-08
    8.3890002441E+03    2.0366665487E-08
    8.3990002441E+03    4.8494851003E-08
    8.4090002441E+03    6.6883368803E-08
    8.4190002441E+03    1.0290509736E-07
    8.4290002441E+03    9.0473615225E-08
    8.4390002441E+03    5.6849089738E-08
    8.4490002441E+03    2.2835686222E-08
    8.4590002441E+03    1.5969234274E-07
    8.4690002441E+03    1.0168670479E-07
    8.4790002441E+03    9.0360496634E-08
    8.4890002441E+03    8.0832426242E-08
    8.4990002441E+03    1.3959171900E-07
    8.5090002441E+03    6.1143792927E-08
    8.5190002441E+03    2.0047088135E-08
    8.5290002441E+03    9.3629008133E-08
    8.5390002441E+03    3.2448824538E-08
    8.5490002441E+03    1.8945683112E-07
    8.5590002441E+03    7.6740447426E-08
    8.5690002441E+03    1.1448673234E-07
    8.5790002441E+03    1.4334338925E-07
    8.5890002441E+03    1.5228285033E-07
    8.5990002441E+03    9.3604376159E-08
    8.6090002441E+03    2.1108872655E-08
    8.6190002441E+03    1.9085788717E-07
    8.6290002441E+03    1.9865190854E-07
    8.6390002441E+03    6.4175831480E-08
    8.6490002441E+03    1.0092015374E-07
    8.6590002441E+03    3.2405184189E-08
    8.6690002441E+03    9.6284217490E-08
    8.6790002441E+03    1.1828697958E-08
    8.6890002441E+03    3.1637346511E-08
    8.6990002441E+03    1.0726289573E-07
    8.7090002441E+03    1.1744286679E-07
    8.7190002441E+03    6.4018366885E-08
    8.7290002441E+03    1.0951598126E-07
    8.7390002441E+03    1.8175755796E-08
    8.7490002441E+03    1.8794103243E-07
    8.7590002441E+03    3.0803480213E-11
    8.7690002441E+03    2.5401508190E-07
    8.7790002441E+03    2.0135361595E-07
    8.7890002441E+03    8.6813040144E-10
    8.7990002441E+03    1.9472247585E-07
    8.8090002441E+03    3.5500826584E-07
    8.8190002441E+03    5.5847209000E-08
    8.8290002441E+03    2.6302422425E-07
    8.8390002441E+03    1.1126436864E-06
    8.8490002441E+03    1.1347954159E-06
    8.8590002441E+03    6.9032534196E-07
    8.8690002441E+03    1.0311775044E-06
    8.8790002441E+03    3.1105285521E-11
    8.8890002441E+03    4.3308131394E-07
    8.8990002441E+03    1.7493289432E-06
    8.9090002441E+03    3.1307942180E-11
    8.9190002441E+03    1.4218957876E-06
    8.9290002441E+03    8.0154848807E-07
    8.9390002441E+03    1.6125347546E-06
    8.9490002441E+03    1.3055311540E-07
    8.9590002441E+03    2.5224912857E-07
    8.9690002441E+03    3.0854963206E-07
    8.9790002441E+03    2.3128844943E-07
    8.9890002441E+03    2.6488205916E-07
    8.9990002441E+03    2.8306063476E-07
    9.0090002441E+03    2.4328621289E-07
    9.0190002441E+03    3.2461604768E-07
    9.0290002441E+03    2.9137417209E-07
    9.0390002441E+03    2.4853234544E-07
    9.0490002441E+03    2.3999843677E-07
    9.0590002441E+03    2.0750278027E-07
    9.0690002441E+03    2.1023658571E-07
    9.0790002441E+03    2.1846691567E-07
    9.0890002441E+03    2.6277479504E-07
    9.0990002441E+03    9.3935586783E-08
    9.1090002441E+03    2.2952018522E-07
    9.1190002441E+03    2.5021015979E-07
    9.1290002441E+03    1.4668129218E-07
    9.1390002441E+03    2.6142866053E-07
    9.1490002441E+03    1.8937712177E-07
    9.1590002441E+03    2.0288071507E-07
    9.1690002441E+03    1.5479512214E-07
    9.1790002441E+03    1.4219980102E-07
    9.1890002441E+03    2.1949771151E-07
    9.1990002441E+03    2.9310753753E-07
    9.2090002441E+03    2.0035242592E-07
    9.2190002441E+03    2.4611205669E-07
    9.2290002441E+03    3.3873248359E-07
    9.2390002441E+03    3.1262084635E-07
    9.2490002441E+03    3.0021954585E-07
    9.2590002441E+03    3.2304985066E-07
    9.2690002441E+03    2.3820716278E-07
    9.2790002441E+03    2.9547093755E-07
    9.2890002441E+03    3.4387359768E-07
    9.2990002441E+03    3.6902909169E-07
    9.3090002441E+03    3.1761559694E-07
    9.3190002441E+03    3.9440128852E-07
    9.3290002441E+03    3.7280800455E-07
    9.3390002441E+03    4.3485304381E-07
    9.3490002441E+03    3.9023393385E-07
    9.3590002441E+03    4.3319152518E-07
    9.3690002441E+03    4.3555867615E-07
    9.3790002441E+03    3.9328309481E-07
    9.3890002441E+03    3.9637176557E-07
    9.3990002441E+03    4.2966319977E-07
    9.4090002441E+03    4.4503538703E-07
    9.4190002441E+03    3.8700942638E-07
    9.4290002441E+03    3.7143905530E-07
    9.4390002441E+03    3.3145243235E-07
    9.4490002441E+03    4.2954978663E-07
    9.4590002441E+03    4.9438754743E-07
    9.4690002441E+03    3.3062565216E-07
    9.4790002441E+03    3.2981770839E-07
    9.4890002441E+03    4.0985749477E-07
    9.4990002441E+03    3.6847981098E-07
    9.5090002441E+03    3.5135112496E-07
    9.5190002441E+03    4.6909673696E-07
    9.5290002441E+03    3.6558442302E-07
    9.5390002441E+03    4.0007563738E-07
    9.5490002441E+03    4.0623506634E-07
    9.5590002441E+03    3.3353004004E-07
    9.5690002441E+03    3.2531457782E-07
    9.5790002441E+03    3.6311342015E-07
    9.5890002441E+03    3.9045213484E-07
    9.5990002441E+03    2.1472992601E-07
    9.6090002441E+03    2.7544113801E-07
    9.6190002441E+03    3.3367613306E-07
    9.6290002441E+03    2.8219426649E-07
    9.6390002441E+03    3.1246800787E-07
    9.6490002441E+03    3.0712910429E-07
    9.6590002441E+03    2.9953646225E-07
    9.6690002441E+03    3.0852952639E-07
    9.6790002441E+03    2.7376315042E-07
    9.6890002441E+03    3.4172281006E-07
    9.6990002441E+03    2.9253095380E-07
    9.7090002441E+03    2.7143833107E-07
    9.7190002441E+03    3.2086528603E-07
    9.7290002441E+03    3.5202001809E-07
    9.7390002441E+03    3.1924181211E-07
    9.7490002441E+03    3.0529457194E-07
    9.7590002441E+03    3.8646122008E-07
    9.7690002441E+03    3.7159753339E-07
    9.7790002441E+03    3.6426863850E-07
    9.7890002441E+03    2.7751346502E-07
    9.7990002441E+03    3.4385543340E-07
    9.8090002441E+03    3.1030721959E-07
    9.8190002441E+03    3.9625504773E-07
    9.8290002441E+03    3.1167017515E-07
    9.8390002441E+03    3.3409014349E-07
    9.8490002441E+03    2.7687750842E-07
    9.8590002441E+03    2.6816370985E-07
    9.8690002441E+03    2.4959491468E-07
    9.8790002441E+03    3.4643676973E-07
    9.8890002441E+03    3.3655438570E-07
    9.8990002441E+03    3.2562123875E-07
    9.9090002441E+03    2.8782489943E-07
    9.9190002441E+03    2.8866010177E-07
    9.9290002441E+03    3.1214051118E-07
    9.9390002441E+03    2.6151737775E-07
    9.9490002441E+03    2.6022839112E-07
    9.9590002441E+03    2.7815420111E-06
    9.9690002441E+03    2.7513212324E-06
    9.9790002441E+03    2.4452942653E-06
    9.9890002441E+03    1.9655185499E-06
    9.9990002441E+03    2.4140254308E-06
    1.0009000244E+04    2.3449511260E-06
    1.0019000244E+04    2.4418667323E-06
    1.0029000244E+04    1.9779647152E-06
    1.0039000244E+04    2.1847217029E-06
    1.0049000244E+04    2.2975555443E-06
    1.0059000244E+04    1.9654018739E-06
    1.0069000244E+04    2.1613274217E-06
    1.0079000244E+04    2.1227424508E-06
    1.0089000244E+04    2.4726178808E-06
    1.0099000244E+04    1.6283686662E-06
    1.0109000244E+04    1.9575357188E-06
    1.0119000244E+04    2.3305435590E-06
    1.0129000244E+04    2.3358044647E-06
    1.0139000244E+04    2.0272282716E-06
    1.0149000244E+04    2.2167174252E-06
    1.0159000244E+04    2.1080280613E-06
    1.0169000244E+04    1.9076179877E-06
    1.0179000244E+04    2.1762707788E-06
    1.0189000244E+04    2.1582272092E-06
    1.0199000244E+04    2.2848505860E-06
    1.0209000244E+04    2.0170083568E-06
    1.0219000244E+04    1.8682416667E-06
    1.0229000244E+04    1.8520501854E-06
    1.0239000244E+04    1.9004379406E-06
    1.0249000244E+04    2.1540613740E-06
    1.0259000244E+04    1.8123117550E-06
    1.0269000244E+04    1.6304596311E-06
    1.0279000244E+04    1.7842602889E-06
    1.0289000244E+04    2.5935009317E-06
    1.0299000244E+04    1.9760792660E-06
    1.0309000244E+04    2.2704698370E-06
    1.0319000244E+04    1.8691076346E-06
    1.0329000244E+04    1.7186846350E-06
    1.0339000244E+04    1.8903548634E-06
    1.0349000244E+04    1.5982056922E-06
    1.0359000244E+04    1.8736740536E-06
    1.0369000244E+04    1.9456908992E-06
    1.0379000244E+04    2.0709225902E-06
    1.0389000244E+04    2.0029758033E-06
    1.0399000244E+04    1.8635010969E-06
    1.0409000244E+04    1.5965304157E-06
    1.0419000244E+04    1.7273142680E-06
    1.0429000244E+04    1.4660200618E-06
    1.0439000244E+04    1.8015716866E-06
    1.0449000244E+04    1.4513699207E-06
    1.0459000244E+04    1.6918082475E-06
    1.0469000244E+04    1.8271190171E-06
    1.0479000244E+04    1.9923673142E-06
    1.0489000244E+04    1.8568555400E-06
    1.0499000244E+04    1.5790839074E-06
    1.0509000244E+04    2.2527964925E-06
    1.0519000244E+04    1.6010311690E-06
    1.0529000244E+04    1.8531788832E-06
    1.0539000244E+04    1.6203396691E-06
    1.0549000244E+04    1.6563226050E-06
    1.0559000244E+04    1.4215269355E-06
    1.0569000244E+04    1.7709156286E-06
    1.0579000244E+04    1.4888558214E-06
    1.0589000244E+04    2.0013736201E-06
    1.0599000244E+04    1.7478291317E-06
    1.0609000244E+04    1.5630906919E-06
    1.0619000244E+04    1.6682172648E-06
    1.0629000244E+04    1.9165228478E-06
    1.0639000244E+04    1.3516071193E-06
    1.0649000244E+04    1.7598479045E-06
    1.0659000244E+04    1.5865702119E-06
    1.0669000244E+04    1.1220264169E-06
    1.0679000244E+04    1.6105892586E-06
    1.0689000244E+04    1.8310591238E-06
    1.0699000244E+04    1.4427464445E-06
    1.0709000244E+04    1.8070474853E-06
    1.0719000244E+04    1.5066508844E-06
    1.0729000244E+04    1.9311787359E-06
    1.0739000244E+04    1.6988986576E-06
    1.0749000244E+04    1.6273267630E-06
    1.0759000244E+04    1.9394367579E-06
    1.0769000244E+04    1.5741232846E-06
    1.0779000244E+04    1.4858155221E-06
    1.0789000244E+04    1.6193376392E-06
    1.0799000244E+04    1.0877012008E-06
    1.0809000244E+04    1.7879322795E-06
    1.0819000244E+04    1.6154268623E-06
    1.0829000244E+04    1.6412118363E-06
    1.0839000244E+04    1.6560255508E-06
    1.0849000244E+04    1.9183101881E-06
    1.0859000244E+04    1.4491275145E-06
    1.0869000244E+04    1.7738846302E-06
    1.0879000244E+04    1.5533316894E-06
    1.0889000244E+04    1.9251184513E-06
    1.0899000244E+04    1.5424687505E-06
    1.0909000244E+04    1.5957765092E-06
    1.0919000244E+04    1.7546789031E-06
    1.0929000244E+04    1.6472384715E-06
    1.0939000244E+04    1.6569560527E-06
    1.0949000244E+04    1.8308424711E-06
    1.0959000244E+04    1.2925827748E-06
    1.0969000244E+04    1.7563222145E-06
    1.0979000244E+04    1.3188675122E-06
    1.0989000244E+04    1.9010902217E-06
    1.0999000244E+04    1.6576774074E-06
    1.1009000244E+04    1.3573655175E-06
    1.1019000244E+04    1.4596757039E-06
    1.1029000244E+04    1.8513534626E-06
    1.1039000244E+04    1.6268423878E-06
    1.1049000244E+04    1.5668238335E-06
    1.1059000244E+04    1.5915772575E-06
    1.1069000244E+04    1.6793190006E-06
    1.1079000244E+04    1.4901719292E-06
    1.1089000244E+04    1.6781613946E-06
    1.1099000244E+04    1.9894337502E-06
    1.1109000244E+04    1.9253133206E-06
    1.1119000244E+04    1.3395693878E-06
    1.1129000244E+04    1.3906636529E-06
    1.1139000244E+04    1.5568039591E-06
    1.1149000244E+04    1.8406204806E-06
    1.1159000244E+04    1.8910157968E-06
    1.1169000244E+04    1.2072413281E-06
    1.1179000244E+04    1.5614102932E-06
    1.1189000244E+04    1.9375581821E-06
    1.1199000244E+04    1.3248565298E-06
    1.1209000244E+04    1.3247511360E-06
    1.1219000244E+04    1.3505080171E-06
    1.1229000244E+04    1.6279675124E-06
    1.1239000244E+04    1.5022449004E-06
    1.1249000244E+04    1.4553606627E-06
    1.1259000244E+04    1.6795967888E-06
    1.1269000244E+04    1.4403848172E-06
    1.1279000244E+04    1.4491311475E-06
    1.1289000244E+04    1.6131518098E-06
    1.1299000244E+04    1.7699996256E-06
    1.1309000244E+04    1.6390472871E-06
    1.1319000244E+04    1.6299012581E-06
    1.1329000244E+04    1.7621092735E-06
    1.1339000244E+04    1.5088888330E-06
    1.1349000244E+04    1.6358258027E-06
    1.1359000244E+04    1.4912527785E-06
    1.1369000244E+04    1.4695351612E-06
    1.1379000244E+04    1.8734226715E-06
    1.1389000244E+04    1.4551879682E-06
    1.1399000244E+04    1.3417815735E-06
    1.1409000244E+04    1.5644241843E-06
    1.1419000244E+04    1.3262289002E-06
    1.1429000244E+04    1.6374951595E-06
    1.1439000244E+04    1.7742711431E-06
    1.1449000244E+04    1.4850221603E-06
    1.1459000244E+04    1.6677365992E-06
    1.1469000244E+04    1.5566643203E-06
    1.1479000244E+04    1.7877424740E-06
    1.1489000244E+04    1.8140349574E-06
    1.1499000244E+04    1.9427463418E-06
    1.1509000244E+04    1.4438770466E-06
    1.1519000244E+04    1.3688506732E-06
    1.1529000244E+04    1.4417710492E-06
    1.1539000244E+04    1.9146760497E-06
    1.1549000244E+04    1.4382736164E-06
    1.1559000244E+04    1.9135139018E-06
    1.1569000244E+04    1.8825609142E-06
    1.1579000244E+04    1.6893904182E-06
    1.1589000244E+04    1.8526007715E-06
    1.1599000244E+04    1.2897432673E-06
    1.1609000244E+04    1.9295625471E-06
    1.1619000244E+04    1.8677999426E-06
    1.1629000244E+04    1.0842877403E-06
    1.1639000244E+04    1.6768052337E-06
    1.1649000244E+04    1.9924229207E-06
    1.1659000244E+04    1.8054765953E-06
    1.1669000244E+04    1.7009820334E-06
    1.1679000244E+04    1.6756852182E-06
    1.1689000244E+04    1.9644876972E-06
    1.1699000244E+04    1.5056210741E-06
    1.1709000244E+04    1.8312428104E-06
    1.1719000244E+04    1.5779938031E-06
    1.1729000244E+04    1.5221139783E-06
    1.1739000244E+04    1.8146376445E-06
    1.1749000244E+04    1.8020802351E-06
    1.1759000244E+04    1.6448784398E-06
    1.1769000244E+04    1.6048475892E-06
    1.1779000244E+04    1.6307420805E-06
    1.1789000244E+04    1.6150680720E-06
    1.1799000244E+04    1.8373023933E-06
    1.1809000244E+04    1.6453408078E-06
    1.1819000244E+04    1.8155475706E-06
    1.1829000244E+04    1.6047066515E-06
    1.1839000244E+04    1.3763185535E-06
    1.1849000244E+04    1.8708685602E-06
    1.1859000244E+04    1.2793910324E-06
    1.1869000244E+04    1.7813713404E-06
    1.1879000244E+04    1.6623072362E-06
    1.1889000244E+04    1.8569944349E-06
    1.1899000244E+04    1.7289216049E-06
    1.1909000244E+04    1.5035700376E-06
    1.1919000244E+04    1.8780334857E-06
    1.1929000244E+04    2.3447139898E-06
    1.1939000244E+04    1.6869276604E-06
    1.1949000244E+04    1.8205420794E-06
    1.1959000244E+04    1.6732172649E-06
    1.1969000244E+04    1.9022411102E-06
    1.1979000244E+04    1.9307662675E-06
    1.1989000244E+04    2.0614402448E-06
    1.1999000244E+04    1.7963998769E-06
    1.2009000244E+04    1.8613463816E-06
    1.2019000244E+04    1.4395294484E-06
    1.2029000244E+04    1.9187438656E-06
    1.2039000244E+04    2.1376466565E-06
    1.2049000244E+04    1.6004748459E-06
    1.2059000244E+04    1.3877625948E-06
    1.2069000244E+04    1.9185404587E-06
    1.2079000244E+04    1.6156919139E-06
    1.2089000244E+04    1.8035557132E-06
    1.2099000244E+04    1.7071418505E-06
    1.2109000244E+04    1.7889481873E-06
    1.2119000244E+04    1.8967979914E-06
    1.2129000244E+04    1.2940862547E-06
    1.2139000244E+04    1.7136971746E-06
    1.2149000244E+04    1.6845536405E-06
    1.2159000244E+04    1.3422149841E-06
    1.2169000244E+04    1.3845827265E-06
    1.2179000244E+04    2.1147078900E-06
    1.2189000244E+04    1.7584131246E-06
    1.2199000244E+04    1.7192165510E-06
    1.2209000244E+04    1.7567840177E-06
    1.2219000244E+04    1.6834890383E-06
    1.2229000244E+04    1.7802158806E-06
    1.2239000244E+04    1.4927634591E-06
    1.2249000244E+04    2.0347443665E-06
    1.2259000244E+04    2.0318193616E-06
    1.2269000244E+04    1.9942845149E-06
    1.2279000244E+04    1.6706743711E-06
    1.2289000244E+04    2.0415433505E-06
    1.2299000244E+04    1.7709423682E-06
    1.2309000244E+04    1.8075596313E-06
    1.2319000244E+04    1.7785671441E-06
    1.2329000244E+04    1.5353882264E-06
    1.2339000244E+04    1.8598849315E-06
    1.2349000244E+04    1.8669241704E-06
    1.2359000244E+04    2.0100514818E-06
    1.2369000244E+04    1.7136011153E-06
    1.2379000244E+04    1.8299359918E-06
    1.2389000244E+04    1.7340705875E-06
    1.2399000244E+04    1.9431487014E-06
    1.2409000244E+04    1.9146398528E-06
    1.2419000244E+04    1.7720168490E-06
    1.2429000244E+04    2.0987470692E-06
    1.2439000244E+04    1.7298411474E-06
    1.2449000244E+04    2.0041151397E-06
    1.2459000244E+04    1.5995578223E-06
    1.2469000244E+04    1.8446977831E-06
    1.2479000244E+04    2.2279145552E-06
    1.2489000244E+04    2.1102891644E-06
    1.2499000244E+04    2.0527544844E-06
    1.2509000244E+04    1.4796918684E-06
    1.2519000244E+04    2.1705778506E-06
    1.2529000244E+04    1.6699243465E-06
    1.2539000244E+04    1.9656704514E-06
    1.2549000244E+04    2.0319735739E-06
    1.2559000244E+04    1.9085559470E-06
    1.2569000244E+04    1.8049593775E-06
    1.2579000244E+04    1.7196739547E-06
    1.2589000244E+04    1.9344727190E-06
    1.2599000244E+04    1.8966118204E-06
    1.2609000244E+04    1.4384654346E-06
    1.2619000244E+04    1.8095781212E-06
    1.2629000244E+04    1.8919994171E-06
    1.2639000244E+04    2.3962741864E-06
    1.2649000244E+04    2.1118246331E-06
    1.2659000244E+04    1.6841531398E-06
    1.2669000244E+04    1.8891040186E-06
    1.2679000244E+04    1.9937050432E-06
    1.2689000244E+04    1.8186815624E-06
    1.2699000244E+04    1.9978918774E-06
    1.2709000244E+04    1.8207580147E-06
    1.2719000244E+04    2.1140256200E-06
    1.2729000244E+04    1.7290502021E-06
    1.2739000244E+04    2.3069230964E-06
    1.2749000244E+04    1.5142444501E-06
    1.2759000244E+04    1.3884771907E-06
    1.2769000244E+04    1.9497637517E-06
    1.2779000244E+04    1.9710836008E-06
    1.2789000244E+04    1.7373118432E-06
    1.2799000244E+04    1.7414794463E-06
    1.2809000244E+04    2.0827631518E-06
    1.2819000244E+04    1.9743814712E-06
    1.2829000244E+04    1.9854620903E-06
    1.2839000244E+04    1.7240878173E-06
    1.2849000244E+04    1.6925785348E-06
    1.2859000244E+04    2.0275285961E-06
    1.2869000244E+04    1.9755714586E-06
    1.2879000244E+04    2.0078127035E-06
    1.2889000244E+04    2.0564325576E-06
    1.2899000244E+04    2.2007439684E-06
    1.2909000244E+04    2.0082037706E-06
    1.2919000244E+04    2.3342064719E-06
    1.2929000244E+04    2.0098050478E-06
    1.2939000244E+04    2.1378039707E-06
    1.2949000244E+04    2.1235111713E-06
    1.2959000244E+04    1.6912742101E-06
    1.2969000244E+04    1.8982400761E-06
    1.2979000244E+04    2.1288702594E-06
    1.2989000244E+04    1.9157144302E-06
    1.2999000244E+04    1.7869703521E-06
    1.3009000244E+04    2.0158378377E-06
    1.3019000244E+04    1.9528503280E-06
    1.3029000244E+04    2.0609421754E-06
    1.3039000244E+04    2.1452553080E-06
    1.3049000244E+04    1.8853630902E-06
    1.3059000244E+04    1.9565206691E-06
    1.3069000244E+04    1.9706819175E-06
    1.3079000244E+04    1.7202263701E-06
    1.3089000244E+04    1.7475976822E-06
    1.3099000244E+04    1.7948623732E-06
    1.3109000244E+04    2.2087442640E-06
    1.3119000244E+04    2.0247546824E-06
    1.3129000244E+04    2.1066855908E-06
    1.3139000244E+04    2.5396832961E-06
    1.3149000244E+04    1.9066978662E-06
    1.3159000244E+04    2.0165279153E-06
    1.3169000244E+04    1.8590525615E-06
    1.3179000244E+04    1.9341250858E-06
    1.3189000244E+04    2.1336309072E-06
    1.3199000244E+04    1.7310161836E-06
    1.3209000244E+04    2.0939509751E-06
    1.3219000244E+04    1.9755405630E-06
    1.3229000244E+04    2.1480462280E-06
    1.3239000244E+04    1.9849471268E-06
    1.3249000244E+04    1.4606073938E-06
    1.3259000244E+04    1.7222463621E-06
    1.3269000244E+04    1.9070716626E-06
    1.3279000244E+04    1.8197057513E-06
    1.3289000244E+04    2.0290767784E-06
    1.3299000244E+04    2.1595371550E-06
    1.3309000244E+04    2.1320214279E-06
    1.3319000244E+04    2.0867276468E-06
    1.3329000244E+04    1.5294859905E-06
    1.3339000244E+04    2.0321132440E-06
    1.3349000244E+04    1.8265036596E-06
    1.3359000244E+04    1.7771918619E-06
    1.3369000244E+04    2.4476837011E-06
    1.3379000244E+04    1.7260178943E-06
    1.3389000244E+04    2.1915347710E-06
    1.3399000244E+04    1.8046644108E-06
    1.3409000244E+04    2.0054554831E-06
    1.3419000244E+04    1.8515403268E-06
    1.3429000244E+04    2.2896610969E-06
    1.3439000244E+04    2.5648368275E-06
    1.3449000244E+04    1.6852446510E-06
    1.3459000244E+04    1.9803854046E-06
    1.3469000244E+04    2.2614257404E-06
    1.3479000244E+04    2.1295772020E-06
    1.3489000244E+04    2.6300388773E-06
    1.3499000244E+04    2.6151794825E-06
    1.3509000244E+04    2.3350153301E-06
    1.3519000244E+04    1.8140766830E-06
    1.3529000244E+04    2.7066240295E-06
    1.3539000244E+04    2.5839238581E-06
    1.3549000244E+04    1.8247240315E-06
    1.3559000244E+04    2.3751986564E-06
    1.3569000244E+04    2.4808228372E-06
    1.3579000244E+04    1.7726100283E-06
    1.3589000244E+04    2.2774346844E-06
    1.3599000244E+04    3.0529376979E-06
    1.3609000244E+04    2.3362250333E-06
    1.3619000244E+04    1.7210824816E-06
    1.3629000244E+04    2.2536399577E-06
    1.3639000244E+04    2.0505531420E-06
    1.3649000244E+04    2.0894322386E-06
    1.3659000244E+04    2.6196101223E-06
    1.3669000244E+04    2.3506235413E-06
    1.3679000244E+04    2.0948743768E-06
    1.3689000244E+04    2.1538335523E-06
    1.3699000244E+04    2.3377471047E-06
    1.3709000244E+04    2.4070854730E-06
    1.3719000244E+04    2.1705855306E-06
    1.3729000244E+04    2.4208348989E-06
    1.3739000244E+04    2.6025118885E-06
    1.3749000244E+04    2.4007469266E-06
    1.3759000244E+04    2.2955518191E-06
    1.3769000244E+04    2.6392424121E-06
    1.3779000244E+04    2.5515822461E-06
    1.3789000244E+04    2.5734202435E-06
    1.3799000244E+04    2.5974328213E-06
    1.3809000244E+04    2.1542693427E-06
    1.3819000244E+04    2.5480517999E-06
    1.3829000244E+04    2.6706180790E-06
    1.3839000244E+04    2.3382119193E-06
    1.3849000244E+04    2.2288702181E-06
    1.3859000244E+04    2.4454333153E-06
    1.3869000244E+04    2.3697870565E-06
    1.3879000244E+04    2.2710082574E-06
    1.3889000244E+04    2.3990085606E-06
    1.3899000244E+04    2.3652025630E-06
    1.3909000244E+04    1.8843317960E-06
    1.3919000244E+04    2.2681449835E-06
    1.3929000244E+04    1.8193678246E-06
    1.3939000244E+04    2.2271121737E-06
    1.3949000244E+04    2.1769779328E-06
    1.3959000244E+04    2.0163195896E-06
    1.3969000244E+04    2.4714305936E-06
    1.3979000244E+04    2.1894998273E-06
    1.3989000244E+04    2.1418647960E-06
    1.3999000244E+04    1.9860224538E-06
    1.4009000244E+04    2.2070749956E-06
    1.4019000244E+04    2.4437604823E-06
    1.4029000244E+04    2.1320445022E-06
    1.4039000244E+04    2.5045884205E-06
    1.4049000244E+04    2.5985288546E-06
    1.4059000244E+04    1.7205152662E-06
    1.4069000244E+04    2.1557063259E-06
    1.4079000244E+04    1.9933506362E-06
    1.4089000244E+04    2.1910222114E-06
    1.4099000244E+04    2.5425867686E-06
    1.4109000244E+04    1.9762375322E-06
    1.4119000244E+04    1.8829144681E-06
    1.4129000244E+04    2.4151975889E-06
    1.4139000244E+04    2.4049266042E-06
    1.4149000244E+04    2.2294157970E-06
    1.4159000244E+04    2.4078653158E-06
    1.4169000244E+04    2.1708593393E-06
    1.4179000244E+04    2.7725880686E-06
    1.4189000244E+04    2.4466738152E-06
    1.4199000244E+04    2.5316762559E-06
    1.4209000244E+04    1.8852965348E-06
    1.4219000244E+04    1.9461732165E-06
    1.4229000244E+04    2.1063719017E-06
    1.4239000244E+04    2.5537017173E-06
    1.4249000244E+04    2.7630196287E-06
    1.4259000244E+04    2.0687963406E-06
    1.4269000244E+04    2.0656758996E-06
    1.4279000244E+04    2.2996285535E-06
    1.4289000244E+04    2.1333493104E-06
    1.4299000244E+04    2.1968760886E-06
    1.4309000244E+04    1.8344441445E-06
    1.4319000244E+04    2.1319611046E-06
    1.4329000244E+04    2.3227612232E-06
    1.4339000244E+04    2.6990564150E-06
    1.4349000244E+04    2.3612311353E-06
    1.4359000244E+04    1.9280430195E-06
    1.4369000244E+04    2.1393730125E-06
    1.4379000244E+04    2.7519635262E-06
    1.4389000244E+04    2.1033922261E-06
    1.4399000244E+04    2.0825746241E-06
    1.4409000244E+04    2.5445186514E-06
    1.4419000244E+04    1.7729844660E-06
    1.4429000244E+04    2.6515787434E-06
    1.4439000244E+04    2.2138395016E-06
    1.4449000244E+04    2.2660767378E-06
    1.4459000244E+04    2.4993169077E-06
    1.4469000244E+04    1.8992110093E-06
    1.4479000244E+04    1.9458528712E-06
    1.4489000244E+04    2.1624764116E-06
    1.4499000244E+04    2.4151383952E-06
    1.4509000244E+04    2.4610601653E-06
    1.4519000244E+04    2.6381249953E-06
    1.4529000244E+04    2.3099141537E-06
    1.4539000244E+04    2.2442268021E-06
    1.4549000244E+04    2.1796680376E-06
    1.4559000244E+04    2.2479114549E-06
    1.4569000244E+04    1.9518339812E-06
    1.4579000244E+04    2.2838386163E-06
    1.4589000244E+04    2.5260510141E-06
    1.4599000244E+04    2.2825796917E-06
    1.4609000244E+04    2.6617025336E-06
    1.4619000244E+04    2.3163807186E-06
    1.4629000244E+04    2.3010554472E-06
    1.4639000244E+04    2.0560778357E-06
    1.4649000244E+04    1.8299169395E-06
    1.4659000244E+04    2.2222578104E-06
    1.4669000244E+04    2.6032472915E-06
    1.4679000244E+04    2.6869271500E-06
    1.4689000244E+04    2.5346420074E-06
    1.4699000244E+04    3.0151483427E-06
    1.4709000244E+04    2.6244323717E-06
    1.4719000244E+04    2.9829962814E-06
    1.4729000244E+04    2.8282770246E-06
    1.4739000244E+04    2.9008754167E-06
    1.4749000244E+04    2.4410069550E-06
    1.4759000244E+04    2.8906036687E-06
    1.4769000244E+04    2.3400800683E-06
    1.4779000244E+04    2.4927201730E-06
    1.4789000244E+04    2.5805506547E-06
    1.4799000244E+04    2.5306653323E-06
    1.4809000244E+04    2.2087225169E-06
    1.4819000244E+04    2.0514176658E-06
    1.4829000244E+04    2.1669248123E-06
    1.4839000244E+04    2.5469955991E-06
    1.4849000244E+04    2.3094481068E-06
    1.4859000244E+04    2.9932933393E-06
    1.4869000244E+04    2.0540867065E-06
    1.4879000244E+04    2.1032560746E-06
    1.4889000244E+04    2.6373563205E-06
    1.4899000244E+04    2.7628165391E-06
    1.4909000244E+04    2.1319917530E-06
    1.4919000244E+04    2.2012905045E-06
    1.4929000244E+04    2.6948623638E-06
    1.4939000244E+04    2.5496505225E-06
    1.4949000244E+04    2.5369359909E-06
    1.4959000244E+04    2.8227464988E-06
    1.4969000244E+04    2.5438901979E-06
    1.4979000244E+04    2.7891899878E-06
    1.4989000244E+04    2.6422191862E-06
    1.4999000244E+04    2.8451531924E-06
    1.5009000244E+04    2.9123751245E-06
    1.5019000244E+04    2.7571258656E-06
    1.5029000244E+04    2.6716018147E-06
    1.5039000244E+04    2.2709125528E-06
    1.5049000244E+04    2.1773710187E-06
    1.5059000244E+04    2.8179647071E-06
    1.5069000244E+04    2.6236449681E-06
    1.5079000244E+04    2.5392566156E-06
    1.5089000244E+04    3.0832402824E-06
    1.5099000244E+04    2.3087087385E-06
    1.5109000244E+04    2.1973822067E-06
    1.5119000244E+04    2.6407309385E-06
    1.5129000244E+04    2.5067869492E-06
    1.5139000244E+04    3.2928887392E-06
    1.5149000244E+04    2.6912948907E-06
    1.5159000244E+04    3.0806320924E-06
    1.5169000244E+04    3.1408334889E-06
    1.5179000244E+04    2.6855906877E-06
    1.5189000244E+04    2.8590432525E-06
    1.5199000244E+04    2.4857648136E-06
    1.5209000244E+04    2.6765037984E-06
    1.5219000244E+04    2.7329589430E-06
    1.5229000244E+04    3.0942004475E-06
    1.5239000244E+04    3.1553803037E-06
    1.5249000244E+04    3.7261041207E-06
    1.5259000244E+04    2.8563325005E-06
    1.5269000244E+04    3.1703579807E-06
    1.5279000244E+04    2.9438281418E-06
    1.5289000244E+04    2.9308799161E-06
    1.5299000244E+04    2.0723206789E-06
    1.5309000244E+04    2.9425067834E-06
    1.5319000244E+04    2.7735315280E-06
    1.5329000244E+04    2.7026941081E-06
    1.5339000244E+04    2.7634665171E-06
    1.5349000244E+04    2.7559414098E-06
    1.5359000244E+04    2.1017179425E-06
    1.5369000244E+04    2.8786398627E-06
    1.5379000244E+04    2.6732497376E-06
    1.5389000244E+04    2.9781606862E-06
    1.5399000244E+04    2.9169687224E-06
    1.5409000244E+04    2.7005803584E-06
    1.5419000244E+04    3.0219211341E-06
    1.5429000244E+04    3.3163097376E-06
    1.5439000244E+04    3.0786954242E-06
    1.5449000244E+04    2.8098961998E-06
    1.5459000244E+04    2.0336133926E-06
    1.5469000244E+04    3.4150291711E-06
    1.5479000244E+04    3.4645773200E-06
    1.5489000244E+04    3.0541300073E-06
    1.5499000244E+04    2.8493780249E-06
    1.5509000244E+04    3.1337449262E-06
    1.5519000244E+04    2.8100895365E-06
    1.5529000244E+04    3.7475715275E-06
    1.5539000244E+04    3.1049458792E-06
    1.5549000244E+04    3.0151128933E-06
    1.5559000244E+04    3.3216073993E-06
    1.5569000244E+04    3.5281016673E-06
    1.5579000244E+04    3.5096043872E-06
    1.5589000244E+04    3.0814054879E-06
    1.5599000244E+04    3.3715077897E-06
    1.5609000244E+04    2.8318896573E-06
    1.5619000244E+04    3.1232975229E-06
    1.5629000244E+04    3.4837623426E-06
    1.5639000244E+04    2.1740721845E-06
    1.5649000244E+04    3.3730359579E-06
    1.5659000244E+04    2.5627629819E-06
    1.5669000244E+04    2.7785556397E-06
    1.5679000244E+04    2.7399436750E-06
    1.5689000244E+04    3.7339976186E-06
    1.5699000244E+04    3.1786056261E-06
    1.5709000244E+04    3.2379836761E-06
    1.5719000244E+04    2.7221142943E-06
    1.5729000244E+04    3.1200180006E-06
    1.5739000244E+04    3.1756493031E-06
    1.5749000244E+04    2.4152840747E-06
    1.5759000244E+04    3.5907709092E-06
    1.5769000244E+04    3.4868436991E-06
    1.5779000244E+04    3.3477005043E-06
    1.5789000244E+04    2.6233815541E-06
    1.5799000244E+04    2.8571605603E-06
    1.5809000244E+04    4.0033151474E-06
    1.5819000244E+04    3.5538111882E-06
    1.5829000244E+04    2.5863926870E-06
    1.5839000244E+04    3.5287971780E-06
    1.5849000244E+04    2.5640742022E-06
    1.5859000244E+04    3.5081667716E-06
    1.5869000244E+04    2.8303432584E-06
    1.5879000244E+04    3.4311298927E-06
    1.5889000244E+04    3.9180193252E-06
    1.5899000244E+04    3.0811605738E-06
    1.5909000244E+04    2.2626668497E-06
    1.5919000244E+04    3.9972329921E-06
    1.5929000244E+04    2.8558961975E-06
    1.5939000244E+04    3.3583394810E-06
    1.5949000244E+04    4.0737803997E-06
    1.5959000244E+04    3.6353776062E-06
    1.5969000244E+04    2.7918235481E-06
    1.5979000244E+04    2.8111466151E-06
    1.5989000244E+04    2.6766777556E-06
    1.5999000244E+04    3.1349601191E-06
    1.6009000244E+04    4.1015432084E-06
    1.6019000244E+04    3.4363979990E-06
    1.6029000244E+04    3.8665687339E-06
    1.6039000244E+04    3.1989097795E-06
    1.6049000244E+04    3.6435319260E-06
    1.6059000244E+04    3.2202367262E-06
    1.6069000244E+04    2.9550036252E-06
    1.6079000244E+04    3.5480945243E-06
    1.6089000244E+04    3.7564624062E-06
    1.6099000244E+04    3.8038421458E-06
    1.6109000244E+04    3.5043325614E-06
    1.6119000244E+04    3.4930314138E-06
    1.6129000244E+04    3.5754419824E-06
    1.6139000244E+04    3.3962873281E-06
    1.6149000244E+04    3.4067195671E-06
    1.6159000244E+04    4.2363005419E-06
    1.6169000244E+04    3.4712509721E-06
    1.6179000244E+04    4.3588333267E-06
    1.6189000244E+04    3.5132050616E-06
    1.6199000244E+04    4.1155737831E-06
    1.6209000244E+04    3.9902369478E-06
    1.6219000244E+04    3.5778038172E-06
    1.6229000244E+04    3.7526703495E-06
    1.6239000244E+04    3.3326795455E-06
    1.6249000244E+04    4.4431169451E-06
    1.6259000244E+04    4.0278653072E-06
    1.6269000244E+04    4.9550525574E-06
    1.6279000244E+04    3.3987499479E-06
    1.6289000244E+04    3.5250476077E-06
    1.6299000244E+04    3.5783173814E-06
    1.6309000244E+04    3.6849501000E-06
    1.6319000244E+04    4.1982289253E-06
    1.6329000244E+04    3.5707504667E-06
    1.6339000244E+04    3.5399720594E-06
    1.6349000244E+04    3.9977328844E-06
    1.6359000244E+04    4.0142707450E-06
    1.6369000244E+04    4.1426338199E-06
    1.6379000244E+04    4.7320090924E-06
    1.6389000244E+04    4.0272735130E-06
    1.6399000244E+04    5.0645062827E-06
    1.6409000244E+04    5.3775807328E-06
    1.6419000244E+04    5.3292192564E-06
    1.6429000244E+04    5.2745035744E-06
    1.6439000244E+04    4.9832284991E-06
    1.6449000244E+04    4.7350594293E-06
    1.6459000244E+04    4.4483868654E-06
    1.6469000244E+04    5.3626809514E-06
    1.6479000244E+04    6.5106071282E-06
    1.6489000244E+04    5.1870733326E-06
    1.6499000244E+04    6.3508482317E-06
    1.6509000244E+04    6.6489942498E-06
    1.6519000244E+04    6.9029711232E-06
    1.6529000244E+04    6.5616573307E-06
    1.6539000244E+04    6.0164136221E-06
    1.6549000244E+04    8.0734871211E-06
    1.6559000244E+04    7.7310050092E-06
    1.6569000244E+04    8.5336038728E-06
    1.6579000244E+04    8.1739372018E-06
    1.6589000244E+04    9.4678307286E-06
    1.6599000244E+04    1.0105201937E-05
    1.6609000244E+04    9.9543052777E-06
    1.6619000244E+04    1.1389520608E-05
    1.6629000244E+04    1.1703645189E-05
    1.6639000244E+04    1.3102041480E-05
    1.6649000244E+04    1.3927922003E-05
    1.6659000244E+04    1.4867409851E-05
    1.6669000244E+04    1.6078301553E-05
    1.6679000244E+04    1.6153729133E-05
    1.6689000244E+04    1.7670502769E-05
    1.6699000244E+04    1.9669567373E-05
    1.6709000244E+04    2.1163468915E-05
    1.6719000244E+04    2.3706215500E-05
    1.6729000244E+04    2.5911952907E-05
    1.6739000244E+04    2.6620770998E-05
    1.6749000244E+04    2.9352448785E-05
    1.6759000244E+04    3.2218195429E-05
    1.6769000244E+04    3.4737976159E-05
    1.6779000244E+04    3.6849760255E-05
    1.6789000244E+04    3.9987928848E-05
    1.6799000244E+04    4.3003355798E-05
    1.6809000244E+04    4.5818451187E-05
    1.6819000244E+04    4.9277250131E-05
    1.6829000244E+04    5.4201653193E-05
    1.6839000244E+04    5.7479126634E-05
    1.6849000244E+04    6.1617944234E-05
    1.6859000244E+04    6.7191936275E-05
    1.6869000244E+04    7.3942865309E-05
    1.6879000244E+04    7.8375300793E-05
    1.6889000244E+04    8.5738992965E-05
    1.6899000244E+04    9.3487608497E-05
    1.6909000244E+04    1.0219215764E-04
    1.6919000244E+04    1.1177462958E-04
    1.6929000244E+04    1.2231929598E-04
    1.6939000244E+04    1.3442059134E-04
    1.6949000244E+04    1.4947346772E-04
    1.6959000244E+04    1.6336325587E-04
    1.6969000244E+04    1.8412813284E-04
    1.6979000244E+04    2.0535307904E-04
    1.6989000244E+04    2.2774428758E-04
    1.6999000244E+04    2.5860237411E-04
    1.7009000244E+04    2.8920306282E-04
    1.7019000244E+04    3.2491341878E-04
    1.7029000244E+04    3.6752704212E-04
    1.7039000244E+04    4.1658827022E-04
    1.7049000244E+04    4.7163964754E-04
    1.7059000244E+04    5.3325982383E-04
    1.7069000244E+04    6.0594955424E-04
    1.7079000244E+04    6.8943557071E-04
    1.7089000244E+04    7.7929066801E-04
    1.7099000244E+04    8.8868405916E-04
    1.7109000244E+04    1.0122953935E-03
    1.7119000244E+04    1.1438658641E-03
    1.7129000244E+04    1.2954965187E-03
    1.7139000244E+04    1.4767687919E-03
    1.7149000244E+04    1.6664697426E-03
    1.7159000244E+04    1.8986669814E-03
    1.7169000244E+04    2.1744442633E-03
    1.7179000244E+04    2.4623332241E-03
    1.7189000244E+04    2.7979925978E-03
    1.7199000244E+04    3.1930592295E-03
    1.7209000244E+04    3.6380430299E-03
    1.7219000244E+04    4.1690352582E-03
    1.7229000244E+04    4.8124163416E-03
    1.7239000244E+04    5.5418474905E-03
    1.7249000244E+04    6.3860605110E-03
    1.7259000244E+04    7.3770969247E-03
    1.7269000244E+04    8.6243785833E-03
    1.7279000244E+04    1.0017986968E-02
    1.7289000244E+04    1.1781298541E-02
    1.7299000244E+04    1.3907152196E-02
    1.7309000244E+04    1.6228568475E-02
    1.7319000244E+04    1.9053091761E-02
    1.7329000244E+04    2.2392583745E-02
    1.7339000244E+04    2.6110013417E-02
    1.7349000244E+04    3.0156836821E-02
    1.7359000244E+04    3.4819579997E-02
    1.7369000244E+04    3.9347438468E-02
    1.7379000244E+04    4.4211036069E-02
    1.7389000244E+04    4.9325423635E-02
    1.7399000244E+04    5.4388558797E-02
    1.7409000244E+04    5.9826187520E-02
    1.7419000244E+04    6.6254680993E-02
    1.7429000244E+04    7.3564247125E-02
    1.7439000244E+04    8.1786519396E-02
    1.7449000244E+04    9.1363981020E-02
    1.7459000244E+04    1.0252348457E-01
    1.7469000244E+04    1.1489927772E-01
    1.7479000244E+04    1.2983590868E-01
    1.7489000244E+04    1.4641924387E-01
    1.7499000244E+04    1.6334009969E-01
    1.7509000244E+04    1.8259172725E-01
    1.7519000244E+04    2.0223293385E-01
    1.7529000244E+04    2.2210859743E-01
    1.7539000244E+04    2.4266545260E-01
    1.7549000244E+04    2.6320747759E-01
    1.7559000244E+04    2.8135517984E-01
    1.7569000244E+04    2.9893500695E-01
    1.7579000244E+04    3.1527177667E-01
    1.7589000244E+04    3.2980121512E-01
    1.7599000244E+04    3.4306949919E-01
    1.7609000244E+04    3.5649997353E-01
    1.7619000244E+04    3.6758590270E-01
    1.7629000244E+04    3.7848581790E-01
    1.7639000244E+04    3.8833853553E-01
    1.7649000244E+04    3.9774120690E-01
    1.7659000244E+04    4.0762669710E-01
    1.7669000244E+04    4.1661021605E-01
    1.7679000244E+04    4.2503630439E-01
    1.7689000244E+04    4.3182463249E-01
    1.7699000244E+04    4.3768287189E-01
    1.7709000244E+04    4.4337423694E-01
    1.7719000244E+04    4.4787900116E-01
    1.7729000244E+04    4.5240629487E-01
    1.7739000244E+04    4.5389627214E-01
    1.7749000244E+04    4.5677936936E-01
    1.7759000244E+04    4.5713758865E-01
    1.7769000244E+04    4.5869898923E-01
    1.7779000244E+04    4.5951912863E-01
    1.7789000244E+04    4.5907042604E-01
    1.7799000244E+04    4.5992139174E-01
    1.7809000244E+04    4.5889270479E-01
    1.7819000244E+04    4.5857974818E-01
    1.7829000244E+04    4.5892654071E-01
    1.7839000244E+04    4.5898362402E-01
    1.7849000244E+04    4.5923407709E-01
    1.7859000244E+04    4.5985314437E-01
    1.7869000244E+04    4.5987439242E-01
    1.7879000244E+04    4.5965117600E-01
    1.7889000244E+04    4.6021537371E-01
    1.7899000244E+04    4.6006952727E-01
    1.7909000244E+04    4.6000278088E-01
    1.7919000244E+04    4.6062805742E-01
    1.7929000244E+04    4.5893345801E-01
    1.7939000244E+04    4.5855291223E-01
    1.7949000244E+04    4.5712499281E-01
    1.7959000244E+04    4.5568388029E-01
    1.7969000244E+04    4.5547523656E-01
    1.7979000244E+04    4.5393431140E-01
    1.7989000244E+04    4.5283512776E-01
    1.7999000244E+04    4.5071317963E-01
    1.8009000244E+04    4.4890487899E-01
    1.8019000244E+04    4.4756993467E-01
    1.8029000244E+04    4.4548547895E-01
    1.8039000244E+04    4.4437509201E-01
    1.8049000244E+04    4.4362289880E-01
    1.8059000244E+04    4.4259674962E-01
    1.8069000244E+04    4.4276486827E-01
    1.8079000244E+04    4.4300577323E-01
    1.8089000244E+04    4.4160966856E-01
    1.8099000244E+04    4.4204644657E-01
    1.8109000244E+04    4.4178497709E-01
    1.8119000244E+04    4.4239532787E-01
    1.8129000244E+04    4.4378261851E-01
    1.8139000244E+04    4.4378334972E-01
    1.8149000244E+04    4.4446453356E-01
    1.8159000244E+04    4.4599994447E-01
    1.8169000244E+04    4.4733657637E-01
    1.8179000244E+04    4.4780556856E-01
    1.8189000244E+04    4.4941916538E-01
    1.8199000244E+04    4.5060296853E-01
    1.8209000244E+04    4.5071853034E-01
    1.8219000244E+04    4.5389185327E-01
    1.8229000244E+04    4.5482639652E-01
    1.8239000244E+04    4.5550855023E-01
    1.8249000244E+04    4.5621586260E-01
    1.8259000244E+04    4.5688786387E-01
    1.8269000244E+04    4.5759678764E-01
    1.8279000244E+04    4.5961648577E-01
    1.8289000244E+04    4.5918501500E-01
    1.8299000244E+04    4.6069341215E-01
    1.8309000244E+04    4.6154412359E-01
    1.8319000244E+04    4.6177017051E-01
    1.8329000244E+04    4.6211189296E-01
    1.8339000244E+04    4.6376267220E-01
    1.8349000244E+04    4.6327523125E-01
    1.8359000244E+04    4.6358312025E-01
    1.8369000244E+04    4.6377348929E-01
    1.8379000244E+04    4.6405377658E-01
    1.8389000244E+04    4.6353956847E-01
    1.8399000244E+04    4.6447282235E-01
    1.8409000244E+04    4.6411658496E-01
    1.8419000244E+04    4.6377085396E-01
    1.8429000244E+04    4.6432297541E-01
    1.8439000244E+04    4.6346481855E-01
    1.8449000244E+04    4.6247930348E-01
    1.8459000244E+04    4.6316538268E-01
    1.8469000244E+04    4.6205313551E-01
    1.8479000244E+04    4.6061564208E-01
    1.8489000244E+04    4.6061713462E-01
    1.8499000244E+04    4.6045294544E-01
    1.8509000244E+04    4.5976178417E-01
    1.8519000244E+04    4.5776373389E-01
    1.8529000244E+04    4.5778293323E-01
    1.8539000244E+04    4.5657503142E-01
    1.8549000244E+04    4.5725055219E-01
    1.8559000244E+04    4.5618858704E-01
    1.8569000244E+04    4.5590228309E-01
    1.8579000244E+04    4.5536857291E-01
    1.8589000244E+04    4.5472847743E-01
    1.8599000244E+04    4.5407249223E-01
    1.8609000244E+04    4.5423480492E-01
    1.8619000244E+04    4.5264050397E-01
    1.8629000244E+04    4.5328911702E-01
    1.8639000244E+04    4.5357355274E-01
    1.8649000244E+04    4.5299370412E-01
    1.8659000244E+04    4.5274660018E-01
    1.8669000244E+04    4.5266678998E-01
    1.8679000244E+04    4.5297632953E-01
    1.8689000244E+04    4.5282018116E-01
    1.8699000244E+04    4.5319479509E-01
    1.8709000244E+04    4.5347874892E-01
    1.8719000244E+04    4.5402268070E-01
    1.8729000244E+04    4.5411122451E-01
    1.8739000244E+04    4.5578877143E-01
    1.8749000244E+04    4.5626611455E-01
    1.8759000244E+04    4.5643423970E-01
    1.8769000244E+04    4.5656199979E-01
    1.8779000244E+04    4.5770751350E-01
    1.8789000244E+04    4.5784511854E-01
    1.8799000244E+04    4.5877094211E-01
    1.8809000244E+04    4.5882499226E-01
    1.8819000244E+04    4.6037757028E-01
    1.8829000244E+04    4.6111569992E-01
    1.8839000244E+04    4.6235270637E-01
    1.8849000244E+04    4.6284963192E-01
    1.8859000244E+04    4.6240031423E-01
    1.8869000244E+04    4.6400113794E-01
    1.8879000244E+04    4.6434222093E-01
    1.8889000244E+04    4.6483213793E-01
    1.8899000244E+04    4.6470506492E-01
    1.8909000244E+04    4.6479362522E-01
    1.8919000244E+04    4.6599996025E-01
    1.8929000244E+04    4.6665721502E-01
    1.8939000244E+04    4.6698620329E-01
    1.8949000244E+04    4.6758938642E-01
    1.8959000244E+04    4.6780090492E-01
    1.8969000244E+04    4.6768930651E-01
    1.8979000244E+04    4.6765433779E-01
    1.8989000244E+04    4.6697129806E-01
    1.8999000244E+04    4.6850387758E-01
    1.9009000244E+04    4.6772424990E-01
    1.9019000244E+04    4.6795199224E-01
    1.9029000244E+04    4.6898750686E-01
    1.9039000244E+04    4.6986575054E-01
    1.9049000244E+04    4.6995183018E-01
    1.9059000244E+04    4.7043132787E-01
    1.9069000244E+04    4.7206029932E-01
    1.9079000244E+04    4.7344443417E-01
    1.9089000244E+04    4.7386321037E-01
    1.9099000244E+04    4.7367249605E-01
    1.9109000244E+04    4.7378639429E-01
    1.9119000244E+04    4.7601085664E-01
    1.9129000244E+04    4.7511491805E-01
    1.9139000244E+04    4.7507409664E-01
    1.9149000244E+04    4.7507593390E-01
    1.9159000244E+04    4.7511016597E-01
    1.9169000244E+04    4.7511834084E-01
    1.9179000244E+04    4.7495326875E-01
    1.9189000244E+04    4.7427316101E-01
    1.9199000244E+04    4.7569407619E-01
    1.9209000244E+04    4.7440877934E-01
    1.9219000244E+04    4.7416125313E-01
    1.9229000244E+04    4.7414566239E-01
    1.9239000244E+04    4.7387102830E-01
    1.9249000244E+04    4.7333671610E-01
    1.9259000244E+04    4.7183094358E-01
    1.9269000244E+04    4.7275827618E-01
    1.9279000244E+04    4.7326930542E-01
    1.9289000244E+04    4.7248870628E-01
    1.9299000244E+04    4.7199489887E-01
    1.9309000244E+04    4.7179463154E-01
    1.9319000244E+04    4.7034508101E-01
    1.9329000244E+04    4.7087773789E-01
    1.9339000244E+04    4.7010790594E-01
    1.9349000244E+04    4.7002160030E-01
    1.9359000244E+04    4.6965164282E-01
    1.9369000244E+04    4.6932727422E-01
    1.9379000244E+04    4.6890369047E-01
    1.9389000244E+04    4.6869979454E-01
    1.9399000244E+04    4.6875175506E-01
    1.9409000244E+04    4.6926256947E-01
    1.9419000244E+04    4.6979530139E-01
    1.9429000244E+04    4.6946398430E-01
    1.9439000244E+04    4.6957466653E-01
    1.9449000244E+04    4.6946546415E-01
    1.9459000244E+04    4.7059807909E-01
    1.9469000244E+04    4.7087479028E-01
    1.9479000244E+04    4.7158235491E-01
    1.9489000244E+04    4.7160763560E-01
    1.9499000244E+04    4.7100691945E-01
    1.9509000244E+04    4.7194357891E-01
    1.9519000244E+04    4.7177001095E-01
    1.9529000244E+04    4.7147367189E-01
    1.9539000244E+04    4.7180435475E-01
    1.9549000244E+04    4.7169659057E-01
    1.9559000244E+04    4.7138880710E-01
    1.9569000244E+04    4.7027336869E-01
    1.9579000244E+04    4.6910605835E-01
    1.9589000244E+04    4.6621793856E-01
    1.9599000244E+04    4.6229399775E-01
    1.9609000244E+04    4.6298100107E-01
    1.9619000244E+04    4.6666575271E-01
    1.9629000244E+04    4.6989158476E-01
    1.9639000244E+04    4.7154555667E-01
    1.9649000244E+04    4.7258735139E-01
    1.9659000244E+04    4.7273422660E-01
    1.9669000244E+04    4.7281614559E-01
    1.9679000244E+04    4.7215213660E-01
    1.9689000244E+04    4.7419755548E-01
    1.9699000244E+04    4.7410429112E-01
    1.9709000244E+04    4.7259056637E-01
    1.9719000244E+04    4.7313814046E-01
    1.9729000244E+04    4.7282928656E-01
    1.9739000244E+04    4.7232217042E-01
    1.9749000244E+04    4.7235094607E-01
    1.9759000244E+04    4.7239313299E-01
    1.9769000244E+04    4.7203515982E-01
    1.9779000244E+04    4.7225877716E-01
    1.9789000244E+04    4.7179119598E-01
    1.9799000244E+04    4.7204162460E-01
    1.9809000244E+04    4.7342980551E-01
    1.9819000244E+04    4.7372697129E-01
    1.9829000244E+04    4.7282448477E-01
    1.9839000244E+04    4.7385341507E-01
    1.9849000244E+04    4.7406315930E-01
    1.9859000244E+04    4.7458158850E-01
    1.9869000244E+04    4.7422881120E-01
    1.9879000244E+04    4.7526666255E-01
    1.9889000244E+04    4.7514620203E-01
    1.9899000244E+04    4.7495448350E-01
    1.9909000244E+04    4.7630929733E-01
    1.9919000244E+04    4.7600550391E-01
    1.9929000244E+04    4.7727954478E-01
    1.9939000244E+04    4.7754905704E-01
    1.9949000244E+04    4.7784799756E-01
    1.9959000244E+04    4.7763197627E-01
    1.9969000244E+04    4.7737812902E-01
    1.9979000244E+04    4.7813102493E-01
    1.9989000244E+04    4.7691879654E-01
    1.9999000244E+04    4.7783586131E-01
    2.0009000244E+04    4.7822993563E-01
    2.0019000244E+04    4.7798111301E-01
    2.0029000244E+04    4.7687859154E-01
    2.0039000244E+04    4.7749770166E-01
    2.0049000244E+04    4.7659565813E-01
    2.0059000244E+04    4.7641384117E-01
    2.0069000244E+04    4.7613475490E-01
    2.0079000244E+04    4.7580253593E-01
    2.0089000244E+04    4.7535052006E-01
    2.0099000244E+04    4.7658681257E-01
    2.0109000244E+04    4.7500904663E-01
    2.0119000244E+04    4.7488173103E-01
    2.0129000244E+04    4.7552120570E-01
    2.0139000244E+04    4.7555942436E-01
    2.0149000244E+04    4.7524268903E-01
    2.0159000244E+04    4.7579333293E-01
    2.0169000244E+04    4.7650466391E-01
    2.0179000244E+04    4.7688916365E-01
    2.0189000244E+04    4.7579880242E-01
    2.0199000244E+04    4.7702309149E-01
    2.0209000244E+04    4.7742364354E-01
    2.0219000244E+04    4.7733400963E-01
    2.0229000244E+04    4.7865573272E-01
    2.0239000244E+04    4.7999440936E-01
    2.0249000244E+04    4.8010094539E-01
    2.0259000244E+04    4.8191372218E-01
    2.0269000244E+04    4.8231458702E-01
    2.0279000244E+04    4.8311514704E-01
    2.0289000244E+04    4.8388575653E-01
    2.0299000244E+04    4.8422885638E-01
    2.0309000244E+04    4.8456635461E-01
    2.0319000244E+04    4.8471829794E-01
    2.0329000244E+04    4.8576883423E-01
    2.0339000244E+04    4.8540847815E-01
    2.0349000244E+04    4.8554713347E-01
    2.0359000244E+04    4.8542961067E-01
    2.0369000244E+04    4.8604501787E-01
    2.0379000244E+04    4.8615848787E-01
    2.0389000244E+04    4.8618673036E-01
    2.0399000244E+04    4.8725719870E-01
    2.0409000244E+04    4.8701650665E-01
    2.0419000244E+04    4.8556625504E-01
    2.0429000244E+04    4.8631099231E-01
    2.0439000244E+04    4.8395132151E-01
    2.0449000244E+04    4.8361706761E-01
    2.0459000244E+04    4.8324618385E-01
    2.0469000244E+04    4.8266779302E-01
    2.0479000244E+04    4.8210964791E-01
    2.0488999023E+04    4.8161759504E-01
    2.0498999023E+04    4.8052448923E-01
    2.0508999023E+04    4.8046566977E-01
    2.0518999023E+04    4.8052021174E-01
    2.0528999023E+04    4.8075142309E-01
    2.0538999023E+04    4.7961239404E-01
    2.0548999023E+04    4.7992386588E-01
    2.0558999023E+04    4.8005097844E-01
    2.0568999023E+04    4.7970060518E-01
    2.0578999023E+04    4.7936705963E-01
    2.0588999023E+04    4.7903490866E-01
    2.0598999023E+04    4.7936047180E-01
    2.0608999023E+04    4.8103834495E-01
    2.0618999023E+04    4.8081718662E-01
    2.0628999023E+04    4.8133448294E-01
    2.0638999023E+04    4.8200519173E-01
    2.0648999023E+04    4.8315634085E-01
    2.0658999023E+04    4.8373087237E-01
    2.0668999023E+04    4.8424959343E-01
    2.0678999023E+04    4.8526807189E-01
    2.0688999023E+04    4.8611894536E-01
    2.0698999023E+04    4.8599154143E-01
    2.0708999023E+04    4.8833510942E-01
    2.0718999023E+04    4.8885973563E-01
    2.0728999023E+04    4.8890470580E-01
    2.0738999023E+04    4.8983961600E-01
    2.0748999023E+04    4.9060850844E-01
    2.0758999023E+04    4.9099352488E-01
    2.0768999023E+04    4.9142742531E-01
    2.0778999023E+04    4.9090700650E-01
    2.0788999023E+04    4.9058418618E-01
    2.0798999023E+04    4.9202326802E-01
    2.0808999023E+04    4.9165011991E-01
    2.0818999023E+04    4.9211986869E-01
    2.0828999023E+04    4.9191420649E-01
    2.0838999023E+04    4.9239438914E-01
    2.0848999023E+04    4.9271767211E-01
    2.0858999023E+04    4.9207345638E-01
    2.0868999023E+04    4.9038647653E-01
    2.0878999023E+04    4.9030311686E-01
    2.0888999023E+04    4.8880143882E-01
    2.0898999023E+04    4.8882170386E-01
    2.0908999023E+04    4.8907564165E-01
    2.0918999023E+04    4.8787502798E-01
    2.0928999023E+04    4.8703819633E-01
    2.0938999023E+04    4.8699881960E-01
    2.0948999023E+04    4.8709209060E-01
    2.0958999023E+04    4.8673214343E-01
    2.0968999023E+04    4.8673348799E-01
    2.0978999023E+04    4.8376999350E-01
    2.0988999023E+04    4.8438673235E-01
    2.0998999023E+04    4.8287851407E-01
    2.1008999023E+04    4.8325917486E-01
    2.1018999023E+04    4.8230166925E-01
    2.1028999023E+04    4.8097458317E-01
    2.1038999023E+04    4.8030329631E-01
    2.1048999023E+04    4.8042380782E-01
    2.1058999023E+04    4.7970147062E-01
    2.1068999023E+04    4.7802725604E-01
    2.1078999023E+04    4.7878528779E-01
    2.1088999023E+04    4.7811377365E-01
    2.1098999023E+04    4.7701790886E-01
    2.1108999023E+04    4.7633467191E-01
    2.1118999023E+04    4.7655567279E-01
    2.1128999023E+04    4.7600273568E-01
    2.1138999023E+04    4.7558669867E-01
    2.1148999023E+04    4.7436348087E-01
    2.1158999023E+04    4.7470037785E-01
    2.1168999023E+04    4.7430206408E-01
    2.1178999023E+04    4.7454124582E-01
    2.1188999023E+04    4.7414794263E-01
    2.1198999023E+04    4.7369023157E-01
    2.1208999023E+04    4.7437329741E-01
    2.1218999023E+04    4.7463038780E-01
    2.1228999023E+04    4.7493702643E-01
    2.1238999023E+04    4.7467525935E-01
    2.1248999023E+04    4.7568761977E-01
    2.1258999023E+04    4.7456625455E-01
    2.1268999023E+04    4.7689968383E-01
    2.1278999023E+04    4.7537469619E-01
    2.1288999023E+04    4.7490358441E-01
    2.1298999023E+04    4.7581571068E-01
    2.1308999023E+04    4.7534293053E-01
    2.1318999023E+04    4.7653382796E-01
    2.1328999023E+04    4.7579388374E-01
    2.1338999023E+04    4.7752500471E-01
    2.1348999023E+04    4.7757837737E-01
    2.1358999023E+04    4.7798894485E-01
    2.1368999023E+04    4.7814609406E-01
    2.1378999023E+04    4.7926182102E-01
    2.1388999023E+04    4.7875203789E-01
    2.1398999023E+04    4.8169370421E-01
    2.1408999023E+04    4.8119989788E-01
    2.1418999023E+04    4.8169584627E-01
    2.1428999023E+04    4.8235091081E-01
    2.1438999023E+04    4.8235307097E-01
    2.1448999023E+04    4.8364959703E-01
    2.1458999023E+04    4.8441155031E-01
    2.1468999023E+04    4.8321929897E-01
    2.1478999023E+04    4.8486014893E-01
    2.1488999023E+04    4.8555511154E-01
    2.1498999023E+04    4.8694898650E-01
    2.1508999023E+04    4.8549665679E-01
    2.1518999023E+04    4.8656265265E-01
    2.1528999023E+04    4.8609605949E-01
    2.1538999023E+04    4.8671429491E-01
    2.1548999023E+04    4.8523272163E-01
    2.1558999023E+04    4.8555913075E-01
    2.1568999023E+04    4.8594253442E-01
    2.1578999023E+04    4.8487537377E-01
    2.1588999023E+04    4.8482767647E-01
    2.1598999023E+04    4.8332306580E-01
    2.1608999023E+04    4.8363753675E-01
    2.1618999023E+04    4.8239324350E-01
    2.1628999023E+04    4.8171478675E-01
    2.1638999023E+04    4.8181076269E-01
    2.1648999023E+04    4.8032355937E-01
    2.1658999023E+04    4.8057111769E-01
    2.1668999023E+04    4.7881758220E-01
    2.1678999023E+04    4.7873703693E-01
    2.1688999023E+04    4.7690095829E-01
    2.1698999023E+04    4.7790467942E-01
    2.1708999023E+04    4.7651191338E-01
    2.1718999023E+04    4.7597618474E-01
    2.1728999023E+04    4.7592949859E-01
    2.1738999023E+04    4.7486149740E-01
    2.1748999023E+04    4.7503175088E-01
    2.1758999023E+04    4.7321130093E-01
    2.1768999023E+04    4.7391424079E-01
    2.1778999023E+04    4.7513938759E-01
    2.1788999023E+04    4.7479001173E-01
    2.1798999023E+04    4.7438874308E-01
    2.1808999023E+04    4.7404392889E-01
    2.1818999023E+04    4.7382102037E-01
    2.1828999023E+04    4.7543050197E-01
    2.1838999023E+04    4.7592585403E-01
    2.1848999023E+04    4.7530044608E-01
    2.1858999023E+04    4.7727861501E-01
    2.1868999023E+04    4.7622199635E-01
    2.1878999023E+04    4.7680801757E-01
    2.1888999023E+04    4.7786731424E-01
    2.1898999023E+04    4.7805038060E-01
    2.1908999023E+04    4.7854902811E-01
    2.1918999023E+04    4.7943435770E-01
    2.1928999023E+04    4.7973103984E-01
    2.1938999023E+04    4.8011022366E-01
    2.1948999023E+04    4.8151509357E-01
    2.1958999023E+04    4.8214635130E-01
    2.1968999023E+04    4.8276957460E-01
    2.1978999023E+04    4.8491363347E-01
    2.1988999023E+04    4.8454169250E-01
    2.1998999023E+04    4.8539327299E-01
    2.2008999023E+04    4.8527769572E-01
    2.2018999023E+04    4.8631938150E-01
    2.2028999023E+04    4.8638663915E-01
    2.2038999023E+04    4.8606625631E-01
    2.2048999023E+04    4.8551177711E-01
    2.2058999023E+04    4.8478255401E-01
    2.2068999023E+04    4.8370957475E-01
    2.2078999023E+04    4.8343630647E-01
    2.2088999023E+04    4.8108953522E-01
    2.2098999023E+04    4.7866561275E-01
    2.2108999023E+04    4.7508025741E-01
    2.2118999023E+04    4.6857544519E-01
    2.2128999023E+04    4.6475517948E-01
    2.2138999023E+04    4.5488246744E-01
    2.2148999023E+04    4.4690185515E-01
    2.2158999023E+04    4.3602610288E-01
    2.2168999023E+04    4.2259578792E-01
    2.2178999023E+04    4.0813072615E-01
    2.2188999023E+04    3.9207709816E-01
    2.2198999023E+04    3.7466243917E-01
    2.2208999023E+04    3.5572805024E-01
    2.2218999023E+04    3.3553770496E-01
    2.2228999023E+04    3.1501019851E-01
    2.2238999023E+04    2.9442839905E-01
    2.2248999023E+04    2.7445983724E-01
    2.2258999023E+04    2.5433296981E-01
    2.2268999023E+04    2.3512993636E-01
    2.2278999023E+04    2.1732687018E-01
    2.2288999023E+04    1.9967209988E-01
    2.2298999023E+04    1.8385170990E-01
    2.2308999023E+04    1.6962848702E-01
    2.2318999023E+04    1.5621724343E-01
    2.2328999023E+04    1.4306019148E-01
    2.2338999023E+04    1.3104929852E-01
    2.2348999023E+04    1.1872567662E-01
    2.2358999023E+04    1.0711968943E-01
    2.2368999023E+04    9.6883296815E-02
    2.2378999023E+04    8.6905598249E-02
    2.2388999023E+04    7.7447911609E-02
    2.2398999023E+04    6.8961025392E-02
    2.2408999023E+04    6.1026846398E-02
    2.2418999023E+04    5.3473010944E-02
    2.2428999023E+04    4.7158702986E-02
    2.2438999023E+04    4.1501762672E-02
    2.2448999023E+04    3.6231514267E-02
    2.2458999023E+04    3.1681733515E-02
    2.2468999023E+04    2.7586576665E-02
    2.2478999023E+04    2.3899975692E-02
    2.2488999023E+04    2.0770201205E-02
    2.2498999023E+04    1.8183540074E-02
    2.2508999023E+04    1.5874935646E-02
    2.2518999023E+04    1.3799721231E-02
    2.2528999023E+04    1.2056672574E-02
    2.2538999023E+04    1.0462935019E-02
    2.2548999023E+04    9.0755431606E-03
    2.2558999023E+04    7.9581933463E-03
    2.2568999023E+04    6.9647405134E-03
    2.2578999023E+04    6.0822062592E-03
    2.2588999023E+04    5.3291252303E-03
    2.2598999023E+04    4.6444328650E-03
    2.2608999023E+04    4.0429716108E-03
    2.2618999023E+04    3.5565266869E-03
    2.2628999023E+04    3.1335436783E-03
    2.2638999023E+04    2.7497893287E-03
    2.2648999023E+04    2.4252797843E-03
    2.2658999023E+04    2.1382705217E-03
    2.2668999023E+04    1.8782055328E-03
    2.2678999023E+04    1.6633207063E-03
    2.2688999023E+04    1.4714428328E-03
    2.2698999023E+04    1.3054246590E-03
    2.2708999023E+04    1.1682120657E-03
    2.2718999023E+04    1.0376102729E-03
    2.2728999023E+04    9.2482120820E-04
    2.2738999023E+04    8.2609216959E-04
    2.2748999023E+04    7.4673938745E-04
    2.2758999023E+04    6.7307944103E-04
    2.2768999023E+04    6.0583016518E-04
    2.2778999023E+04    5.5628302436E-04
    2.2788999023E+04    5.0109816305E-04
    2.2798999023E+04    4.5230238274E-04
    2.2808999023E+04    4.1496565870E-04
    2.2818999023E+04    3.8226068810E-04
    2.2828999023E+04    3.5091538355E-04
    2.2838999023E+04    3.2061681588E-04
    2.2848999023E+04    2.9246806932E-04
    2.2858999023E+04    2.7425456542E-04
    2.2868999023E+04    2.4659564006E-04
    2.2878999023E+04    2.3071824887E-04
    2.2888999023E+04    2.1415894327E-04
    2.2898999023E+04    1.9636235102E-04
    2.2908999023E+04    1.7948548847E-04
    2.2918999023E+04    1.6707369316E-04
    2.2928999023E+04    1.5596125954E-04
    2.2938999023E+04    1.4104883219E-04
    2.2948999023E+04    1.3613005043E-04
    2.2958999023E+04    1.2233058518E-04
    2.2968999023E+04    1.1602498133E-04
    2.2978999023E+04    1.0761035252E-04
    2.2988999023E+04    1.0042988470E-04
    2.2998999023E+04    9.2425629376E-05
    2.3008999023E+04    8.5886889940E-05
    2.3018999023E+04    8.2711294533E-05
    2.3028999023E+04    7.4024220692E-05
    2.3038999023E+04    6.8228249020E-05
    2.3048999023E+04    6.3139883138E-05
    2.3058999023E+04    6.0700123879E-05
    2.3068999023E+04    5.4512997728E-05
    2.3078999023E+04    5.2517916374E-05
    2.3088999023E+04    4.9080503137E-05
    2.3098999023E+04    4.4543066939E-05
    2.3108999023E+04    4.5161606460E-05
    2.3118999023E+04    4.0411612266E-05
    2.3128999023E+04    3.6816422683E-05
    2.3138999023E+04    3.3946986897E-05
    2.3148999023E+04    3.3089201147E-05
    2.3158999023E+04    3.0912942353E-05
    2.3168999023E+04    2.9476448225E-05
    2.3178999023E+04    2.6800487803E-05
    2.3188999023E+04    2.4130301761E-05
    2.3198999023E+04    2.3738468234E-05
    2.3208999023E+04    2.2488007754E-05
    2.3218999023E+04    2.1014354915E-05
    2.3228999023E+04    2.0119929585E-05
    2.3238999023E+04    1.7180417766E-05
    2.3248999023E+04    1.6648217574E-05
    2.3258999023E+04    1.5054407744E-05
    2.3268999023E+04    1.4616514358E-05
    2.3278999023E+04    1.2536644035E-05
    2.3288999023E+04    1.1829934268E-05
    2.3298999023E+04    1.1795724372E-05
    2.3308999023E+04    1.0373144612E-05
    2.3318999023E+04    9.7951630538E-06
    2.3328999023E+04    8.5687572930E-06
    2.3338999023E+04    8.2095441414E-06
    2.3348999023E+04    7.4247191144E-06
    2.3358999023E+04    7.1959702533E-06
    2.3368999023E+04    6.5690809157E-06
    2.3378999023E+04    6.5385425681E-06
    2.3388999023E+04    5.7887520966E-06
    2.3398999023E+04    5.0293036960E-06
    2.3408999023E+04    5.0358603296E-06
    2.3418999023E+04    4.7875951746E-06
    2.3428999023E+04    4.8596088713E-06
    2.3438999023E+04    4.3642207760E-06
    2.3448999023E+04    4.0600645263E-06
    2.3458999023E+04    4.4597837755E-06
    2.3468999023E+04    4.2295185370E-06
    2.3478999023E+04    3.7556178264E-06
    2.3488999023E+04    3.6622897577E-06
    2.3498999023E+04    4.3554316877E-06
    2.3508999023E+04    3.7445864712E-06
    2.3518999023E+04    4.0490611231E-06
    2.3528999023E+04    3.4634888207E-06
    2.3538999023E+04    3.4527706307E-06
    2.3548999023E+04    2.9299548739E-06
    2.3558999023E+04    3.1493221999E-06
    2.3568999023E+04    3.4501959331E-06
    2.3578999023E+04    2.7623562366E-06
    2.3588999023E+04    2.9624726788E-06
    2.3598999023E+04    2.5074747033E-06
    2.3608999023E+04    2.3543581301E-06
    2.3618999023E+04    2.2337631150E-06
    2.3628999023E+04    1.9976770882E-06
    2.3638999023E+04    2.2554428949E-06
    2.3648999023E+04    2.1108222496E-06
    2.3658999023E+04    1.4727581601E-06
    2.3668999023E+04    1.6726792983E-06
    2.3678999023E+04    1.5634007908E-06
    2.3688999023E+04    1.0294287969E-06
    2.3698999023E+04    8.6985300282E-07
    2.3708999023E+04    7.1428818407E-07
    2.3718999023E+04    7.1565801803E-07
    2.3728999023E+04    6.5452280009E-07
    2.3738999023E+04    4.5047189500E-07
    2.3748999023E+04    4.7576319316E-07
    2.3758999023E+04    4.2627767735E-07
    2.3768999023E+04    2.8629733660E-07
    2.3778999023E+04    2.4418593455E-07
    2.3788999023E+04    2.7614430559E-07
    2.3798999023E+04    3.3823557362E-07
    2.3808999023E+04    2.4665329745E-07
    2.3818999023E+04    2.1042372447E-07
    2.3828999023E+04    1.7878799284E-07
    2.3838999023E+04    1.9740341893E-07
    2.3848999023E+04    2.0897168914E-07
    2.3858999023E+04    2.1314845114E-07
    2.3868999023E+04    2.0009201577E-07
    2.3878999023E+04    1.8211519905E-07
    2.3888999023E+04    1.6280742630E-07
    2.3898999023E+04    1.6613373386E-07
    2.3908999023E+04    1.4286280654E-07
    2.3918999023E+04    1.6421132651E-07
    2.3928999023E+04    1.1963812700E-07
    2.3938999023E+04    1.4383896090E-07
    2.3948999023E+04    1.3093723034E-07
    2.3958999023E+04    1.2343573251E-07
    2.3968999023E+04    1.0574163803E-07
    2.3978999023E+04    9.5117446638E-08
    2.3988999023E+04    8.4932811705E-08
    2.3998999023E+04    7.6585683076E-08
    2.4008999023E+04    5.8532889563E-08
    2.4018999023E+04    7.2775447969E-08
    2.4028999023E+04    5.9636113077E-08
    2.4038999023E+04    5.2298546388E-08
    2.4048999023E+04    4.1027924947E-08
    2.4058999023E+04    3.3462679325E-08
    2.4068999023E+04    2.9456026863E-08
    2.4078999023E+04    3.0929670581E-08
    2.4088999023E+04    1.8680562325E-08
    2.4098999023E+04    2.6168437142E-08
    2.4108999023E+04    2.3157480680E-08
    2.4118999023E+04    1.6839279577E-08
    2.4128999023E+04    1.3444910358E-08
    2.4138999023E+04    1.3232333807E-08
    2.4148999023E+04    9.5051001172E-09
    2.4158999023E+04    1.0913879537E-08
    2.4168999023E+04    7.4243905584E-09
    2.4178999023E+04    5.8487790899E-09
    2.4188999023E+04    6.4881113077E-09
    2.4198999023E+04    5.0292733743E-09
    2.4208999023E+04    4.7477851438E-09
    2.4218999023E+04    3.1161310520E-09
    2.4228999023E+04    4.2826880360E-09
    2.4238999023E+04    3.7007302749E-09
    2.4248999023E+04    2.9839472955E-09
    2.4258999023E+04    2.5497547841E-09
    2.4268999023E+04    2.9033122025E-09
    2.4278999023E+04    2.0749246171E-09
    2.4288999023E+04    2.0112597403E-09
    2.4298999023E+04    1.7938942878E-09
    2.4308999023E+04    1.7285577310E-09
    2.4318999023E+04    2.0354140023E-09
    2.4328999023E+04    1.5233940103E-09
    2.4338999023E+04    1.6795684563E-09
    2.4348999023E+04    1.3301465275E-09
    2.4358999023E+04    1.5232890469E-09
    2.4368999023E+04    1.0012997820E-09
    2.4378999023E+04    9.7845386900E-10
    2.4388999023E+04    9.8711193450E-10
    2.4398999023E+04    8.2889635222E-10
    2.4408999023E+04    8.9191242614E-10
    2.4418999023E+04    6.5018970304E-10
    2.4428999023E+04    6.3782411122E-10
    2.4438999023E+04    5.5691345578E-10
    2.4448999023E+04    5.5114328814E-10
    2.4458999023E+04    5.0333053272E-10
    2.4468999023E+04    4.5137361221E-10
    2.4478999023E+04    4.1034296369E-10
    2.4488999023E+04    4.1036614965E-10
    2.4498999023E+04    3.1720828529E-10
    2.4508999023E+04    3.5709422881E-10
    2.4518999023E+04    2.4673859036E-10
    2.4528999023E+04    1.8319660440E-10
    2.4538999023E+04    3.0238581475E-10
    2.4548999023E+04    2.0437296391E-10
    2.4558999023E+04    1.7709211045E-10
    2.4568999023E+04    1.6386930416E-10
    2.4578999023E+04    1.4781045300E-10
    2.4588999023E+04    1.0946044549E-10
    2.4598999023E+04    7.8469198989E-11
    2.4608999023E+04    1.0501265907E-10
    2.4618999023E+04    6.9915334954E-11
    2.4628999023E+04    8.7530850703E-11
    2.4638999023E+04    7.6621203650E-11
    2.4648999023E+04    5.4476401225E-11
    2.4658999023E+04    5.1158604379E-11
    2.4668999023E+04    4.8726217594E-11
    2.4678999023E+04    3.6125498650E-11
    2.4688999023E+04    3.6002227575E-11
    2.4698999023E+04    2.9048492492E-11
    2.4708999023E+04    2.1598942898E-11
    2.4718999023E+04    2.4306466163E-11
    2.4728999023E+04    2.1850977146E-11
    2.4738999023E+04    2.0866046839E-11
    2.4748999023E+04    1.4015848224E-11
    2.4758999023E+04    1.3128204968E-11
    2.4768999023E+04    1.0957594913E-11
    2.4778999023E+04    9.0129290070E-12
    2.4788999023E+04    7.9638422293E-12
    2.4798999023E+04    8.2920395399E-12
    2.4808999023E+04    5.8844275023E-12
    2.4818999023E+04    6.6579706781E-12
    2.4828999023E+04    4.6379156412E-12
    2.4838999023E+04    3.8976973242E-12
    2.4848999023E+04    4.5361789513E-12
    2.4858999023E+04    2.5591572941E-12
    2.4868999023E+04    3.7599734495E-12
    2.4878999023E+04    3.3496611005E-12
    2.4888999023E+04    2.3250858771E-12
    2.4898999023E+04    2.8616645642E-12
    2.4908999023E+04    2.1212456787E-12
    2.4918999023E+04    2.1547288861E-12
    2.4928999023E+04    2.3838647814E-12
    2.4938999023E+04    1.7707544806E-12
    2.4948999023E+04    2.0284086260E-12
    2.4958999023E+04    1.5736930116E-12
    2.4968999023E+04    1.6294917422E-12
    2.4978999023E+04    1.4295566512E-12
    2.4988999023E+04    1.3094944818E-12
    2.4998999023E+04    1.3605266362E-12
    2.5008999023E+04    9.2512871384E-13
    2.5018999023E+04    9.0469477332E-13
    2.5028999023E+04    1.2634831814E-12
    2.5038999023E+04    8.6334829754E-13
    2.5048999023E+04    7.7319878335E-13
    2.5058999023E+04    1.0788912777E-12
    2.5068999023E+04    7.9243452616E-13
    2.5078999023E+04    6.5539312185E-13
    2.5088999023E+04    7.4090482336E-13
    2.5098999023E+04    7.4134801444E-13
    2.5108999023E+04    7.0526251246E-13
    2.5118999023E+04    7.3277869942E-13
    2.5128999023E+04    5.1937938526E-13
    2.5138999023E+04    4.8404805492E-13
    2.5148999023E+04    5.3567994510E-13
    2.5158999023E+04    4.9970908361E-13
    2.5168999023E+04    5.1027572836E-13
    2.5178999023E+04    4.4099580515E-13
    2.5188999023E+04    3.2414988825E-13
    2.5198999023E+04    3.3925030241E-13
    2.5208999023E+04    3.5633666195E-13
    2.5218999023E+04    3.7066715212E-13
    2.5228999023E+04    2.1269850148E-13
    2.5238999023E+04    3.2116383923E-13
    2.5248999023E+04    3.0036238113E-13
    2.5258999023E+04    2.9100188611E-13
    2.5268999023E+04    2.1266035264E-13
    2.5278999023E+04    2.3410221792E-13
    2.5288999023E+04    2.4583608301E-13
    2.5298999023E+04    2.0266506881E-13
    2.5308999023E+04    1.7333906338E-13
    2.5318999023E+04    1.8192807268E-13
    2.5328999023E+04    1.8010241270E-13
    2.5338999023E+04    1.5829778360E-13
    2.5348999023E+04    1.4148960435E-13
    2.5358999023E+04    1.1724108244E-13
    2.5368999023E+04    1.4585761060E-13
    2.5378999023E+04    1.0442028386E-13
    2.5388999023E+04    1.1660685962E-13
    2.5398999023E+04    1.1048185121E-13
    2.5408999023E+04    9.6311997067E-14
    2.5418999023E+04    7.4076047442E-14
    2.5428999023E+04    7.9256632776E-14
    2.5438999023E+04    6.8952177090E-14
    2.5448999023E+04    7.0840470966E-14
    2.5458999023E+04    7.2607474117E-14
    2.5468999023E+04    7.5965717177E-14
    2.5478999023E+04    4.7594456075E-14
    2.5488999023E+04    5.2640232010E-14
    2.5498999023E+04    4.4827135994E-14
    2.5508999023E+04    4.3222211112E-14
    2.5518999023E+04    4.1956952990E-14
    2.5528999023E+04    3.9219022070E-14
    2.5538999023E+04    3.8461466266E-14
    2.5548999023E+04    3.4634963302E-14
    2.5558999023E+04    2.5484453263E-14
    2.5568999023E+04    3.1836224280E-14
    2.5578999023E+04    2.9632874741E-14
    2.5588999023E+04    2.3138427603E-14
    2.5598999023E+04    2.1886742671E-14
    2.5608999023E+04    2.3284746376E-14
    2.5618999023E+04    1.9226245386E-14
    2.5628999023E+04    1.4063003912E-14
    2.5638999023E+04    1.7218124472E-14
    2.5648999023E+04    1.3718416948E-14
    2.5658999023E+04    1.6088314550E-14
    2.5668999023E+04    1.2915521473E-14
    2.5678999023E+04    8.6787105915E-15
    2.5688999023E+04    9.2427083907E-15
    2.5698999023E+04    8.8536534346E-15
    2.5708999023E+04    9.6453892766E-15
    2.5718999023E+04    6.2838139387E-15
    2.5728999023E+04    6.1846534106E-15
    2.5738999023E+04    6.7176881868E-15
    2.5748999023E+04    6.4412794113E-15
    2.5758999023E+04    4.6638961934E-15
    2.5768999023E+04    5.3515845073E-15
    2.5778999023E+04    4.8408547570E-15
    2.5788999023E+04    3.2580435627E-15
    2.5798999023E+04    3.2948942515E-15
    2.5808999023E+04    2.7342185994E-15
    2.5818999023E+04    3.0551840650E-15
    2.5828999023E+04    2.4692651888E-15
    2.5838999023E+04    2.7136142640E-15
    2.5848999023E+04    1.9801840121E-15
    2.5858999023E+04    2.0888232957E-15
    2.5868999023E+04    1.8810832138E-15
    2.5878999023E+04    1.4056806499E-15
    2.5888999023E+04    1.2973570436E-15
    2.5898999023E+04    1.3084538388E-15
    2.5908999023E+04    1.5399940485E-15
    2.5918999023E+04    9.8938716755E-16
    2.5928999023E+04    8.7320939576E-16
    2.5938999023E+04    9.2819954167E-16
    2.5948999023E+04    8.8013209246E-16
