###   Wavelength (A)        Transmission
    5.5029998779E+03    6.9645903358E-13
    5.5129998779E+03    3.2641673563E-10
    5.5229998779E+03    8.7678698006E-13
    5.5329998779E+03    9.6768983565E-13
    5.5429998779E+03    1.1710936396E-09
    5.5529998779E+03    1.2488794540E-09
    5.5629998779E+03    1.1607097153E-12
    5.5729998779E+03    1.1101630878E-12
    5.5829998779E+03    3.4305471940E-10
    5.5929998779E+03    7.5593803335E-13
    5.6029998779E+03    8.9415303318E-13
    5.6129998779E+03    1.3510890363E-09
    5.6229998779E+03    1.0461860668E-12
    5.6329998779E+03    5.4125993185E-10
    5.6429998779E+03    4.6448096189E-10
    5.6529998779E+03    1.7295203112E-12
    5.6629998779E+03    2.8544712870E-10
    5.6729998779E+03    2.3081034500E-12
    5.6829998779E+03    1.5955413799E-09
    5.6929998779E+03    2.7065166756E-12
    5.7029998779E+03    7.0068454801E-10
    5.7129998779E+03    2.9413910539E-10
    5.7229998779E+03    2.2374708564E-09
    5.7329998779E+03    2.0765972840E-09
    5.7429998779E+03    5.1898068695E-09
    5.7529998779E+03    1.5376695181E-09
    5.7629998779E+03    1.3266949282E-10
    5.7729998779E+03    6.4464202331E-10
    5.7829998779E+03    9.3651487347E-10
    5.7929998779E+03    3.6341045137E-09
    5.8029998779E+03    2.3892559721E-12
    5.8129998779E+03    1.0501498634E-09
    5.8229998779E+03    3.0859725828E-12
    5.8329998779E+03    3.4300796910E-10
    5.8429998779E+03    1.2444419445E-09
    5.8529998779E+03    6.8958415701E-10
    5.8629998779E+03    5.6035713135E-12
    5.8729998779E+03    2.8530587508E-10
    5.8829998779E+03    4.8785836880E-09
    5.8929998779E+03    7.1447352924E-12
    5.9029998779E+03    2.9995190725E-09
    5.9129998779E+03    7.9539325678E-12
    5.9229998779E+03    1.2227463704E-09
    5.9329998779E+03    5.2300849598E-09
    5.9429998779E+03    9.0711822269E-12
    5.9529998779E+03    2.1978454488E-09
    5.9629998779E+03    3.2164063597E-09
    5.9729998779E+03    1.9338975763E-09
    5.9829998779E+03    3.8987728552E-09
    5.9929998779E+03    4.5185925489E-10
    6.0029998779E+03    4.8508505073E-09
    6.0129998779E+03    1.0411937604E-08
    6.0229998779E+03    4.9806132339E-09
    6.0329998779E+03    1.0713923685E-11
    6.0429998779E+03    9.6313331152E-09
    6.0529998779E+03    1.1118045259E-11
    6.0629998779E+03    1.1304114582E-11
    6.0729998779E+03    1.1980813213E-08
    6.0829998779E+03    8.0833141690E-09
    6.0929998779E+03    1.1884365871E-11
    6.1029998779E+03    2.8965911207E-09
    6.1129998779E+03    1.4164423678E-09
    6.1229998779E+03    4.4353114149E-09
    6.1329998779E+03    3.7440519825E-09
    6.1429998779E+03    1.6355295220E-08
    6.1529998779E+03    1.8811844353E-09
    6.1629998779E+03    1.3043161184E-11
    6.1729998779E+03    7.7155255242E-09
    6.1829998779E+03    1.3333339240E-11
    6.1929998779E+03    1.3495145594E-11
    6.2029998779E+03    1.3657645683E-11
    6.2129998779E+03    4.6779907869E-09
    6.2229998779E+03    8.6658377224E-09
    6.2329998779E+03    3.0832066928E-08
    6.2429998779E+03    6.6857624991E-09
    6.2529998779E+03    2.6432813965E-09
    6.2629998779E+03    3.8224077812E-08
    6.2729998779E+03    6.8905579589E-09
    6.2829998779E+03    2.6957373381E-08
    6.2929998779E+03    1.7341724401E-08
    6.3029998779E+03    6.5018651792E-10
    6.3129998779E+03    5.1815769832E-08
    6.3229998779E+03    1.7887882659E-08
    6.3329998779E+03    3.8297364536E-08
    6.3429998779E+03    5.1157825534E-08
    6.3529998779E+03    4.1326958699E-08
    6.3629998779E+03    6.6580085401E-08
    6.3729998779E+03    1.4335731880E-08
    6.3829998779E+03    4.0950495203E-08
    6.3929998779E+03    3.4898072703E-08
    6.4029998779E+03    3.7568870222E-08
    6.4129998779E+03    4.6903336845E-08
    6.4229998779E+03    4.8964395737E-08
    6.4329998779E+03    7.7383179097E-08
    6.4429998779E+03    7.0138666282E-08
    6.4529998779E+03    6.9578453838E-08
    6.4629998779E+03    5.7938568547E-08
    6.4729998779E+03    4.2032236474E-08
    6.4829998779E+03    3.8577309186E-08
    6.4929998779E+03    3.7352038231E-08
    6.5029998779E+03    3.6240447848E-08
    6.5129998779E+03    4.9739987220E-08
    6.5229998779E+03    5.7401946314E-08
    6.5329998779E+03    5.2675180510E-08
    6.5429998779E+03    1.2011125603E-08
    6.5529998779E+03    3.5232441180E-08
    6.5629998779E+03    1.5578246213E-08
    6.5729998779E+03    2.7669516901E-08
    6.5829998779E+03    2.7204125649E-08
    6.5929998779E+03    4.0191011558E-08
    6.6029998779E+03    4.8528439604E-09
    6.6129998779E+03    2.3902664457E-08
    6.6229998779E+03    1.9337524822E-08
    6.6329998779E+03    3.3814939837E-09
    6.6429998779E+03    1.5563276517E-08
    6.6529998779E+03    5.8558496231E-09
    6.6629998779E+03    8.9789042220E-09
    6.6729998779E+03    4.3918052103E-08
    6.6829998779E+03    6.7618591479E-09
    6.6929998779E+03    5.2072075763E-09
    6.7029998779E+03    1.5241537298E-08
    6.7129998779E+03    5.7434670683E-08
    6.7229998779E+03    1.9589287156E-11
    6.7329998779E+03    5.2620819426E-09
    6.7429998779E+03    3.6038754312E-08
    6.7529998779E+03    6.1967483297E-09
    6.7629998779E+03    2.1648173848E-08
    6.7729998779E+03    6.6082371102E-08
    6.7829998779E+03    6.3818455322E-09
    6.7929998779E+03    2.3538839031E-08
    6.8029998779E+03    2.4787274753E-08
    6.8129998779E+03    2.3401534157E-08
    6.8229998779E+03    1.4088867911E-08
    6.8329998779E+03    3.2824507159E-08
    6.8429998779E+03    5.4569626898E-08
    6.8529998779E+03    4.5820462905E-08
    6.8629998779E+03    2.0928272637E-08
    6.8729998779E+03    7.1685899809E-09
    6.8829998779E+03    6.1372120033E-08
    6.8929998779E+03    4.1649253563E-08
    6.9029998779E+03    5.0869280252E-08
    6.9129998779E+03    5.0428119846E-08
    6.9229998779E+03    6.4109801788E-08
    6.9329998779E+03    5.8266876833E-08
    6.9429998779E+03    2.2207659851E-08
    6.9529998779E+03    2.0078977727E-08
    6.9629998779E+03    1.2170389015E-08
    6.9729998779E+03    1.6923236196E-08
    6.9829998779E+03    2.4025731751E-08
    6.9929998779E+03    2.0949696019E-08
    7.0029998779E+03    2.7149794033E-08
    7.0129998779E+03    3.7715841126E-09
    7.0229998779E+03    2.1516502991E-11
    7.0329998779E+03    2.0634028873E-08
    7.0429998779E+03    1.4521272334E-08
    7.0529998779E+03    4.6589199913E-08
    7.0629998779E+03    3.5848404209E-08
    7.0729998779E+03    7.6430529200E-09
    7.0829998779E+03    1.5781057416E-08
    7.0929998779E+03    8.0570828798E-08
    7.1029998779E+03    4.9780134624E-09
    7.1129998779E+03    4.8611554662E-08
    7.1229998779E+03    4.0668598105E-08
    7.1329998779E+03    1.9753432240E-08
    7.1429998779E+03    5.2878610390E-08
    7.1529998779E+03    2.4074669703E-08
    7.1629998779E+03    2.2644956561E-11
    7.1729998779E+03    2.3426655662E-08
    7.1829998779E+03    1.3954441674E-08
    7.1929998779E+03    1.2176529229E-08
    7.2029998779E+03    5.2258291756E-09
    7.2129998779E+03    3.6553376255E-08
    7.2229998779E+03    2.3181219760E-11
    7.2329998779E+03    2.0967034087E-08
    7.2429998779E+03    6.0131140155E-08
    7.2529998779E+03    9.5615228288E-09
    7.2629998779E+03    3.4362814988E-08
    7.2729998779E+03    3.1682051011E-09
    7.2829998779E+03    1.5123513113E-08
    7.2929998779E+03    6.4901711431E-08
    7.3029998779E+03    2.1134361632E-08
    7.3129998779E+03    1.6045138146E-08
    7.3229998779E+03    4.9543051884E-08
    7.3329998779E+03    1.2481192355E-08
    7.3429998779E+03    3.6403944858E-08
    7.3529998779E+03    1.0796908736E-08
    7.3629998779E+03    8.9435907467E-09
    7.3729998779E+03    1.5990883134E-08
    7.3829998779E+03    3.0092769983E-08
    7.3929998779E+03    1.5308150416E-08
    7.4029998779E+03    3.7262023589E-08
    7.4129998779E+03    6.2641170248E-08
    7.4229998779E+03    3.4961941629E-08
    7.4329998779E+03    2.2232814702E-08
    7.4429998779E+03    2.5132356723E-11
    7.4529998779E+03    2.5219768244E-11
    7.4629998779E+03    5.8658164722E-08
    7.4729998779E+03    3.4206068976E-08
    7.4829998779E+03    3.4323918225E-08
    7.4929998779E+03    3.4510488363E-09
    7.5029998779E+03    6.6911289631E-08
    7.5129998779E+03    1.4474608090E-08
    7.5229998779E+03    5.5163822511E-08
    7.5329998779E+03    6.9433136318E-08
    7.5429998779E+03    3.4574440821E-08
    7.5529998779E+03    4.4278019017E-08
    7.5629998779E+03    5.7306048415E-08
    7.5729998779E+03    1.2943262048E-08
    7.5829998779E+03    3.3508309910E-08
    7.5929998779E+03    3.0839178445E-08
    7.6029998779E+03    3.7307745988E-08
    7.6129998779E+03    1.1749654556E-08
    7.6229998779E+03    5.7860074735E-08
    7.6329998779E+03    4.8127889153E-09
    7.6429998779E+03    1.2544189978E-08
    7.6529998779E+03    1.3561499907E-08
    7.6629998779E+03    1.6885560031E-08
    7.6729998779E+03    6.7309963122E-08
    7.6829998779E+03    4.7534260986E-08
    7.6929998779E+03    2.7670544279E-08
    7.7029998779E+03    8.2990037652E-08
    7.7129998779E+03    5.9996508352E-08
    7.7229998779E+03    3.7459678927E-08
    7.7329998779E+03    1.0500120201E-07
    7.7429998779E+03    7.0583251782E-08
    7.7529998779E+03    5.8732468434E-08
    7.7629998779E+03    4.5844016763E-08
    7.7729998779E+03    6.4677437317E-08
    7.7829998779E+03    2.5801974182E-08
    7.7929998779E+03    2.6513205882E-08
    7.8029998779E+03    4.4144287468E-08
    7.8129998779E+03    5.2169216275E-08
    7.8229998779E+03    8.6837764773E-08
    7.8329998779E+03    5.1438340380E-08
    7.8429998779E+03    5.3647105462E-08
    7.8529998779E+03    4.4765449574E-08
    7.8629998779E+03    3.6828873288E-08
    7.8729998779E+03    5.6788035586E-08
    7.8829998779E+03    8.6647649292E-08
    7.8929998779E+03    7.7695986830E-08
    7.9029998779E+03    6.5631672598E-08
    7.9129998779E+03    8.5357088727E-08
    7.9229998779E+03    8.3939243666E-08
    7.9329998779E+03    6.0670864400E-08
    7.9429998779E+03    1.0646261643E-07
    7.9529998779E+03    1.3509510231E-07
    7.9629998779E+03    6.0912221340E-08
    7.9729998779E+03    5.2937185163E-08
    7.9829998779E+03    1.4214559421E-08
    7.9929998779E+03    5.9321386891E-08
    8.0029998779E+03    1.0954317876E-07
    8.0129998779E+03    4.1944316691E-08
    8.0229998779E+03    1.9107793775E-08
    8.0329998779E+03    7.8759317013E-08
    8.0429998779E+03    3.7981944882E-09
    8.0529998779E+03    4.1443357533E-08
    8.0629998779E+03    9.9137742388E-08
    8.0729998779E+03    1.1005968267E-07
    8.0829998779E+03    9.4647294324E-08
    8.0929998779E+03    5.3779963520E-09
    8.1029998779E+03    1.1890217452E-07
    8.1129998779E+03    1.0818935935E-07
    8.1229998779E+03    8.9886449068E-08
    8.1329998779E+03    1.5377938421E-08
    8.1429998779E+03    1.7731916608E-07
    8.1529998779E+03    9.1669203907E-08
    8.1629998779E+03    8.6086095619E-08
    8.1729998779E+03    4.9430347626E-08
    8.1829998779E+03    6.4829374229E-08
    8.1929998779E+03    1.1078621191E-08
    8.2029998779E+03    2.4885694664E-08
    8.2129998779E+03    5.9771940453E-08
    8.2229998779E+03    5.3476928896E-08
    8.2329998779E+03    1.3702957041E-09
    8.2429998779E+03    2.5838233768E-08
    8.2529998779E+03    7.6183450186E-08
    8.2629998779E+03    9.8542482790E-08
    8.2729998779E+03    5.1055309850E-08
    8.2829998779E+03    8.3966345999E-08
    8.2929998779E+03    8.2079483311E-08
    8.3029998779E+03    9.2877251041E-08
    8.3129998779E+03    3.5015883462E-08
    8.3229998779E+03    3.2353581158E-08
    8.3329998779E+03    2.0533784735E-08
    8.3429998779E+03    8.0817923938E-08
    8.3529998779E+03    5.2626929485E-08
    8.3629998779E+03    4.3853451455E-08
    8.3729998779E+03    6.9533118930E-09
    8.3829998779E+03    3.8356493756E-08
    8.3929998779E+03    1.1652002029E-07
    8.4029998779E+03    9.7275442356E-08
    8.4129998779E+03    4.1063937342E-08
    8.4229998779E+03    7.3616622361E-08
    8.4329998779E+03    8.6377895655E-08
    8.4429998779E+03    6.9678830245E-08
    8.4529998779E+03    1.0578596040E-07
    8.4629998779E+03    1.2199035499E-07
    8.4729998779E+03    4.2693736820E-08
    8.4829998779E+03    1.1113655881E-07
    8.4929998779E+03    1.4577215416E-07
    8.5029998779E+03    1.0017154051E-07
    8.5129998779E+03    5.2389301015E-08
    8.5229998779E+03    5.8678058373E-08
    8.5329998779E+03    7.0059459248E-08
    8.5429998779E+03    9.5629366318E-08
    8.5529998779E+03    1.5711342726E-07
    8.5629998779E+03    2.2736146128E-07
    8.5729998779E+03    2.8553421945E-07
    8.5829998779E+03    5.7819444099E-08
    8.5929998779E+03    1.6661675055E-07
    8.6029998779E+03    4.0712530659E-08
    8.6129998779E+03    1.1683060898E-07
    8.6229998779E+03    2.2670493957E-07
    8.6329998779E+03    1.9915872818E-07
    8.6429998779E+03    2.4213332165E-07
    8.6529998779E+03    2.4679837815E-07
    8.6629998779E+03    2.4399688205E-07
    8.6729998779E+03    4.5375162975E-08
    8.6829998779E+03    4.1572450975E-07
    8.6929998779E+03    9.0811086091E-08
    8.7029998779E+03    3.0698463955E-11
    8.7129998779E+03    8.7729500011E-08
    8.7229998779E+03    2.5930459285E-08
    8.7329998779E+03    1.2093100405E-07
    8.7429998779E+03    4.5681023907E-08
    8.7529998779E+03    7.8152829450E-08
    8.7629998779E+03    2.1692294478E-07
    8.7729998779E+03    1.6185726347E-07
    8.7829998779E+03    3.0949463735E-11
    8.7929998779E+03    2.1713219135E-07
    8.8029998779E+03    1.1078468639E-07
    8.8129998779E+03    4.8592754990E-07
    8.8229998779E+03    1.2281905097E-06
    8.8329998779E+03    1.3062261278E-06
    8.8429998779E+03    3.0998819859E-11
    8.8529998779E+03    3.1069645647E-11
    8.8629998779E+03    2.8856824965E-07
    8.8729998779E+03    1.2434726589E-06
    8.8829998779E+03    1.5195753004E-06
    8.8929998779E+03    1.4455200267E-07
    8.9029998779E+03    3.1316181026E-11
    8.9129998779E+03    6.1956978326E-07
    8.9229998779E+03    3.1380354179E-11
    8.9329998779E+03    1.6247735094E-06
    8.9429998779E+03    2.6319225161E-06
    8.9529998779E+03    3.1393790471E-11
    8.9629998779E+03    2.4352454236E-06
    8.9729998779E+03    3.9524441872E-06
    8.9829998779E+03    3.7953492934E-06
    8.9929998779E+03    1.4895714129E-06
    9.0029998779E+03    1.8805086539E-06
    9.0129998779E+03    3.6389029172E-06
    9.0229998779E+03    1.9150095552E-06
    9.0329998779E+03    2.7664493157E-06
    9.0429998779E+03    3.0794773027E-06
    9.0529998779E+03    1.5684619060E-06
    9.0629998779E+03    4.0218440751E-06
    9.0729998779E+03    2.9202477169E-06
    9.0829998779E+03    1.5887265246E-06
    9.0929998779E+03    3.0112209906E-06
    9.1029998779E+03    2.6215919572E-06
    9.1129998779E+03    2.3516068984E-06
    9.1229998779E+03    2.1481673604E-06
    9.1329998779E+03    2.8977090370E-06
    9.1429998779E+03    1.6389471303E-06
    9.1529998779E+03    2.0359714187E-06
    9.1629998779E+03    1.4443173143E-06
    9.1729998779E+03    1.8722530583E-06
    9.1829998779E+03    2.1244369905E-06
    9.1929998779E+03    1.9401563652E-06
    9.2029998779E+03    1.3266429442E-06
    9.2129998779E+03    2.1312264158E-06
    9.2229998779E+03    1.8310447608E-06
    9.2329998779E+03    1.1760912689E-06
    9.2429998779E+03    1.6020839809E-06
    9.2529998779E+03    9.5453051483E-07
    9.2629998779E+03    1.8560400150E-06
    9.2729998779E+03    2.2273281994E-06
    9.2829998779E+03    1.3851788249E-06
    9.2929998779E+03    7.8327182161E-07
    9.3029998779E+03    1.0124475591E-06
    9.3129998779E+03    3.0478372719E-06
    9.3229998779E+03    7.1104143109E-07
    9.3329998779E+03    2.3259194382E-06
    9.3429998779E+03    7.3474231124E-07
    9.3529998779E+03    2.4996203282E-06
    9.3629998779E+03    1.7294287398E-06
    9.3729998779E+03    1.7797611031E-06
    9.3829998779E+03    2.2479890408E-06
    9.3929998779E+03    1.5649107816E-06
    9.4029998779E+03    1.2953499964E-06
    9.4129998779E+03    1.7710774563E-06
    9.4229998779E+03    4.1190638088E-07
    9.4329998779E+03    1.8140627361E-06
    9.4429998779E+03    2.1634080285E-06
    9.4529998779E+03    8.4031605414E-07
    9.4629998779E+03    1.8565417680E-06
    9.4729998779E+03    2.0469178301E-06
    9.4829998779E+03    5.0775796149E-07
    9.4929998779E+03    1.6230380587E-06
    9.5029998779E+03    2.1482214347E-06
    9.5129998779E+03    9.2946273812E-07
    9.5229998779E+03    1.4316165559E-06
    9.5329998779E+03    1.2720276098E-06
    9.5429998779E+03    1.5950322164E-06
    9.5529998779E+03    1.1948991256E-06
    9.5629998779E+03    9.4742159272E-07
    9.5729998779E+03    6.7170490543E-07
    9.5829998779E+03    1.5050332735E-06
    9.5929998779E+03    1.3035185342E-06
    9.6029998779E+03    1.4171636031E-06
    9.6129998779E+03    1.5710821267E-06
    9.6229998779E+03    1.5513166100E-06
    9.6329998779E+03    7.9190124855E-07
    9.6429998779E+03    1.1864458300E-06
    9.6529998779E+03    1.1410247882E-06
    9.6629998779E+03    1.8153144970E-06
    9.6729998779E+03    1.2716378217E-06
    9.6829998779E+03    1.3364834121E-06
    9.6929998779E+03    6.2551046053E-07
    9.7029998779E+03    7.5394772847E-07
    9.7129998779E+03    1.4940967526E-06
    9.7229998779E+03    1.1618291387E-06
    9.7329998779E+03    1.5219675153E-06
    9.7429998779E+03    1.1971259637E-06
    9.7529998779E+03    9.0661292684E-07
    9.7629998779E+03    1.1201718384E-06
    9.7729998779E+03    1.0463085048E-06
    9.7829998779E+03    9.1499110923E-07
    9.7929998779E+03    1.2088637853E-06
    9.8029998779E+03    4.8418740467E-07
    9.8129998779E+03    1.1696697215E-06
    9.8229998779E+03    9.7777438831E-07
    9.8329998779E+03    1.1072456080E-06
    9.8429998779E+03    1.0402507261E-06
    9.8529998779E+03    6.7650990025E-07
    9.8629998779E+03    5.6937318481E-07
    9.8729998779E+03    6.4760986856E-07
    9.8829998779E+03    9.4397731289E-07
    9.8929998779E+03    8.3235881235E-07
    9.9029998779E+03    1.0259978788E-06
    9.9129998779E+03    1.1380037945E-06
    9.9229998779E+03    1.3820571804E-06
    9.9329998779E+03    1.2166416734E-06
    9.9429998779E+03    1.1248583896E-06
    9.9529998779E+03    9.7389831267E-07
    9.9629998779E+03    8.8072897111E-07
    9.9729998779E+03    8.4081898684E-07
    9.9829998779E+03    9.4493503661E-07
    9.9929998779E+03    8.6242212969E-07
    1.0002999878E+04    9.8574934023E-07
    1.0012999878E+04    1.2235548976E-06
    1.0022999878E+04    1.2987530706E-06
    1.0032999878E+04    1.0092175799E-06
    1.0042999878E+04    1.0768116217E-06
    1.0052999878E+04    1.3707353883E-06
    1.0062999878E+04    1.2713427046E-06
    1.0072999878E+04    8.9799960906E-07
    1.0082999878E+04    1.1440086923E-06
    1.0092999878E+04    7.1478884139E-07
    1.0102999878E+04    8.9670700023E-07
    1.0112999878E+04    8.2723637146E-07
    1.0122999878E+04    1.1593851367E-06
    1.0132999878E+04    5.2256732822E-07
    1.0142999878E+04    1.0168935101E-06
    1.0152999878E+04    9.1336807149E-07
    1.0162999878E+04    7.9163937046E-07
    1.0172999878E+04    8.6793063223E-07
    1.0182999878E+04    1.2561563447E-06
    1.0192999878E+04    1.2479540352E-06
    1.0202999878E+04    7.9658687706E-07
    1.0212999878E+04    1.3703551237E-06
    1.0222999878E+04    9.8793517167E-07
    1.0232999878E+04    8.1873889911E-07
    1.0243000488E+04    7.5967729365E-07
    1.0253000488E+04    5.8157605283E-07
    1.0263000488E+04    8.1199606526E-07
    1.0273000488E+04    1.0480766116E-06
    1.0283000488E+04    1.4158744625E-06
    1.0293000488E+04    7.9552425589E-07
    1.0303000488E+04    1.0240045779E-06
    1.0313000488E+04    8.6104323691E-07
    1.0323000488E+04    6.2766287882E-07
    1.0333000488E+04    5.8661602751E-07
    1.0343000488E+04    1.2291933609E-06
    1.0353000488E+04    8.7413921779E-07
    1.0363000488E+04    7.1876322330E-07
    1.0373000488E+04    1.4269788319E-06
    1.0383000488E+04    1.2030948359E-06
    1.0393000488E+04    1.1079361730E-06
    1.0403000488E+04    1.5429384488E-06
    1.0413000488E+04    1.1749619891E-06
    1.0423000488E+04    1.2573300369E-06
    1.0433000488E+04    1.4647562481E-06
    1.0443000488E+04    1.3251874265E-06
    1.0453000488E+04    1.3479437486E-06
    1.0463000488E+04    1.2608306814E-06
    1.0473000488E+04    1.7702811611E-06
    1.0483000488E+04    1.5895311180E-06
    1.0493000488E+04    2.0169751192E-06
    1.0503000488E+04    1.3096682337E-06
    1.0513000488E+04    1.7152976863E-06
    1.0523000488E+04    1.7325856682E-06
    1.0533000488E+04    1.6781163294E-06
    1.0543000488E+04    1.7711323950E-06
    1.0553000488E+04    1.6900124518E-06
    1.0563000488E+04    1.5732987544E-06
    1.0573000488E+04    1.2965569884E-06
    1.0583000488E+04    1.5653083750E-06
    1.0593000488E+04    1.3486032164E-06
    1.0603000488E+04    1.0346106808E-06
    1.0613000488E+04    1.4488486898E-06
    1.0623000488E+04    1.3412169147E-06
    1.0633000488E+04    1.1798881189E-06
    1.0643000488E+04    1.6683259566E-06
    1.0653000488E+04    9.4436369124E-07
    1.0663000488E+04    9.2507182581E-07
    1.0673000488E+04    9.0135530050E-07
    1.0683000488E+04    5.9839494707E-07
    1.0693000488E+04    1.0714599970E-06
    1.0703000488E+04    1.0852371754E-06
    1.0713000488E+04    1.0313745179E-06
    1.0723000488E+04    1.1788854148E-06
    1.0733000488E+04    1.0829717067E-06
    1.0743000488E+04    8.7741169369E-07
    1.0753000488E+04    1.2180011180E-06
    1.0763000488E+04    1.1614056262E-06
    1.0773000488E+04    7.9103161983E-07
    1.0783000488E+04    9.5306360620E-07
    1.0793000488E+04    1.3234178652E-06
    1.0803000488E+04    1.3263673974E-06
    1.0813000488E+04    1.1913749460E-06
    1.0823000488E+04    9.0360188562E-07
    1.0833000488E+04    8.9462749504E-07
    1.0843000488E+04    1.2956740832E-06
    1.0853000488E+04    1.0953214196E-06
    1.0863000488E+04    1.0004983515E-06
    1.0873000488E+04    8.8513812386E-07
    1.0883000488E+04    9.0402188597E-07
    1.0893000488E+04    1.1418733683E-06
    1.0903000488E+04    8.3891938364E-07
    1.0913000488E+04    1.3134008960E-06
    1.0923000488E+04    1.1895939954E-06
    1.0933000488E+04    1.0085779552E-06
    1.0943000488E+04    1.3164002396E-06
    1.0953000488E+04    1.1305388068E-06
    1.0963000488E+04    1.3811633752E-06
    1.0973000488E+04    1.4147890652E-06
    1.0983000488E+04    1.0038432939E-06
    1.0993000488E+04    1.0373528671E-06
    1.1003000488E+04    1.1413862489E-06
    1.1013000488E+04    1.0110328536E-06
    1.1023000488E+04    1.3516190128E-06
    1.1033000488E+04    1.3575298353E-06
    1.1043000488E+04    1.1443959004E-06
    1.1053000488E+04    1.5772364629E-06
    1.1063000488E+04    1.3880659463E-06
    1.1073000488E+04    1.1256268672E-06
    1.1083000488E+04    1.1347381012E-06
    1.1093000488E+04    1.0901082873E-06
    1.1103000488E+04    8.7026561762E-07
    1.1113000488E+04    1.4412059765E-06
    1.1123000488E+04    1.1545341574E-06
    1.1133000488E+04    1.1222574980E-06
    1.1143000488E+04    1.3107166405E-06
    1.1153000488E+04    1.2339028801E-06
    1.1163000488E+04    1.3311075785E-06
    1.1173000488E+04    1.0328626353E-06
    1.1183000488E+04    1.1651289730E-06
    1.1193000488E+04    1.6777757380E-06
    1.1203000488E+04    1.3014554341E-06
    1.1213000488E+04    1.5062267359E-06
    1.1223000488E+04    1.4173603699E-06
    1.1233000488E+04    1.3169433155E-06
    1.1243000488E+04    1.0816719533E-06
    1.1253000488E+04    1.1870241478E-06
    1.1263000488E+04    1.0452594631E-06
    1.1273000488E+04    1.2214296171E-06
    1.1283000488E+04    1.2567172484E-06
    1.1293000488E+04    1.3837317402E-06
    1.1303000488E+04    1.5835527736E-06
    1.1313000488E+04    1.3057960744E-06
    1.1323000488E+04    1.5218834854E-06
    1.1333000488E+04    1.0592055866E-06
    1.1343000488E+04    1.6761174086E-06
    1.1353000488E+04    1.4050352305E-06
    1.1363000488E+04    1.4458624419E-06
    1.1373000488E+04    1.3130226194E-06
    1.1383000488E+04    1.4402668673E-06
    1.1393000488E+04    1.5159230512E-06
    1.1403000488E+04    1.3528349244E-06
    1.1413000488E+04    1.7910472246E-06
    1.1423000488E+04    1.2497417980E-06
    1.1433000488E+04    1.5861287542E-06
    1.1443000488E+04    1.4581598237E-06
    1.1453000488E+04    1.3546077114E-06
    1.1463000488E+04    1.5189525712E-06
    1.1473000488E+04    1.2647581915E-06
    1.1483000488E+04    1.2163121429E-06
    1.1493000488E+04    1.2571897714E-06
    1.1503000488E+04    1.5181958431E-06
    1.1513000488E+04    1.0690031388E-06
    1.1523000488E+04    1.2443652368E-06
    1.1533000488E+04    1.0863318410E-06
    1.1543000488E+04    1.7244679138E-06
    1.1553000488E+04    9.4300263767E-07
    1.1563000488E+04    1.0705394497E-06
    1.1573000488E+04    1.0773804463E-06
    1.1583000488E+04    1.2162798759E-06
    1.1593000488E+04    9.8685792031E-07
    1.1603000488E+04    1.2494719081E-06
    1.1613000488E+04    1.1381211425E-06
    1.1623000488E+04    9.4450388333E-07
    1.1633000488E+04    1.3181771362E-06
    1.1643000488E+04    8.5952819164E-07
    1.1653000488E+04    1.0960054106E-06
    1.1663000488E+04    1.1834518529E-06
    1.1673000488E+04    8.8414449888E-07
    1.1683000488E+04    1.3094720837E-06
    1.1693000488E+04    1.1251967755E-06
    1.1703000488E+04    1.6312601214E-06
    1.1713000488E+04    1.0599394309E-06
    1.1723000488E+04    1.0886771969E-06
    1.1733000488E+04    8.8045756656E-07
    1.1743000488E+04    1.4610677307E-06
    1.1753000488E+04    1.2965395670E-06
    1.1763000488E+04    1.1765725906E-06
    1.1773000488E+04    8.7577973588E-07
    1.1783000488E+04    9.8088885911E-07
    1.1793000488E+04    1.1138305407E-06
    1.1803000488E+04    1.1581545789E-06
    1.1813000488E+04    1.2105873989E-06
    1.1823000488E+04    1.1412606257E-06
    1.1833000488E+04    7.9320398275E-07
    1.1843000488E+04    1.4277100056E-06
    1.1853000488E+04    1.2112224905E-06
    1.1863000488E+04    1.2710738975E-06
    1.1873000488E+04    1.2788479748E-06
    1.1883000488E+04    1.1596303003E-06
    1.1893000488E+04    1.4893737634E-06
    1.1903000488E+04    1.4189158159E-06
    1.1913000488E+04    1.6431527179E-06
    1.1923000488E+04    1.4923201398E-06
    1.1933000488E+04    1.6815306180E-06
    1.1943000488E+04    1.1568361010E-06
    1.1953000488E+04    1.0434162022E-06
    1.1963000488E+04    1.1885047141E-06
    1.1973000488E+04    1.3172000647E-06
    1.1983000488E+04    1.4113977044E-06
    1.1993000488E+04    1.4144613895E-06
    1.2003000488E+04    1.4318856520E-06
    1.2013000488E+04    1.4566892782E-06
    1.2023000488E+04    1.6153839463E-06
    1.2033000488E+04    1.2376734153E-06
    1.2043000488E+04    1.2380501584E-06
    1.2053000488E+04    1.1777556785E-06
    1.2063000488E+04    1.0399144723E-06
    1.2073000488E+04    7.0714517452E-07
    1.2083000488E+04    1.3146109665E-06
    1.2093000488E+04    1.1000468284E-06
    1.2103000488E+04    9.1721226411E-07
    1.2113000488E+04    1.1665278341E-06
    1.2123000488E+04    1.0291664262E-06
    1.2133000488E+04    1.0688143937E-06
    1.2143000488E+04    9.5242498192E-07
    1.2153000488E+04    1.1202854002E-06
    1.2163000488E+04    1.2136200338E-06
    1.2173000488E+04    1.2121754403E-06
    1.2183000488E+04    8.5855395376E-07
    1.2193000488E+04    1.5706114547E-06
    1.2203000488E+04    1.0736398096E-06
    1.2213000488E+04    1.1667395891E-06
    1.2223000488E+04    1.3503083453E-06
    1.2233000488E+04    1.2010470968E-06
    1.2243000488E+04    1.0143163823E-06
    1.2253000488E+04    1.0067660913E-06
    1.2263000488E+04    1.0172903779E-06
    1.2273000488E+04    9.0401910808E-07
    1.2283000488E+04    8.8826141013E-07
    1.2293000488E+04    1.3251842796E-06
    1.2303000488E+04    1.3290349743E-06
    1.2313000488E+04    1.5597271080E-06
    1.2323000488E+04    1.0330381178E-06
    1.2333000488E+04    1.0725611815E-06
    1.2343000488E+04    1.0595203582E-06
    1.2353000488E+04    1.3232874172E-06
    1.2363000488E+04    1.1529129876E-06
    1.2373000488E+04    1.1707758274E-06
    1.2383000488E+04    1.2802937799E-06
    1.2393000488E+04    1.1371692070E-06
    1.2403000488E+04    1.1849205647E-06
    1.2413000488E+04    1.6133120038E-06
    1.2423000488E+04    1.3462328260E-06
    1.2433000488E+04    1.4498935584E-06
    1.2443000488E+04    1.0851765921E-06
    1.2453000488E+04    1.1400725951E-06
    1.2463000488E+04    1.1800417337E-06
    1.2473000488E+04    1.0445006750E-06
    1.2483000488E+04    9.5933303635E-07
    1.2493000488E+04    7.9217771630E-07
    1.2503000488E+04    8.5219552048E-07
    1.2513000488E+04    1.2754040550E-06
    1.2523000488E+04    9.3031816279E-07
    1.2533000488E+04    1.4259085768E-06
    1.2543000488E+04    9.7993731811E-07
    1.2553000488E+04    1.1640744402E-06
    1.2563000488E+04    9.4374060686E-07
    1.2573000488E+04    1.4638299023E-06
    1.2583000488E+04    1.1681393396E-06
    1.2593000488E+04    1.2194427404E-06
    1.2603000488E+04    1.4757966453E-06
    1.2613000488E+04    1.1905918803E-06
    1.2623000488E+04    1.2271064979E-06
    1.2633000488E+04    1.0615483140E-06
    1.2643000488E+04    1.4336965735E-06
    1.2653000488E+04    1.0189333123E-06
    1.2663000488E+04    1.1948195125E-06
    1.2673000488E+04    1.2645775163E-06
    1.2683000488E+04    1.2726003862E-06
    1.2693000488E+04    1.3538784712E-06
    1.2703000488E+04    1.2116179404E-06
    1.2713000488E+04    1.0955765545E-06
    1.2723000488E+04    1.1790548068E-06
    1.2733000488E+04    1.3486932559E-06
    1.2743000488E+04    1.4561004813E-06
    1.2753000488E+04    1.4842310091E-06
    1.2763000488E+04    1.3103318457E-06
    1.2773000488E+04    1.2412191479E-06
    1.2783000488E+04    1.1409575255E-06
    1.2793000488E+04    1.4758631721E-06
    1.2803000488E+04    7.2842674503E-07
    1.2813000488E+04    1.4559831722E-06
    1.2823000488E+04    1.3766120372E-06
    1.2833000488E+04    1.0563258430E-06
    1.2843000488E+04    1.6097029565E-06
    1.2853000488E+04    1.0502521421E-06
    1.2863000488E+04    9.4907480510E-07
    1.2873000488E+04    9.5077856380E-07
    1.2883000488E+04    1.4825839472E-06
    1.2893000488E+04    1.1724479391E-06
    1.2903000488E+04    1.1271704223E-06
    1.2913000488E+04    1.4206249201E-06
    1.2923000488E+04    1.9151672514E-06
    1.2933000488E+04    9.7374915977E-07
    1.2943000488E+04    1.4525680010E-06
    1.2953000488E+04    1.1129793753E-06
    1.2963000488E+04    1.1625757054E-06
    1.2973000488E+04    1.1149428863E-06
    1.2983000488E+04    1.2218109224E-06
    1.2993000488E+04    8.8712352660E-07
    1.3003000488E+04    1.3932577331E-06
    1.3013000488E+04    1.4913691132E-06
    1.3023000488E+04    9.8189475463E-07
    1.3033000488E+04    1.4001244088E-06
    1.3043000488E+04    1.2168336842E-06
    1.3053000488E+04    1.3761627764E-06
    1.3063000488E+04    1.0837767193E-06
    1.3073000488E+04    9.8961140950E-07
    1.3083000488E+04    1.1744200655E-06
    1.3093000488E+04    1.0529765741E-06
    1.3103000488E+04    1.3892096295E-06
    1.3113000488E+04    1.2435351271E-06
    1.3123000488E+04    1.5794311316E-06
    1.3133000488E+04    1.2168793455E-06
    1.3143000488E+04    1.2026848546E-06
    1.3153000488E+04    1.4178919393E-06
    1.3163000488E+04    1.1638493916E-06
    1.3173000488E+04    8.3574934401E-07
    1.3183000488E+04    9.9602971934E-07
    1.3193000488E+04    1.3637697860E-06
    1.3203000488E+04    1.4874212687E-06
    1.3213000488E+04    8.6640064853E-07
    1.3223000488E+04    1.0723339651E-06
    1.3233000488E+04    1.6796109656E-06
    1.3243000488E+04    1.3112387074E-06
    1.3253000488E+04    1.3601522096E-06
    1.3263000488E+04    1.2967517943E-06
    1.3273000488E+04    9.3352350671E-07
    1.3283000488E+04    1.1832370843E-06
    1.3293000488E+04    1.1152807028E-06
    1.3303000488E+04    1.2756208125E-06
    1.3313000488E+04    1.5075430258E-06
    1.3323000488E+04    1.6311525327E-06
    1.3333000488E+04    9.2803783472E-07
    1.3343000488E+04    1.3421087202E-06
    1.3353000488E+04    1.6933339859E-06
    1.3363000488E+04    1.4584086714E-06
    1.3373000488E+04    1.5828140313E-06
    1.3383000488E+04    1.4327191296E-06
    1.3393000488E+04    1.2348532406E-06
    1.3403000488E+04    7.7371128188E-07
    1.3413000488E+04    1.0933263428E-06
    1.3423000488E+04    6.9024668209E-07
    1.3433000488E+04    1.3365524614E-06
    1.3443000488E+04    1.4845376065E-06
    1.3453000488E+04    1.5077268303E-06
    1.3463000488E+04    1.5169318220E-06
    1.3473000488E+04    1.1561312434E-06
    1.3483000488E+04    1.2962922322E-06
    1.3493000488E+04    1.1556237350E-06
    1.3503000488E+04    1.7090562920E-06
    1.3513000488E+04    1.4297171899E-06
    1.3523000488E+04    1.3923070810E-06
    1.3533000488E+04    1.2282007324E-06
    1.3543000488E+04    1.6102728315E-06
    1.3553000488E+04    1.7519262475E-06
    1.3563000488E+04    1.2294227273E-06
    1.3573000488E+04    1.3189627535E-06
    1.3583000488E+04    1.7864050453E-06
    1.3593000488E+04    1.6436064015E-06
    1.3603000488E+04    1.2967555491E-06
    1.3613000488E+04    1.5065904481E-06
    1.3623000488E+04    1.3121632630E-06
    1.3633000488E+04    1.3581226055E-06
    1.3643000488E+04    1.0369698575E-06
    1.3653000488E+04    1.3631962418E-06
    1.3663000488E+04    8.5880117088E-07
    1.3673000488E+04    1.3395743239E-06
    1.3683000488E+04    1.4152001152E-06
    1.3693000488E+04    1.3714971786E-06
    1.3703000488E+04    1.6149208773E-06
    1.3713000488E+04    1.1913125208E-06
    1.3723000488E+04    1.3241484884E-06
    1.3733000488E+04    1.3127710922E-06
    1.3743000488E+04    1.3346103000E-06
    1.3753000488E+04    1.5185887974E-06
    1.3763000488E+04    1.1458772674E-06
    1.3773000488E+04    1.7345842894E-06
    1.3783000488E+04    1.8976860063E-06
    1.3793000488E+04    1.0763068365E-06
    1.3803000488E+04    1.4821196874E-06
    1.3813000488E+04    1.4583900033E-06
    1.3823000488E+04    1.4152264041E-06
    1.3833000488E+04    1.0098621196E-06
    1.3843000488E+04    1.1293205174E-06
    1.3853000488E+04    1.1042321649E-06
    1.3863000488E+04    1.2509547020E-06
    1.3873000488E+04    1.7940648142E-06
    1.3883000488E+04    1.3708280715E-06
    1.3893000488E+04    1.9682364569E-06
    1.3903000488E+04    1.0341610774E-06
    1.3913000488E+04    1.5357921172E-06
    1.3923000488E+04    1.5552764941E-06
    1.3933000488E+04    1.4754461344E-06
    1.3943000488E+04    1.9043515420E-06
    1.3953000488E+04    1.4343306352E-06
    1.3963000488E+04    1.3270101046E-06
    1.3973000488E+04    1.0754651003E-06
    1.3983000488E+04    1.6774965260E-06
    1.3993000488E+04    1.7897924006E-06
    1.4003000488E+04    1.2952240272E-06
    1.4013000488E+04    1.4235711399E-06
    1.4023000488E+04    1.5308977468E-06
    1.4033000488E+04    1.5143491295E-06
    1.4043000488E+04    1.4092070925E-06
    1.4053000488E+04    1.7570132583E-06
    1.4063000488E+04    1.3814462839E-06
    1.4073000488E+04    1.4042757327E-06
    1.4083000488E+04    1.5402020766E-06
    1.4093000488E+04    1.7929771304E-06
    1.4103000488E+04    1.4695518823E-06
    1.4113000488E+04    1.5351426077E-06
    1.4123000488E+04    1.5039209790E-06
    1.4133000488E+04    1.8045291086E-06
    1.4143000488E+04    1.5221595101E-06
    1.4153000488E+04    1.7829327824E-06
    1.4163000488E+04    1.3942994157E-06
    1.4173000488E+04    1.0318080441E-06
    1.4183000488E+04    1.4155975422E-06
    1.4193000488E+04    1.4498593414E-06
    1.4203000488E+04    1.2982037260E-06
    1.4213000488E+04    1.0763899526E-06
    1.4223000488E+04    1.6196683072E-06
    1.4233000488E+04    1.5856018738E-06
    1.4243000488E+04    1.5912764375E-06
    1.4253000488E+04    1.5462481278E-06
    1.4263000488E+04    1.5388993889E-06
    1.4273000488E+04    1.5125288938E-06
    1.4283000488E+04    1.6493929694E-06
    1.4293000488E+04    1.2622350768E-06
    1.4303000488E+04    1.5493711371E-06
    1.4313000488E+04    1.5477531172E-06
    1.4323000488E+04    1.1164475889E-06
    1.4333000488E+04    1.2075822476E-06
    1.4343000488E+04    1.2056167443E-06
    1.4353000488E+04    1.2582811413E-06
    1.4363000488E+04    1.3599132642E-06
    1.4373000488E+04    1.6201047359E-06
    1.4383000488E+04    1.5047008913E-06
    1.4393000488E+04    1.5247468445E-06
    1.4403000488E+04    1.4651016552E-06
    1.4413000488E+04    1.2857886102E-06
    1.4423000488E+04    1.6368615089E-06
    1.4433000488E+04    1.6347194046E-06
    1.4443000488E+04    1.3180156901E-06
    1.4453000488E+04    1.5617972207E-06
    1.4463000488E+04    8.7128421464E-07
    1.4473000488E+04    1.4240744895E-06
    1.4483000488E+04    1.1767466659E-06
    1.4493000488E+04    1.2165696393E-06
    1.4503000488E+04    1.2696611209E-06
    1.4513000488E+04    1.4727663522E-06
    1.4523000488E+04    1.3750563013E-06
    1.4533000488E+04    1.3841032599E-06
    1.4543000488E+04    1.9565142678E-06
    1.4553000488E+04    1.5227915313E-06
    1.4563000488E+04    1.4476272473E-06
    1.4573000488E+04    1.3624766143E-06
    1.4583000488E+04    1.1284793187E-06
    1.4593000488E+04    1.4039350319E-06
    1.4603000488E+04    1.5065987221E-06
    1.4613000488E+04    1.4955652961E-06
    1.4623000488E+04    1.2855925858E-06
    1.4633000488E+04    1.3429826961E-06
    1.4643000488E+04    1.1571590250E-06
    1.4653000488E+04    1.7902496710E-06
    1.4663000488E+04    1.0737917314E-06
    1.4673000488E+04    1.5028848198E-06
    1.4683000488E+04    1.8932848221E-06
    1.4693000488E+04    1.4993574443E-06
    1.4703000488E+04    1.4079821443E-06
    1.4713000488E+04    1.5598099335E-06
    1.4723000488E+04    1.3281233463E-06
    1.4733000488E+04    1.4688575759E-06
    1.4743000488E+04    1.1469861037E-06
    1.4753000488E+04    1.4194835784E-06
    1.4763000488E+04    1.1186952027E-06
    1.4773000488E+04    9.9639246805E-07
    1.4783000488E+04    1.7545867395E-06
    1.4793000488E+04    1.4311835762E-06
    1.4803000488E+04    1.4529421832E-06
    1.4813000488E+04    1.4506247115E-06
    1.4823000488E+04    1.6052399202E-06
    1.4833000488E+04    8.4397361282E-07
    1.4843000488E+04    1.7306363944E-06
    1.4853000488E+04    1.6358813728E-06
    1.4863000488E+04    1.4556632476E-06
    1.4873000488E+04    1.7341652636E-06
    1.4883000488E+04    1.5639096248E-06
    1.4893000488E+04    1.4944848482E-06
    1.4903000488E+04    1.0065902366E-06
    1.4913000488E+04    1.1335748683E-06
    1.4923000488E+04    1.0608476633E-06
    1.4933000488E+04    1.7495211409E-06
    1.4943000488E+04    1.6068811621E-06
    1.4953000488E+04    1.4208318172E-06
    1.4963000488E+04    1.7040944984E-06
    1.4973000488E+04    1.3989283504E-06
    1.4983000488E+04    1.0721371068E-06
    1.4993000488E+04    1.2108926210E-06
    1.5003000488E+04    1.8212519026E-06
    1.5013000488E+04    1.1328987561E-06
    1.5023000488E+04    1.7209124190E-06
    1.5033000488E+04    1.2032234735E-06
    1.5043000488E+04    1.3427646391E-06
    1.5053000488E+04    1.8521726008E-06
    1.5063000488E+04    1.8380171678E-06
    1.5073000488E+04    1.1973758351E-06
    1.5083000488E+04    2.1782209866E-06
    1.5093000488E+04    1.8468880680E-06
    1.5103000488E+04    1.9611092297E-06
    1.5113000488E+04    1.2107626698E-06
    1.5123000488E+04    1.1844786189E-06
    1.5133000488E+04    1.8511351913E-06
    1.5143000488E+04    1.8071058146E-06
    1.5153000488E+04    1.2687887423E-06
    1.5163000488E+04    2.0408277366E-06
    1.5173000488E+04    2.0696342815E-06
    1.5183000488E+04    1.2983785658E-06
    1.5193000488E+04    1.2485876191E-06
    1.5203000488E+04    1.9079180810E-06
    1.5213000488E+04    1.7450642924E-06
    1.5223000488E+04    1.5329337767E-06
    1.5233000488E+04    1.9020220661E-06
    1.5243000488E+04    1.2369494222E-06
    1.5253000488E+04    1.5466564160E-06
    1.5263000488E+04    1.1736799067E-06
    1.5273000488E+04    1.4934223251E-06
    1.5283000488E+04    1.7961789833E-06
    1.5293000488E+04    1.1941501612E-06
    1.5303000488E+04    1.5864429936E-06
    1.5313000488E+04    2.1193770390E-06
    1.5323000488E+04    1.1668863390E-06
    1.5333000488E+04    1.2428890591E-06
    1.5343000488E+04    1.9962053966E-06
    1.5353000488E+04    2.2242787453E-06
    1.5363000488E+04    1.4784346346E-06
    1.5373000488E+04    1.8451857622E-06
    1.5383000488E+04    1.5707807315E-06
    1.5393000488E+04    2.1738854257E-06
    1.5403000488E+04    1.8588907949E-06
    1.5413000488E+04    1.9689754886E-06
    1.5423000488E+04    1.6683023782E-06
    1.5433000488E+04    9.7631346222E-07
    1.5443000488E+04    1.4895127074E-06
    1.5453000488E+04    1.4099290767E-06
    1.5463000488E+04    1.5320767524E-06
    1.5473000488E+04    1.6956469162E-06
    1.5483000488E+04    1.9804805543E-06
    1.5493000488E+04    1.6967149706E-06
    1.5503000488E+04    1.9293162196E-06
    1.5513000488E+04    2.3939728007E-06
    1.5523000488E+04    1.9728981241E-06
    1.5533000488E+04    1.6112242684E-06
    1.5543000488E+04    1.3195230281E-06
    1.5553000488E+04    1.8704042453E-06
    1.5563000488E+04    2.2993712961E-06
    1.5573000488E+04    2.0669753648E-06
    1.5583000488E+04    1.3848319680E-06
    1.5593000488E+04    2.0652237760E-06
    1.5603000488E+04    1.8662235103E-06
    1.5613000488E+04    1.4821920052E-06
    1.5623000488E+04    1.8936314030E-06
    1.5633000488E+04    1.5779455380E-06
    1.5643000488E+04    1.9722696290E-06
    1.5653000488E+04    1.8662950730E-06
    1.5663000488E+04    2.3705365012E-06
    1.5673000488E+04    1.8547546549E-06
    1.5683000488E+04    1.4384317354E-06
    1.5693000488E+04    1.5510588480E-06
    1.5703000488E+04    2.0700968966E-06
    1.5713000488E+04    1.9656695656E-06
    1.5723000488E+04    1.3838736336E-06
    1.5733000488E+04    2.1673195833E-06
    1.5743000488E+04    2.0283155918E-06
    1.5753000488E+04    1.6009457265E-06
    1.5763000488E+04    1.7382876712E-06
    1.5773000488E+04    2.1586608068E-06
    1.5783000488E+04    2.1999648453E-06
    1.5793000488E+04    1.7216669326E-06
    1.5803000488E+04    1.6567994662E-06
    1.5813000488E+04    1.8772814991E-06
    1.5823000488E+04    1.8837206195E-06
    1.5833000488E+04    2.0441176650E-06
    1.5843000488E+04    1.6202202280E-06
    1.5853000488E+04    1.3309073353E-06
    1.5863000488E+04    1.6620650821E-06
    1.5873000488E+04    2.0846716708E-06
    1.5883000488E+04    2.1090749521E-06
    1.5893000488E+04    2.0461257109E-06
    1.5903000488E+04    1.9599138091E-06
    1.5913000488E+04    1.0510168422E-06
    1.5923000488E+04    1.8854441498E-06
    1.5933000488E+04    1.3326618269E-06
    1.5943000488E+04    2.1139870675E-06
    1.5953000488E+04    1.5203262535E-06
    1.5963000488E+04    1.7546474277E-06
    1.5973000488E+04    1.8140965000E-06
    1.5983000488E+04    1.6173737481E-06
    1.5993000488E+04    2.1362294283E-06
    1.6003000488E+04    1.5950375036E-06
    1.6013000488E+04    1.4339269638E-06
    1.6023000488E+04    1.5418499646E-06
    1.6033000488E+04    1.6741790627E-06
    1.6043000488E+04    1.3435758728E-06
    1.6053000488E+04    1.6536505081E-06
    1.6063000488E+04    1.6747511000E-06
    1.6073000488E+04    1.3722208909E-06
    1.6083000488E+04    1.9924299119E-06
    1.6093000488E+04    1.7400349771E-06
    1.6103000488E+04    1.9554733085E-06
    1.6113000488E+04    2.6391863780E-06
    1.6123000488E+04    1.7673640517E-06
    1.6133000488E+04    1.2982755933E-06
    1.6143000488E+04    2.2493697465E-06
    1.6153000488E+04    1.6163081294E-06
    1.6163000488E+04    2.1539373541E-06
    1.6173000488E+04    2.1518340941E-06
    1.6183000488E+04    2.6970128812E-06
    1.6193000488E+04    1.9717212636E-06
    1.6203000488E+04    1.3697479197E-06
    1.6213000488E+04    1.4458889823E-06
    1.6223000488E+04    1.7028029223E-06
    1.6233000488E+04    2.3725554871E-06
    1.6243000488E+04    1.4635078923E-06
    1.6253000488E+04    2.5562362049E-06
    1.6263000488E+04    1.5419328725E-06
    1.6273000488E+04    1.7686246242E-06
    1.6283000488E+04    1.9233702780E-06
    1.6293000488E+04    2.0085492138E-06
    1.6303000488E+04    2.2327157868E-06
    1.6313000488E+04    1.8048666628E-06
    1.6323000488E+04    1.6055120025E-06
    1.6333000488E+04    1.6401435119E-06
    1.6343000488E+04    1.8311452044E-06
    1.6353000488E+04    1.7571676654E-06
    1.6363000488E+04    1.9405717187E-06
    1.6373000488E+04    2.6116619547E-06
    1.6383000488E+04    2.0167917051E-06
    1.6393000488E+04    1.4526072113E-06
    1.6403000488E+04    1.6567381308E-06
    1.6413000488E+04    1.7615323253E-06
    1.6423000488E+04    2.0317871435E-06
    1.6433000488E+04    1.5362506580E-06
    1.6443000488E+04    1.7828783169E-06
    1.6453000488E+04    2.2431181182E-06
    1.6463000488E+04    9.8573091490E-07
    1.6473000488E+04    2.2416098300E-06
    1.6483000488E+04    1.2536881422E-06
    1.6493000488E+04    1.0282717843E-06
    1.6503000488E+04    1.3202862424E-06
    1.6513000488E+04    2.4924359243E-06
    1.6523000488E+04    2.0189771855E-06
    1.6533000488E+04    1.6738448219E-06
    1.6543000488E+04    2.0634847653E-06
    1.6553000488E+04    2.4795999591E-06
    1.6563000488E+04    1.7081935257E-06
    1.6573000488E+04    1.1938825235E-06
    1.6583000488E+04    2.2651607570E-06
    1.6593000488E+04    1.7796627837E-06
    1.6603000488E+04    1.6396087473E-06
    1.6613000488E+04    1.0283328429E-06
    1.6623000488E+04    1.8285994242E-06
    1.6633000488E+04    1.4893319612E-06
    1.6643000488E+04    1.2586621451E-06
    1.6653000488E+04    1.2922223054E-06
    1.6663000488E+04    2.2341370038E-06
    1.6673000488E+04    2.2769213258E-06
    1.6683000488E+04    2.0823490960E-06
    1.6693000488E+04    2.1906576643E-06
    1.6703000488E+04    1.3486866023E-06
    1.6713000488E+04    2.5610117584E-06
    1.6723000488E+04    1.1088631225E-06
    1.6733000488E+04    2.2004469936E-06
    1.6743000488E+04    2.1076208631E-06
    1.6753000488E+04    1.6013434532E-06
    1.6763000488E+04    1.4932560861E-06
    1.6773000488E+04    1.6317528575E-06
    1.6783000488E+04    1.6935129124E-06
    1.6793000488E+04    2.7588245594E-06
    1.6803000488E+04    1.5241553774E-06
    1.6813000488E+04    1.4587452546E-06
    1.6823000488E+04    2.2547306401E-06
    1.6833000488E+04    1.8605091840E-06
    1.6843000488E+04    2.4663353866E-06
    1.6853000488E+04    2.0432101557E-06
    1.6863000488E+04    1.8897880018E-06
    1.6873000488E+04    2.3217076780E-06
    1.6883000488E+04    2.6113281763E-06
    1.6893000488E+04    1.9144016077E-06
    1.6903000488E+04    3.0200812407E-06
    1.6913000488E+04    2.3832055196E-06
    1.6923000488E+04    3.2542905292E-06
    1.6933000488E+04    2.9318126951E-06
    1.6943000488E+04    1.5046003285E-06
    1.6953000488E+04    3.2421758189E-06
    1.6963000488E+04    1.4428864734E-06
    1.6973000488E+04    3.7417816180E-06
    1.6983000488E+04    2.3522424645E-06
    1.6993000488E+04    2.8293293405E-06
    1.7003000488E+04    2.7538366812E-06
    1.7013000488E+04    3.5158886441E-06
    1.7023000488E+04    4.2179100665E-06
    1.7033000488E+04    2.5890105279E-06
    1.7043000488E+04    2.9031604157E-06
    1.7053000488E+04    4.1149388519E-06
    1.7063000488E+04    3.0860623173E-06
    1.7073000488E+04    2.7874585161E-06
    1.7083000488E+04    3.2780148825E-06
    1.7093000488E+04    2.6574681777E-06
    1.7103000488E+04    2.6572089100E-06
    1.7113000488E+04    3.5326839865E-06
    1.7123000488E+04    3.7401462228E-06
    1.7133000488E+04    2.4387850353E-06
    1.7143000488E+04    2.8571602653E-06
    1.7153000488E+04    2.7873297451E-06
    1.7163000488E+04    3.1685147326E-06
    1.7173000488E+04    3.0826893605E-06
    1.7183000488E+04    3.0141762090E-06
    1.7193000488E+04    3.3130369582E-06
    1.7203000488E+04    2.0672277164E-06
    1.7213000488E+04    2.5293913987E-06
    1.7223000488E+04    4.3463019794E-06
    1.7233000488E+04    3.5699060271E-06
    1.7243000488E+04    3.7383838885E-06
    1.7253000488E+04    3.1126738808E-06
    1.7263000488E+04    3.7599127016E-06
    1.7273000488E+04    4.3977481043E-06
    1.7283000488E+04    3.8605492240E-06
    1.7293000488E+04    3.9427311434E-06
    1.7303000488E+04    3.2942777124E-06
    1.7313000488E+04    3.6534525396E-06
    1.7323000488E+04    4.3357243401E-06
    1.7333000488E+04    2.9387219419E-06
    1.7343000488E+04    4.3086553916E-06
    1.7353000488E+04    2.8072508547E-06
    1.7363000488E+04    4.6173701402E-06
    1.7373000488E+04    2.8261804833E-06
    1.7383000488E+04    3.5430916689E-06
    1.7393000488E+04    2.8178553806E-06
    1.7403000488E+04    3.3163954007E-06
    1.7413000488E+04    2.8115305221E-06
    1.7423000488E+04    2.3953996517E-06
    1.7433000488E+04    4.5445982927E-06
    1.7443000488E+04    3.9028421519E-06
    1.7453000488E+04    2.1886703999E-06
    1.7463000488E+04    2.6500331634E-06
    1.7473000488E+04    3.8974575676E-06
    1.7483000488E+04    3.2609418477E-06
    1.7493000488E+04    2.3000078085E-06
    1.7503000488E+04    2.3748592591E-06
    1.7513000488E+04    1.5959159649E-06
    1.7523000488E+04    3.1095733537E-06
    1.7533000488E+04    2.1793884217E-06
    1.7543000488E+04    2.0848082766E-06
    1.7553000488E+04    2.6102482757E-06
    1.7563000488E+04    3.1603070384E-06
    1.7573000488E+04    3.2787266477E-06
    1.7583000488E+04    2.2824467786E-06
    1.7593000488E+04    2.4677110000E-06
    1.7603000488E+04    3.2696764798E-06
    1.7613000488E+04    4.0545737516E-06
    1.7623000488E+04    3.1700397636E-06
    1.7633000488E+04    2.3385825800E-06
    1.7643000488E+04    2.6623211951E-06
    1.7653000488E+04    2.5102057005E-06
    1.7663000488E+04    2.6964013468E-06
    1.7673000488E+04    3.1131590620E-06
    1.7683000488E+04    3.7156569254E-06
    1.7693000488E+04    1.7284571173E-06
    1.7703000488E+04    4.3468075419E-06
    1.7713000488E+04    2.9907778449E-06
    1.7723000488E+04    2.3383721421E-06
    1.7733000488E+04    3.1447346599E-06
    1.7743000488E+04    3.4507845027E-06
    1.7753000488E+04    3.6852702811E-06
    1.7763000488E+04    3.9648316910E-06
    1.7773000488E+04    4.9858460172E-06
    1.7783000488E+04    3.7745966399E-06
    1.7793000488E+04    3.5265291648E-06
    1.7803000488E+04    3.1653797508E-06
    1.7813000488E+04    4.3870402500E-06
    1.7823000488E+04    3.5856366723E-06
    1.7833000488E+04    3.3521189997E-06
    1.7843000488E+04    2.1635717134E-06
    1.7853000488E+04    4.5148372967E-06
    1.7863000488E+04    4.9274404469E-06
    1.7873000488E+04    4.2698978504E-06
    1.7883000488E+04    3.1465460682E-06
    1.7893000488E+04    3.7220929621E-06
    1.7903000488E+04    2.7572618192E-06
    1.7913000488E+04    5.4559568725E-06
    1.7923000488E+04    4.9279164464E-06
    1.7933000488E+04    2.9969103227E-06
    1.7943000488E+04    3.9535302716E-06
    1.7953000488E+04    4.6559076615E-06
    1.7963000488E+04    4.7407584537E-06
    1.7973000488E+04    3.2110121005E-06
    1.7983000488E+04    3.7958007053E-06
    1.7993000488E+04    3.8279985565E-06
    1.8003000488E+04    4.4486778925E-06
    1.8013000488E+04    4.5212967346E-06
    1.8023000488E+04    3.6257631358E-06
    1.8033000488E+04    4.1508375030E-06
    1.8043000488E+04    3.1445551672E-06
    1.8053000488E+04    2.7656784839E-06
    1.8063000488E+04    3.1109316580E-06
    1.8073000488E+04    4.8335128410E-06
    1.8083000488E+04    3.3438041153E-06
    1.8093000488E+04    2.8465980077E-06
    1.8103000488E+04    3.2186116048E-06
    1.8113000488E+04    3.4293991262E-06
    1.8123000488E+04    3.2825358060E-06
    1.8133000488E+04    5.1372374899E-06
    1.8143000488E+04    4.0339221840E-06
    1.8153000488E+04    5.3217556017E-06
    1.8163000488E+04    4.4190323749E-06
    1.8173000488E+04    4.4968954129E-06
    1.8183000488E+04    3.4153042933E-06
    1.8193000488E+04    4.2851464247E-06
    1.8203000488E+04    3.0459012904E-06
    1.8213000488E+04    3.3699153178E-06
    1.8223000488E+04    2.9633068935E-06
    1.8233000488E+04    3.4051522950E-06
    1.8243000488E+04    2.3839629151E-06
    1.8253000488E+04    4.9522968853E-06
    1.8263000488E+04    3.4540108883E-06
    1.8273000488E+04    3.3096146382E-06
    1.8283000488E+04    3.6625604445E-06
    1.8293000488E+04    5.6241892478E-06
    1.8303000488E+04    4.0013928406E-06
    1.8313000488E+04    4.8695953528E-06
    1.8323000488E+04    4.7278136819E-06
    1.8333000488E+04    4.5372853989E-06
    1.8343000488E+04    6.5362120142E-06
    1.8353000488E+04    4.3468145934E-06
    1.8363000488E+04    4.2662383440E-06
    1.8373000488E+04    5.0900426903E-06
    1.8383000488E+04    3.5150424696E-06
    1.8393000488E+04    6.6582637182E-06
    1.8403000488E+04    3.9006321211E-06
    1.8413000488E+04    5.0116737896E-06
    1.8423000488E+04    3.3254712995E-06
    1.8433000488E+04    4.4472238858E-06
    1.8443000488E+04    3.6699799294E-06
    1.8453000488E+04    3.4388627936E-06
    1.8463000488E+04    5.2438043740E-06
    1.8473000488E+04    3.0141898793E-06
    1.8483000488E+04    4.4842951240E-06
    1.8493000488E+04    2.7849873428E-06
    1.8503000488E+04    4.2471639464E-06
    1.8513000488E+04    4.1843980018E-06
    1.8523000488E+04    3.5756916226E-06
    1.8533000488E+04    4.3400270347E-06
    1.8543000488E+04    3.1956530612E-06
    1.8553000488E+04    2.2145993561E-06
    1.8563000488E+04    5.0959399778E-06
    1.8573000488E+04    2.2102774624E-06
    1.8583000488E+04    4.5728639455E-06
    1.8593000488E+04    3.3502192377E-06
    1.8603000488E+04    2.2665349471E-06
    1.8613000488E+04    5.8164350543E-06
    1.8623000488E+04    1.6554428233E-06
    1.8633000488E+04    5.3290381198E-06
    1.8643000488E+04    2.9538031940E-06
    1.8653000488E+04    2.6618574958E-06
    1.8663000488E+04    3.6694899034E-06
    1.8673000488E+04    3.1628103714E-06
    1.8683000488E+04    3.8896664724E-06
    1.8693000488E+04    4.6473805258E-06
    1.8703000488E+04    2.6865974922E-06
    1.8713000488E+04    3.7531940895E-06
    1.8723000488E+04    3.8577257806E-06
    1.8733000488E+04    4.5016130876E-06
    1.8743000488E+04    2.1583325243E-06
    1.8753000488E+04    3.8323238046E-06
    1.8763000488E+04    2.9939790304E-06
    1.8773000488E+04    3.5231556392E-06
    1.8783000488E+04    4.2016411349E-06
    1.8793000488E+04    3.7395656327E-06
    1.8803000488E+04    5.2637241696E-06
    1.8813000488E+04    3.0787036289E-06
    1.8823000488E+04    4.9851126975E-06
    1.8833000488E+04    3.1353739073E-06
    1.8843000488E+04    3.8712857058E-06
    1.8853000488E+04    6.0299991720E-06
    1.8863000488E+04    5.2250427346E-06
    1.8873000488E+04    5.0564345704E-06
    1.8883000488E+04    6.6857657426E-06
    1.8893000488E+04    3.6071239328E-06
    1.8903000488E+04    6.5766151960E-06
    1.8913000488E+04    4.5371247598E-06
    1.8923000488E+04    4.3924858580E-06
    1.8933000488E+04    6.4972338415E-06
    1.8943000488E+04    5.0771212230E-06
    1.8953000488E+04    4.9385247260E-06
    1.8963000488E+04    5.4679546355E-06
    1.8973000488E+04    4.5209124259E-06
    1.8983000488E+04    5.1016592101E-06
    1.8993000488E+04    4.7493671934E-06
    1.9003000488E+04    4.4748298647E-06
    1.9013000488E+04    4.8530845844E-06
    1.9023000488E+04    4.8685277096E-06
    1.9033000488E+04    5.9458986343E-06
    1.9043000488E+04    4.5339738589E-06
    1.9053000488E+04    4.9469426377E-06
    1.9063000488E+04    3.6989678130E-06
    1.9073000488E+04    3.2118069018E-06
    1.9083000488E+04    4.4826563810E-06
    1.9093000488E+04    4.6948248568E-06
    1.9103000488E+04    3.5664624785E-06
    1.9113000488E+04    3.4671559470E-06
    1.9123000488E+04    5.9439152333E-06
    1.9133000488E+04    2.8912887012E-06
    1.9143000488E+04    3.4025816817E-06
    1.9153000488E+04    3.9887287450E-06
    1.9163000488E+04    3.4313634260E-06
    1.9173000488E+04    2.3104812620E-06
    1.9183000488E+04    4.5663977584E-06
    1.9193000488E+04    1.9340670698E-06
    1.9203000488E+04    3.9976966464E-06
    1.9213000488E+04    9.6331554696E-07
    1.9223000488E+04    3.3971266370E-06
    1.9233000488E+04    4.2205974058E-06
    1.9243000488E+04    4.8656751259E-06
    1.9253000488E+04    2.3765106240E-06
    1.9263000488E+04    4.8893125865E-06
    1.9273000488E+04    2.0363942432E-06
    1.9283000488E+04    2.8859678145E-06
    1.9293000488E+04    4.2635697460E-06
    1.9303000488E+04    2.4289646410E-06
    1.9313000488E+04    3.3444484327E-06
    1.9323000488E+04    1.4793530093E-06
    1.9333000488E+04    4.4869540224E-06
    1.9343000488E+04    2.0089208019E-06
    1.9353000488E+04    4.3262992651E-06
    1.9363000488E+04    4.5391336290E-07
    1.9373000488E+04    4.8934405115E-06
    1.9383000488E+04    3.5180012581E-06
    1.9393000488E+04    2.7677425112E-06
    1.9403000488E+04    1.2744616535E-06
    1.9413000488E+04    2.7843929391E-06
    1.9423000488E+04    2.1862228757E-06
    1.9433000488E+04    2.5175215911E-06
    1.9443000488E+04    3.5110382797E-06
    1.9453000488E+04    2.3120944096E-06
    1.9463000488E+04    2.8334675337E-06
    1.9473000488E+04    5.0434791895E-06
    1.9483000488E+04    2.0466695293E-06
    1.9493000488E+04    5.3299128062E-06
    1.9503000488E+04    2.5006095580E-06
    1.9513000488E+04    4.8983326156E-06
    1.9523000488E+04    1.5880239459E-06
    1.9533000488E+04    4.1498583756E-06
    1.9543000488E+04    1.3195518166E-06
    1.9553000488E+04    1.6242905040E-06
    1.9563000488E+04    3.7749943369E-06
    1.9573000488E+04    4.7899581251E-06
    1.9583000488E+04    2.5407644340E-06
    1.9593000488E+04    4.4026778004E-06
    1.9603000488E+04    4.4784130138E-06
    1.9613000488E+04    3.6270848349E-06
    1.9623000488E+04    3.6874029964E-06
    1.9633000488E+04    3.4334256255E-06
    1.9643000488E+04    3.4914268411E-06
    1.9653000488E+04    4.3468707563E-06
    1.9663000488E+04    4.1875318222E-06
    1.9673000488E+04    2.5515393527E-06
    1.9683000488E+04    3.5345880139E-06
    1.9693000488E+04    3.5203400348E-06
    1.9703000488E+04    2.2123580852E-06
    1.9713000488E+04    3.2748533902E-06
    1.9723000488E+04    3.4142397334E-06
    1.9733000488E+04    3.5307805962E-06
    1.9743000488E+04    3.5991129564E-06
    1.9753000488E+04    2.5250913484E-06
    1.9763000488E+04    3.3396467670E-06
    1.9773000488E+04    3.2341410443E-06
    1.9783000488E+04    3.8097104595E-06
    1.9793000488E+04    1.4766719786E-06
    1.9803000488E+04    4.6844926804E-06
    1.9813000488E+04    1.4943192748E-06
    1.9823000488E+04    3.7341904127E-06
    1.9833000488E+04    4.6769152935E-06
    1.9843000488E+04    5.2557956926E-06
    1.9853000488E+04    2.6153260455E-06
    1.9863000488E+04    1.9367268886E-06
    1.9873000488E+04    5.4360047286E-06
    1.9883000488E+04    4.4307733890E-06
    1.9893000488E+04    3.9160919382E-06
    1.9903000488E+04    4.2448542581E-06
    1.9913000488E+04    1.1500503439E-06
    1.9923000488E+04    3.9000862506E-06
    1.9933000488E+04    3.9716477619E-06
    1.9943000488E+04    3.7059011069E-06
    1.9953000488E+04    3.6265643253E-06
    1.9963000488E+04    3.7943373253E-06
    1.9973000488E+04    4.3555487864E-06
    1.9983000488E+04    3.6010242349E-06
    1.9993000488E+04    2.8715532102E-06
    2.0003000488E+04    4.5360554475E-06
    2.0013000488E+04    4.1494135805E-06
    2.0023000488E+04    4.5972044484E-06
    2.0033000488E+04    5.2188153386E-06
    2.0043000488E+04    3.4111173641E-06
    2.0053000488E+04    4.8042855794E-06
    2.0063000488E+04    5.5314562521E-06
    2.0073000488E+04    7.0208445053E-06
    2.0083000488E+04    2.6287300563E-06
    2.0093000488E+04    3.7281483423E-06
    2.0103000488E+04    4.7174713179E-06
    2.0113000488E+04    3.4573957894E-06
    2.0123000488E+04    4.0228173509E-06
    2.0133000488E+04    1.8099689657E-06
    2.0143000488E+04    2.5101204386E-06
    2.0153000488E+04    4.1615333794E-06
    2.0163000488E+04    5.1288761200E-06
    2.0173000488E+04    3.0501850830E-06
    2.0183000488E+04    3.9827213744E-06
    2.0193000488E+04    4.6861897631E-06
    2.0203000488E+04    5.6252648893E-06
    2.0213000488E+04    5.0247316785E-06
    2.0223000488E+04    3.9741295807E-06
    2.0233000488E+04    3.1140611839E-06
    2.0243000488E+04    5.1156589094E-06
    2.0253000488E+04    3.7918435649E-06
    2.0263000488E+04    5.3677595916E-06
    2.0273000488E+04    2.7162853573E-06
    2.0283000488E+04    6.8069922519E-06
    2.0293000488E+04    3.5840048709E-06
    2.0303000488E+04    6.1497363264E-06
    2.0313000488E+04    5.7948291400E-06
    2.0323000488E+04    4.3803066393E-06
    2.0333000488E+04    6.9835734180E-06
    2.0343000488E+04    6.2515811523E-06
    2.0353000488E+04    4.6370600657E-06
    2.0363000488E+04    3.6487322312E-06
    2.0373000488E+04    3.5365057983E-06
    2.0383000488E+04    5.8486144670E-06
    2.0393000488E+04    3.7941781015E-06
    2.0403000488E+04    3.3841357991E-06
    2.0413000488E+04    4.6111890835E-06
    2.0423000488E+04    1.8511063566E-06
    2.0433000488E+04    7.5550613850E-06
    2.0443000488E+04    2.5623243474E-06
    2.0453000488E+04    3.3611847200E-06
    2.0463000488E+04    3.3605207740E-06
    2.0473000488E+04    3.9457850896E-06
    2.0483000488E+04    5.4493914936E-06
    2.0493000488E+04    3.4259664341E-06
    2.0503000488E+04    3.9962911144E-06
    2.0513000488E+04    4.3796565246E-06
    2.0523000488E+04    6.4378933386E-06
    2.0533000488E+04    9.3746774049E-06
    2.0543000488E+04    3.6532040643E-06
    2.0553000488E+04    5.2048093580E-06
    2.0563000488E+04    6.9304367575E-06
    2.0573000488E+04    6.9690196557E-06
    2.0583000488E+04    6.3716056302E-06
    2.0593000488E+04    7.5620533566E-06
    2.0603000488E+04    6.3376928541E-06
    2.0613000488E+04    6.1089116720E-06
    2.0623000488E+04    1.0095398460E-05
    2.0633000488E+04    8.1977337289E-06
    2.0643000488E+04    1.0909959331E-05
    2.0653000488E+04    1.1096937109E-05
    2.0663000488E+04    1.1714281953E-05
    2.0673000488E+04    1.1373327203E-05
    2.0683000488E+04    1.3908556836E-05
    2.0693000488E+04    1.6343288763E-05
    2.0703000488E+04    1.5648201788E-05
    2.0713000488E+04    1.7839990111E-05
    2.0723000488E+04    2.1750790985E-05
    2.0733000488E+04    2.7204727644E-05
    2.0743000488E+04    3.2609508630E-05
    2.0753000488E+04    3.6318569416E-05
    2.0763000488E+04    5.0268053015E-05
    2.0773000488E+04    5.9127745607E-05
    2.0783000488E+04    6.9893919252E-05
    2.0793000488E+04    9.4107447441E-05
    2.0803000488E+04    1.1766044451E-04
    2.0813000488E+04    1.5543899311E-04
    2.0823000488E+04    2.1081540926E-04
    2.0833000488E+04    2.8324778803E-04
    2.0843000488E+04    3.8489335817E-04
    2.0853000488E+04    5.4014784768E-04
    2.0863000488E+04    7.7241973242E-04
    2.0873000488E+04    1.1308169836E-03
    2.0883000488E+04    1.6726850053E-03
    2.0893000488E+04    2.5556700855E-03
    2.0903000488E+04    3.8756665186E-03
    2.0913000488E+04    5.8780863925E-03
    2.0923000488E+04    9.0194879744E-03
    2.0933000488E+04    1.3100534698E-02
    2.0943000488E+04    1.8699032998E-02
    2.0953000488E+04    2.5714238882E-02
    2.0963000488E+04    3.4140489552E-02
    2.0973000488E+04    4.4058188038E-02
    2.0983000488E+04    5.5539815524E-02
    2.0993000488E+04    6.7495487278E-02
    2.1003000488E+04    7.7531219214E-02
    2.1013000488E+04    8.6040697450E-02
    2.1023000488E+04    9.5305623108E-02
    2.1033000488E+04    1.0506829349E-01
    2.1043000488E+04    1.1674285495E-01
    2.1053000488E+04    1.3195347021E-01
    2.1063000488E+04    1.4811972530E-01
    2.1073000488E+04    1.6885962240E-01
    2.1083000488E+04    1.9177410590E-01
    2.1093000488E+04    2.1855401961E-01
    2.1103000488E+04    2.4811029235E-01
    2.1113000488E+04    2.8307681894E-01
    2.1123000488E+04    3.1941593476E-01
    2.1133000488E+04    3.5489494325E-01
    2.1143000488E+04    3.9257974007E-01
    2.1153000488E+04    4.2208016116E-01
    2.1163000488E+04    4.4738792238E-01
    2.1173000488E+04    4.6410445170E-01
    2.1183000488E+04    4.8029227394E-01
    2.1193000488E+04    4.8310999422E-01
    2.1203000488E+04    4.8973042234E-01
    2.1213000488E+04    4.9208784571E-01
    2.1223000488E+04    4.9353582276E-01
    2.1233000488E+04    4.9460478345E-01
    2.1243000488E+04    4.9124844921E-01
    2.1253000488E+04    4.9110524521E-01
    2.1263000488E+04    4.8677091943E-01
    2.1273000488E+04    4.7656118878E-01
    2.1283000488E+04    4.6151747047E-01
    2.1293000488E+04    4.3857293878E-01
    2.1303000488E+04    4.0409443038E-01
    2.1313000488E+04    3.7113467039E-01
    2.1323000488E+04    3.3068613582E-01
    2.1333000488E+04    2.9207335042E-01
    2.1343000488E+04    2.5550493610E-01
    2.1353000488E+04    2.2115673026E-01
    2.1363000488E+04    1.8894052635E-01
    2.1373000488E+04    1.6241145068E-01
    2.1383000488E+04    1.4216763848E-01
    2.1393000488E+04    1.2299967068E-01
    2.1403000488E+04    1.0789931814E-01
    2.1413000488E+04    9.4191795183E-02
    2.1423000488E+04    8.0668721248E-02
    2.1433000488E+04    6.7963212106E-02
    2.1443000488E+04    5.6687260274E-02
    2.1453000488E+04    4.7004415288E-02
    2.1463000488E+04    3.7651321251E-02
    2.1473000488E+04    3.0067949728E-02
    2.1483000488E+04    2.3422604312E-02
    2.1493000488E+04    1.7650538387E-02
    2.1503000488E+04    1.3029535772E-02
    2.1513000488E+04    9.2453958179E-03
    2.1523000488E+04    6.3239390662E-03
    2.1533000488E+04    4.1845358182E-03
    2.1543000488E+04    2.7514050411E-03
    2.1553000488E+04    1.7782250516E-03
    2.1563000488E+04    1.1649230433E-03
    2.1573000488E+04    7.8763829576E-04
    2.1583000488E+04    5.3989789651E-04
    2.1593000488E+04    3.7603149322E-04
    2.1603000488E+04    2.7174511280E-04
    2.1613000488E+04    1.9892075400E-04
    2.1623000488E+04    1.4578649313E-04
    2.1633000488E+04    1.1436008316E-04
    2.1643000488E+04    8.5705339464E-05
    2.1653000488E+04    6.9824195962E-05
    2.1663000488E+04    5.4968062415E-05
    2.1673000488E+04    4.5294127945E-05
    2.1683000488E+04    3.3422821040E-05
    2.1693000488E+04    2.7130582417E-05
    2.1703000488E+04    2.3887327886E-05
    2.1713000488E+04    2.5405632301E-05
    2.1723000488E+04    1.6341323565E-05
    2.1733000488E+04    1.5285303402E-05
    2.1743000488E+04    1.4047534218E-05
    2.1753000488E+04    1.4162147425E-05
    2.1763000488E+04    1.0958844465E-05
    2.1773000488E+04    1.1435662841E-05
    2.1783000488E+04    1.0032823656E-05
    2.1793000488E+04    8.9972663157E-06
    2.1803000488E+04    1.0941355305E-05
    2.1813000488E+04    9.3471857975E-06
    2.1823000488E+04    1.1028487623E-05
    2.1833000488E+04    2.9494308177E-06
    2.1843000488E+04    6.9120412322E-06
    2.1853000488E+04    6.1140924641E-06
    2.1863000488E+04    7.3128544794E-06
    2.1873000488E+04    5.3665325433E-06
    2.1883000488E+04    4.8582628846E-06
    2.1893000488E+04    3.5110382613E-06
    2.1903000488E+04    8.8311734387E-06
    2.1913000488E+04    8.1720275321E-06
    2.1923000488E+04    6.7013984845E-06
    2.1933000488E+04    3.2707403538E-06
    2.1943000488E+04    8.0348312495E-06
    2.1953000488E+04    4.9220134301E-06
    2.1963000488E+04    5.5142828772E-06
    2.1973000488E+04    6.6310849666E-06
    2.1983000488E+04    7.9886916765E-06
    2.1993000488E+04    4.8010967720E-06
    2.2003000488E+04    6.8115731145E-06
    2.2013000488E+04    4.1490405958E-06
    2.2023000488E+04    8.9446651452E-06
    2.2033000488E+04    8.2869421372E-06
    2.2043000488E+04    6.7703417645E-06
    2.2053000488E+04    6.7892224671E-06
    2.2063000488E+04    6.9706509680E-06
    2.2073000488E+04    4.2084227607E-06
    2.2083000488E+04    6.9221433972E-06
    2.2093000488E+04    6.1346697332E-06
    2.2103000488E+04    2.9742497892E-06
    2.2113000488E+04    6.4005167398E-06
    2.2123000488E+04    9.4687836646E-06
    2.2133000488E+04    2.8713791700E-06
    2.2143000488E+04    1.0012765870E-05
    2.2153000488E+04    5.0192968481E-06
    2.2163000488E+04    6.9660783212E-06
    2.2173000488E+04    5.6653400324E-06
    2.2183000488E+04    1.5183789262E-05
    2.2193000488E+04    1.2912988250E-05
    2.2203000488E+04    3.0325316231E-06
    2.2213000488E+04    8.6836454143E-06
    2.2223000488E+04    6.6236654517E-06
    2.2233000488E+04    1.0215786382E-05
    2.2243000488E+04    5.0174996998E-06
    2.2253000488E+04    8.2265009131E-06
    2.2263000488E+04    6.7749245467E-06
    2.2273000488E+04    7.6304048733E-06
    2.2283000488E+04    1.4134240518E-06
    2.2293000488E+04    1.2563403219E-05
    2.2303000488E+04    7.8441913423E-06
    2.2313000488E+04    1.2530629259E-05
    2.2323000488E+04    6.3887168323E-06
    2.2333000488E+04    7.3133734903E-06
    2.2343000488E+04    2.0338195755E-06
    2.2353000488E+04    8.0994455644E-06
    2.2363000488E+04    5.8084437559E-06
    2.2373000488E+04    8.7290953779E-06
    2.2383000488E+04    4.9731574273E-06
    2.2393000488E+04    1.1648535505E-05
    2.2403000488E+04    9.7611317684E-06
    2.2413000488E+04    1.2128612108E-05
    2.2423000488E+04    1.3253675869E-05
    2.2433000488E+04    5.3745052052E-06
    2.2443000488E+04    6.3747303716E-06
    2.2453000488E+04    1.6054689535E-05
    2.2463000488E+04    1.2205835306E-05
    2.2473000488E+04    9.0933811398E-06
    2.2483000488E+04    6.2003067858E-06
    2.2493000488E+04    1.2420219669E-05
    2.2503000488E+04    1.3768992824E-05
    2.2513000488E+04    1.2898521537E-05
    2.2523000488E+04    4.9806156151E-06
    2.2533000488E+04    9.8386000214E-06
    2.2543000488E+04    4.1132327436E-06
    2.2553000488E+04    8.0236938970E-06
    2.2563000488E+04    1.1125308930E-05
    2.2573000488E+04    4.9111327263E-11
    2.2583000488E+04    8.0037403081E-06
    2.2593000488E+04    8.4374261999E-06
    2.2603000488E+04    6.9515764924E-06
    2.2613000488E+04    6.4394576305E-06
    2.2623000488E+04    8.2428940552E-06
    2.2633000488E+04    9.2833608479E-06
    2.2643000488E+04    1.9001508233E-05
    2.2653000488E+04    4.2210059529E-06
    2.2663000488E+04    9.3555094965E-06
    2.2673000488E+04    7.6988141726E-06
    2.2683000488E+04    4.0348425967E-06
    2.2693000488E+04    8.4064488905E-06
    2.2703000488E+04    9.4525872299E-06
    2.2713000488E+04    5.0058352455E-06
    2.2723000488E+04    1.3612246787E-05
    2.2733000488E+04    1.0113528931E-05
    2.2743000488E+04    1.2336459186E-05
    2.2753000488E+04    1.4575344326E-05
    2.2763000488E+04    5.5131309134E-06
    2.2773000488E+04    4.2671928309E-06
    2.2783000488E+04    1.0738868522E-05
    2.2793000488E+04    7.9565171912E-06
    2.2803000488E+04    7.6842558468E-06
    2.2813000488E+04    6.9600033916E-06
    2.2823000488E+04    7.9971633221E-06
    2.2833000488E+04    7.0004831543E-06
    2.2843000488E+04    5.5058654555E-06
    2.2853000488E+04    6.3100628071E-06
    2.2863000488E+04    8.7805897096E-06
    2.2873000488E+04    1.7294158577E-06
    2.2883000488E+04    7.5775515071E-06
    2.2893000488E+04    7.8515342504E-06
    2.2903000488E+04    9.1754538174E-06
    2.2913000488E+04    7.7098845755E-06
    2.2923000488E+04    3.1040795544E-06
    2.2933000488E+04    3.0322270823E-06
    2.2943000488E+04    8.3153403345E-06
    2.2953000488E+04    5.9259908522E-06
    2.2963000488E+04    4.1490822488E-06
    2.2973000488E+04    3.8848841862E-06
    2.2983000488E+04    1.0474600436E-06
    2.2993000488E+04    6.3004108338E-06
    2.3003000488E+04    5.5634579327E-06
    2.3013000488E+04    3.8023346976E-06
    2.3023000488E+04    1.1117315189E-06
    2.3033000488E+04    5.5496789124E-06
    2.3043000488E+04    3.6483115364E-06
    2.3053000488E+04    2.3755780725E-06
    2.3063000488E+04    4.1657241301E-06
    2.3073000488E+04    3.9583719076E-06
    2.3083000488E+04    3.8396899416E-06
    2.3093000488E+04    2.1816685513E-06
    2.3103000488E+04    1.9520674248E-06
    2.3113000488E+04    3.8211457697E-06
    2.3123000488E+04    3.2183198509E-06
    2.3133000488E+04    4.5239049446E-06
    2.3143000488E+04    2.1610249521E-06
    2.3153000488E+04    2.6676957820E-06
    2.3163000488E+04    2.0778911445E-06
    2.3173000488E+04    3.6881351659E-07
    2.3183000488E+04    2.8549023328E-06
    2.3193000488E+04    1.6713990373E-06
    2.3203000488E+04    2.4012442483E-06
    2.3213000488E+04    6.0135551350E-07
    2.3223000488E+04    1.2498467214E-06
    2.3233000488E+04    1.5754531261E-06
    2.3243000488E+04    8.2300107779E-07
    2.3253000488E+04    6.6788301201E-07
    2.3263000488E+04    1.4119595016E-06
    2.3273000488E+04    1.5079452367E-06
    2.3283000488E+04    1.4407115257E-06
    2.3293000488E+04    1.0999668970E-06
    2.3303000488E+04    3.6241125192E-07
    2.3313000488E+04    3.3237888298E-06
    2.3323000488E+04    2.1932478200E-06
    2.3333000488E+04    1.5293788966E-06
    2.3343000488E+04    1.9436400688E-06
    2.3353000488E+04    1.6668905038E-06
    2.3363000488E+04    1.2365460356E-06
    2.3373000488E+04    1.5372384791E-06
    2.3383000488E+04    9.9256128328E-07
    2.3393000488E+04    9.4625703463E-07
    2.3403000488E+04    6.9721495733E-07
    2.3413000488E+04    3.5706050721E-07
    2.3423000488E+04    1.0631988185E-06
    2.3433000488E+04    1.3963489100E-06
    2.3443000488E+04    1.3327106984E-06
    2.3453000488E+04    8.4992021470E-07
    2.3463000488E+04    3.8821032071E-07
    2.3473000488E+04    1.3169369954E-06
    2.3483000488E+04    7.4493139990E-07
    2.3493000488E+04    1.2654271386E-06
    2.3503000488E+04    1.0671299704E-06
    2.3513000488E+04    5.7453507300E-07
    2.3523000488E+04    7.9170259351E-07
    2.3533000488E+04    8.6022721412E-07
    2.3543000488E+04    1.0918322802E-06
    2.3553000488E+04    7.4763331211E-07
    2.3563000488E+04    9.1517763450E-07
    2.3573000488E+04    8.3604411502E-07
    2.3583000488E+04    5.1382548343E-07
    2.3593000488E+04    1.0114467174E-06
    2.3603000488E+04    8.1229489070E-07
    2.3613000488E+04    4.3083282095E-07
    2.3623000488E+04    7.2548027941E-07
    2.3633000488E+04    8.5738182558E-07
    2.3643000488E+04    4.9079971358E-07
    2.3653000488E+04    4.5662310044E-07
    2.3663000488E+04    5.9401162945E-07
    2.3673000488E+04    5.8708097090E-07
    2.3683000488E+04    4.1585688551E-07
    2.3693000488E+04    3.0692882557E-07
    2.3703000488E+04    2.1736661250E-07
    2.3713000488E+04    7.0777232670E-08
    2.3723000488E+04    1.5041641278E-07
    2.3733000488E+04    1.6830186940E-07
    2.3743000488E+04    1.8850858053E-07
    2.3753000488E+04    1.0039471661E-07
    2.3763000488E+04    9.5205302990E-08
    2.3773000488E+04    1.1132719972E-07
    2.3783000488E+04    1.4138748782E-07
    2.3793000488E+04    1.3426521829E-07
    2.3803000488E+04    1.0013768140E-07
    2.3813000488E+04    1.5299969256E-07
    2.3823000488E+04    1.4484397005E-07
    2.3833000488E+04    4.8765777100E-08
    2.3843000488E+04    7.3005134049E-08
    2.3853000488E+04    5.3066220292E-08
    2.3863000488E+04    1.1265296250E-07
    2.3873000488E+04    5.4102573950E-08
    2.3883000488E+04    5.2315023044E-08
    2.3893000488E+04    6.8489529294E-08
    2.3903000488E+04    5.8922930923E-08
    2.3913000488E+04    5.7749721925E-08
    2.3923000488E+04    1.9737471643E-08
    2.3933000488E+04    2.9964254241E-08
    2.3943000488E+04    3.3784422200E-08
    2.3953000488E+04    4.2739491055E-08
    2.3963000488E+04    3.1232534045E-08
    2.3973000488E+04    3.7054804561E-08
    2.3983000488E+04    1.9584734364E-08
    2.3993000488E+04    2.5229716357E-08
    2.4003000488E+04    1.8609251844E-08
    2.4013000488E+04    2.8376716987E-08
    2.4023000488E+04    2.0759125273E-08
    2.4033000488E+04    1.3621779740E-08
    2.4043000488E+04    1.8325287088E-08
    2.4053000488E+04    1.2926583512E-08
    2.4063000488E+04    1.3339738794E-08
    2.4073000488E+04    9.4489719180E-09
    2.4083000488E+04    9.6375570146E-09
    2.4093000488E+04    1.0013927859E-08
    2.4103000488E+04    8.3511861365E-09
    2.4113000488E+04    6.4751413130E-09
    2.4123000488E+04    3.6665505929E-09
    2.4133000488E+04    5.9421409323E-09
    2.4143000488E+04    2.9146324401E-09
    2.4153000488E+04    4.4588306422E-09
    2.4163000488E+04    4.7114509337E-09
    2.4173000488E+04    2.4546149663E-09
    2.4183000488E+04    3.5900604610E-09
    2.4193000488E+04    2.2942516945E-09
    2.4203000488E+04    1.5818748112E-09
    2.4213000488E+04    2.3345462068E-09
    2.4223000488E+04    1.8863516192E-09
    2.4233000488E+04    1.5847734582E-09
    2.4243000488E+04    1.1812474118E-09
    2.4253000488E+04    6.8099712416E-10
    2.4263000488E+04    1.0268400010E-09
    2.4273000488E+04    3.9341857774E-10
    2.4283000488E+04    1.0352370013E-09
    2.4293000488E+04    7.4606178859E-10
    2.4303000488E+04    4.8457161557E-10
    2.4313000488E+04    7.1648715351E-10
    2.4323000488E+04    1.9142364236E-10
    2.4333000488E+04    2.5856534699E-10
    2.4343000488E+04    4.5196933634E-10
    2.4353000488E+04    4.7458482097E-10
    2.4363000488E+04    2.5321206649E-10
    2.4373000488E+04    3.0950839164E-10
    2.4383000488E+04    2.1391610120E-10
    2.4393000488E+04    9.6852523683E-11
    2.4403000488E+04    1.3051875903E-10
    2.4413000488E+04    2.1147606371E-10
    2.4423000488E+04    1.7310479438E-10
    2.4433000488E+04    8.7519578713E-11
    2.4443000488E+04    3.3006267363E-11
    2.4453000488E+04    8.8762729261E-11
    2.4463000488E+04    4.2735295305E-11
    2.4473000488E+04    2.0016393844E-11
    2.4483000488E+04    2.6667990970E-11
    2.4493000488E+04    2.9499422986E-11
    2.4503000488E+04    3.0547322862E-11
    2.4513000488E+04    3.3716658197E-11
    2.4523000488E+04    3.8051152891E-11
    2.4533000488E+04    2.5389474932E-11
    2.4543000488E+04    2.3288628211E-11
    2.4553000488E+04    3.9058075834E-11
    2.4563000488E+04    3.6772252249E-11
    2.4573000488E+04    9.3284428370E-12
    2.4583000488E+04    5.2132460240E-11
    2.4593000488E+04    2.5327674094E-11
    2.4603000488E+04    2.2026828725E-11
    2.4613000488E+04    2.7057184555E-11
    2.4623000488E+04    2.2743380856E-11
    2.4633000488E+04    2.2484358348E-11
    2.4643000488E+04    1.4603929400E-11
    2.4653000488E+04    2.7109205251E-12
    2.4663000488E+04    9.7807803330E-12
    2.4673000488E+04    1.3840646950E-11
    2.4683000488E+04    1.3310718930E-11
    2.4693000488E+04    1.1133651537E-11
    2.4703000488E+04    1.1465182918E-11
    2.4713000488E+04    1.2578256769E-11
    2.4723000488E+04    1.0806521781E-11
    2.4733000488E+04    1.3541149437E-11
    2.4743000488E+04    5.9698013388E-12
    2.4753000488E+04    1.1369686485E-11
    2.4763000488E+04    9.2737763648E-12
    2.4773000488E+04    9.2871490121E-12
    2.4783000488E+04    9.1779744102E-12
    2.4793000488E+04    4.8220290922E-12
    2.4803000488E+04    2.5927870231E-12
    2.4813000488E+04    5.6872613602E-12
    2.4823000488E+04    3.7499395766E-12
    2.4833000488E+04    1.4673590057E-12
    2.4843000488E+04    2.3897808655E-12
    2.4853000488E+04    2.6960306704E-12
    2.4863000488E+04    3.1825028803E-12
    2.4873000488E+04    3.8033542370E-12
    2.4883000488E+04    2.8131914522E-12
    2.4893000488E+04    2.6338650120E-12
    2.4903000488E+04    1.9687925929E-12
    2.4913000488E+04    2.2236209343E-12
    2.4923000488E+04    1.1114101514E-12
    2.4933000488E+04    1.3618850457E-12
    2.4943000488E+04    1.4619784234E-12
    2.4953000488E+04    5.8407143599E-13
    2.4963000488E+04    1.0447420506E-12
    2.4973000488E+04    1.0145105547E-12
    2.4983000488E+04    6.5618108168E-13
    2.4993000488E+04    8.1148773391E-13
    2.5003000488E+04    9.2713114797E-13
    2.5013000488E+04    5.7043003180E-13
    2.5023000488E+04    7.4005111529E-13
    2.5033000488E+04    7.5248860503E-13
    2.5043000488E+04    4.9075518137E-13
    2.5053000488E+04    5.7619046666E-13
    2.5063000488E+04    2.7222392715E-13
    2.5073000488E+04    4.6243112702E-13
    2.5083000488E+04    2.9941440504E-13
    2.5093000488E+04    1.4382699176E-13
    2.5103000488E+04    1.6274355023E-13
    2.5113000488E+04    2.3958153258E-13
    2.5123000488E+04    9.3739149263E-14
    2.5133000488E+04    1.2402226275E-13
    2.5143000488E+04    1.2569835705E-13
    2.5153000488E+04    1.3107362376E-13
    2.5163000488E+04    1.1683968160E-13
    2.5173000488E+04    9.9088002582E-14
    2.5183000488E+04    6.6862374328E-14
    2.5193000488E+04    6.0295858160E-14
    2.5203000488E+04    7.5544973387E-14
    2.5213000488E+04    4.8207053016E-14
    2.5223000488E+04    3.3064660325E-14
    2.5233000488E+04    8.5536745747E-14
    2.5243000488E+04    3.1690270477E-14
    2.5253000488E+04    3.2425640992E-14
    2.5263000488E+04    5.6237822739E-14
    2.5273000488E+04    3.5900369003E-14
    2.5283000488E+04    3.4518840264E-14
    2.5293000488E+04    3.1615793618E-14
    2.5303000488E+04    4.7606857938E-14
    2.5313000488E+04    2.1153626364E-14
    2.5323000488E+04    4.3689077354E-14
    2.5333000488E+04    2.6482514921E-14
    2.5343000488E+04    2.1907784480E-14
    2.5353000488E+04    2.6054030945E-14
    2.5363000488E+04    1.9705040173E-14
    2.5373000488E+04    3.0049430476E-14
    2.5383000488E+04    1.7406470258E-14
    2.5393000488E+04    1.2920132564E-14
    2.5403000488E+04    1.2696642135E-14
    2.5413000488E+04    1.6474198426E-14
    2.5423000488E+04    2.8438382184E-15
    2.5433000488E+04    1.2257283639E-14
    2.5443000488E+04    1.1444046111E-14
    2.5453000488E+04    1.0642977481E-14
    2.5463000488E+04    5.2518347942E-15
    2.5473000488E+04    1.7742745100E-15
    2.5483000488E+04    7.4940344571E-15
    2.5493000488E+04    1.9893590508E-15
    2.5503000488E+04    4.6217112790E-15
    2.5513000488E+04    2.8653948563E-15
    2.5523000488E+04    2.9447644663E-15
    2.5533000488E+04    2.3674530264E-15
    2.5543000488E+04    5.9466738135E-15
    2.5553000488E+04    1.5887394034E-15
    2.5563000488E+04    1.8138710879E-15
    2.5573000488E+04    4.0932875299E-15
    2.5583000488E+04    1.0631870713E-15
    2.5593000488E+04    2.6211182048E-15
    2.5603000488E+04    2.0835085230E-15
    2.5613000488E+04    1.4797482460E-15
    2.5623000488E+04    1.8641601053E-15
    2.5633000488E+04    2.8396047245E-16
    2.5643000488E+04    1.5399315835E-15
    2.5653000488E+04    4.3057456512E-16
    2.5663000488E+04    8.7772175145E-16
    2.5673000488E+04    3.0545099281E-16
    2.5683000488E+04    1.1495050790E-15
    2.5693000488E+04    7.0600106963E-16
    2.5703000488E+04    5.2985705697E-16
    2.5713000488E+04    3.0664698168E-16
    2.5723000488E+04    3.2573184345E-16
    2.5733000488E+04    4.7674578237E-16
    2.5743000488E+04    3.4458488989E-16
    2.5753000488E+04    2.0768383645E-16
    2.5763000488E+04    2.4387756846E-16
    2.5773000488E+04    1.3185179060E-16
    2.5783000488E+04    3.3983603169E-16
    2.5793000488E+04    2.1164228840E-16
    2.5803000488E+04    5.0557649205E-16
    2.5813000488E+04    3.9603121999E-16
    2.5823000488E+04    8.5875661321E-17
    2.5833000488E+04    2.2111982648E-16
    2.5843000488E+04    1.4133272833E-16
    2.5853000488E+04    1.3246713762E-16
    2.5863000488E+04    2.0898955115E-16
    2.5873000488E+04    1.1203369273E-16
    2.5883000488E+04    8.8858516391E-17
    2.5893000488E+04    1.1054295883E-16
    2.5903000488E+04    8.1070715713E-17
    2.5913000488E+04    8.0967548989E-17
    2.5923000488E+04    3.7355735022E-17
    2.5933000488E+04    6.1350696720E-17
    2.5943000488E+04    3.9268670003E-17
    2.5953000488E+04    3.3927197980E-17
    2.5963000488E+04    2.4182562580E-17
    2.5973000488E+04    2.5348580584E-17
    2.5983000488E+04    1.5229969310E-17
