###   Wavelength (A)        Transmission
    2.0004663860E+04    5.2063743146E-12
    2.0020744780E+04    4.9096626412E-12
    2.0036825700E+04    4.9346275879E-12
    2.0052906620E+04    4.7992154150E-12
    2.0068987540E+04    4.4032702708E-12
    2.0085068460E+04    3.5496150479E-12
    2.0101149380E+04    2.9345881736E-12
    2.0117230300E+04    2.5111220519E-12
    2.0133311220E+04    2.1790334878E-12
    2.0149392140E+04    1.9110766979E-12
    2.0165473060E+04    1.7889575777E-12
    2.0181553980E+04    1.8382602158E-12
    2.0197634900E+04    1.9945262906E-12
    2.0213715820E+04    2.3170162172E-12
    2.0229796740E+04    2.4205563293E-12
    2.0245877660E+04    2.3099138978E-12
    2.0261958580E+04    2.1657604509E-12
    2.0278039490E+04    1.9942421158E-12
    2.0294120410E+04    1.9473610011E-12
    2.0310201330E+04    1.9687008985E-12
    2.0326282250E+04    2.0023415366E-12
    2.0342363170E+04    2.0933560381E-12
    2.0358444090E+04    1.9220292100E-12
    2.0374525010E+04    1.7254166599E-12
    2.0390605930E+04    1.7024005472E-12
    2.0406686850E+04    1.7613053589E-12
    2.0422767770E+04    1.8285367477E-12
    2.0438848690E+04    1.9148134194E-12
    2.0454929610E+04    1.9052503728E-12
    2.0471010530E+04    1.8571241601E-12
    2.0487091450E+04    1.7960632105E-12
    2.0503172370E+04    1.8010967350E-12
    2.0519253290E+04    1.9284019746E-12
    2.0535334210E+04    1.9734799316E-12
    2.0551415130E+04    1.9354351818E-12
    2.0567496050E+04    2.2756141556E-12
    2.0583576970E+04    2.5535738883E-12
    2.0599657880E+04    2.7812798898E-12
    2.0615738800E+04    2.9189417647E-12
    2.0631819720E+04    3.0555827142E-12
    2.0647900640E+04    3.1774283113E-12
    2.0663981560E+04    3.3240749823E-12
    2.0680062480E+04    3.6754584756E-12
    2.0696143400E+04    4.3027996026E-12
    2.0712224320E+04    5.4948485432E-12
    2.0728305240E+04    7.2728847015E-12
    2.0744386160E+04    9.9236987386E-12
    2.0760467080E+04    1.1230663353E-11
    2.0776548000E+04    1.3028525128E-11
    2.0792628920E+04    1.5052581204E-11
    2.0808709840E+04    1.6917553311E-11
    2.0824790760E+04    1.7184134682E-11
    2.0840871680E+04    2.0191051157E-11
    2.0856952600E+04    2.3232224104E-11
    2.0873033520E+04    2.6920661388E-11
    2.0889114440E+04    2.3811700538E-11
    2.0905195360E+04    2.1860394636E-11
    2.0921276270E+04    1.9034909998E-11
    2.0937357190E+04    2.0481437983E-11
    2.0953438110E+04    2.5353182812E-11
    2.0969519030E+04    3.1824011151E-11
    2.0985599950E+04    3.9889783017E-11
    2.1001680870E+04    5.4129633423E-11
    2.1017761790E+04    7.8804351673E-11
    2.1033842710E+04    1.0478958917E-10
    2.1049923630E+04    1.2101917988E-10
    2.1066004550E+04    1.2959946683E-10
    2.1082085470E+04    1.4177788753E-10
    2.1098166390E+04    1.5554495621E-10
    2.1114247310E+04    1.6703373320E-10
    2.1130328230E+04    1.7478208271E-10
    2.1146409150E+04    2.1253817433E-10
    2.1162490070E+04    2.4700846940E-10
    2.1178570990E+04    2.8497060962E-10
    2.1194651910E+04    2.9024563996E-10
    2.1210732830E+04    2.9799585400E-10
    2.1226813750E+04    2.5379840367E-10
    2.1242894660E+04    2.1297088532E-10
    2.1258975580E+04    1.9289336241E-10
    2.1275056500E+04    1.8317606650E-10
    2.1291137420E+04    1.8256585135E-10
    2.1307218340E+04    1.9055952211E-10
    2.1323299260E+04    2.0151762908E-10
    2.1339380180E+04    2.1345891004E-10
    2.1355461100E+04    2.2027720933E-10
    2.1371542020E+04    1.9189179554E-10
    2.1387622940E+04    1.6926081282E-10
    2.1403703860E+04    1.6784732052E-10
    2.1419784780E+04    1.7034901616E-10
    2.1435865700E+04    1.8463507239E-10
    2.1451946620E+04    2.0609663231E-10
    2.1468027540E+04    2.1652992105E-10
    2.1484108460E+04    2.1497613036E-10
    2.1500189380E+04    2.1038559234E-10
    2.1516270300E+04    2.0075347082E-10
    2.1532351220E+04    1.9427063153E-10
    2.1548432140E+04    1.9262332362E-10
    2.1564513050E+04    1.9196564531E-10
    2.1580593970E+04    2.2071506152E-10
    2.1596674890E+04    2.6238928502E-10
    2.1612755810E+04    2.8525664604E-10
    2.1628836730E+04    2.9408393531E-10
    2.1644917650E+04    2.8254138792E-10
    2.1660998570E+04    2.5191243613E-10
    2.1677079490E+04    2.2901229406E-10
    2.1693160410E+04    2.0978309152E-10
    2.1709241330E+04    2.0531712314E-10
    2.1725322250E+04    2.0877198200E-10
    2.1741403170E+04    2.2846938433E-10
    2.1757484090E+04    2.4710241504E-10
    2.1773565010E+04    2.4926972999E-10
    2.1789645930E+04    2.5930080935E-10
    2.1805726850E+04    2.7718780581E-10
    2.1821807770E+04    2.9967398204E-10
    2.1837888690E+04    3.4046783802E-10
    2.1853969610E+04    3.8919160179E-10
    2.1870050530E+04    3.7128300291E-10
    2.1886131450E+04    3.4217374262E-10
    2.1902212360E+04    3.3201160819E-10
    2.1918293280E+04    3.3711731112E-10
    2.1934374200E+04    3.5691147096E-10
    2.1950455120E+04    4.4567386988E-10
    2.1966536040E+04    5.6794328739E-10
    2.1982616960E+04    6.8454153502E-10
    2.1998697880E+04    8.2794543876E-10
    2.2014778800E+04    9.1600096984E-10
    2.2030859720E+04    9.4463516427E-10
    2.2046940640E+04    9.8743693517E-10
    2.2063021560E+04    1.0402592988E-09
    2.2079102480E+04    1.1069576222E-09
    2.2095183400E+04    1.2075051987E-09
    2.2111264320E+04    1.3579404995E-09
    2.2127345240E+04    1.5179426874E-09
    2.2143426160E+04    1.6873164499E-09
    2.2159507080E+04    1.9320981701E-09
    2.2175588000E+04    2.3719704042E-09
    2.2191668920E+04    2.9626669608E-09
    2.2207749840E+04    3.3153984561E-09
    2.2223830750E+04    3.6809156470E-09
    2.2239911670E+04    4.3178654902E-09
    2.2255992590E+04    5.3418215975E-09
    2.2272073510E+04    6.5009510271E-09
    2.2288154430E+04    7.0258825755E-09
    2.2304235350E+04    7.4514083118E-09
    2.2320316270E+04    7.3187014465E-09
    2.2336397190E+04    7.0343364791E-09
    2.2352478110E+04    7.1244588845E-09
    2.2368559030E+04    7.9868323245E-09
    2.2384639950E+04    9.2119803665E-09
    2.2400720870E+04    9.5017642621E-09
    2.2416801790E+04    9.8734944617E-09
    2.2432882710E+04    1.0150365785E-08
    2.2448963630E+04    1.0427451569E-08
    2.2465044550E+04    1.1022643446E-08
    2.2481125470E+04    1.2899368548E-08
    2.2497206390E+04    1.5211275818E-08
    2.2513287310E+04    1.7955238588E-08
    2.2529368230E+04    2.1147229620E-08
    2.2545449140E+04    2.3836174149E-08
    2.2561530060E+04    2.3428101934E-08
    2.2577610980E+04    2.3042267412E-08
    2.2593691900E+04    2.4321429412E-08
    2.2609772820E+04    2.7948546865E-08
    2.2625853740E+04    3.3954846794E-08
    2.2641934660E+04    4.2468762931E-08
    2.2658015580E+04    5.3080031259E-08
    2.2674096500E+04    6.3036161228E-08
    2.2690177420E+04    7.5784958975E-08
    2.2706258340E+04    8.8162629325E-08
    2.2722339260E+04    9.5102216702E-08
    2.2738420180E+04    1.0221109144E-07
    2.2754501100E+04    8.8134400434E-08
    2.2770582020E+04    7.5148610646E-08
    2.2786662940E+04    6.6308771645E-08
    2.2802743860E+04    6.1306407286E-08
    2.2818824780E+04    5.7366672884E-08
    2.2834905700E+04    5.0208323326E-08
    2.2850986620E+04    4.7949328214E-08
    2.2867067530E+04    4.6844607618E-08
    2.2883148450E+04    4.7219156601E-08
    2.2899229370E+04    5.3702237305E-08
    2.2915310290E+04    5.9656429673E-08
    2.2931391210E+04    6.7683006005E-08
    2.2947472130E+04    8.0291357801E-08
    2.2963553050E+04    1.0015290173E-07
    2.2979633970E+04    1.2819814753E-07
    2.2995714890E+04    1.5719956964E-07
    2.3011795810E+04    1.9825916967E-07
    2.3027876730E+04    2.2767348135E-07
    2.3043957650E+04    2.2879861175E-07
    2.3060038570E+04    2.3717879473E-07
    2.3076119490E+04    2.6552983832E-07
    2.3092200410E+04    3.0678655711E-07
    2.3108281330E+04    3.7977796512E-07
    2.3124362250E+04    5.0818840127E-07
    2.3140443170E+04    6.9170075324E-07
    2.3156524090E+04    9.4647196615E-07
    2.3172605010E+04    1.3004417941E-06
    2.3188685920E+04    1.7629510584E-06
    2.3204766840E+04    2.0839808157E-06
    2.3220847760E+04    2.4500713064E-06
    2.3236928680E+04    2.7499175848E-06
    2.3253009600E+04    2.9507963879E-06
    2.3269090520E+04    3.1375464014E-06
    2.3285171440E+04    3.4604025683E-06
    2.3301252360E+04    3.8197550227E-06
    2.3317333280E+04    4.0035437024E-06
    2.3333414200E+04    4.0001642465E-06
    2.3349495120E+04    4.1803630652E-06
    2.3365576040E+04    4.3131084490E-06
    2.3381656960E+04    4.4185841176E-06
    2.3397737880E+04    4.4352714540E-06
    2.3413818800E+04    4.1099972468E-06
    2.3429899720E+04    3.7891146804E-06
    2.3445980640E+04    3.5446641598E-06
    2.3462061560E+04    3.3851903387E-06
    2.3478142480E+04    3.2424803407E-06
    2.3494223400E+04    3.1650586140E-06
    2.3510304310E+04    3.1093483912E-06
    2.3526385230E+04    3.0548999122E-06
    2.3542466150E+04    2.9677909250E-06
    2.3558547070E+04    2.8954258463E-06
    2.3574627990E+04    2.6797468283E-06
    2.3590708910E+04    2.3620405303E-06
    2.3606789830E+04    2.0954493064E-06
    2.3622870750E+04    1.8158684659E-06
    2.3638951670E+04    1.6108828728E-06
    2.3655032590E+04    1.4811232332E-06
    2.3671113510E+04    1.8326156668E-06
    2.3687194430E+04    2.5195308793E-06
    2.3703275350E+04    2.9568556186E-06
    2.3719356270E+04    2.9169883931E-06
    2.3735437190E+04    2.8645108412E-06
    2.3751518110E+04    2.4483162630E-06
    2.3767599030E+04    2.0196503936E-06
    2.3783679950E+04    1.6481864366E-06
    2.3799760870E+04    1.1965466142E-06
    2.3815841790E+04    8.7031401711E-07
    2.3831922710E+04    6.8972527530E-07
    2.3848003620E+04    6.4388191517E-07
    2.3864084540E+04    6.6447377548E-07
    2.3880165460E+04    3.7227953636E-07
    2.3896246380E+04    3.9232748167E-07
    2.3912327300E+04    6.1009273625E-07
    2.3928408220E+04    6.5862632917E-07
    2.3944489140E+04    6.8079881343E-07
    2.3960570060E+04    7.2871636637E-07
    2.3976650980E+04    9.4725588170E-07
    2.3992731900E+04    1.2311734953E-06
    2.4008812820E+04    1.5106168348E-06
    2.4024893740E+04    1.6957615669E-06
    2.4040974660E+04    1.9033530827E-06
    2.4057055580E+04    1.9243512259E-06
    2.4073136500E+04    1.8267434616E-06
    2.4089217420E+04    1.7342170676E-06
    2.4105298340E+04    1.4084840154E-06
    2.4121379260E+04    1.1813233066E-06
    2.4137460180E+04    1.5488438435E-06
    2.4153541100E+04    1.8430870677E-06
    2.4169622010E+04    2.2117077061E-06
    2.4185702930E+04    1.9351087025E-06
    2.4201783850E+04    1.4359796500E-06
    2.4217864770E+04    1.6164865938E-06
    2.4233945690E+04    1.6232263553E-06
    2.4250026610E+04    1.3447417015E-06
    2.4266107530E+04    1.1144075867E-06
    2.4282188450E+04    9.5614884780E-07
    2.4298269370E+04    8.3791488136E-07
    2.4314350290E+04    7.3458404099E-07
    2.4330431210E+04    7.4228165244E-07
    2.4346512130E+04    7.7887311679E-07
    2.4362593050E+04    8.1722435290E-07
    2.4378673970E+04    5.6650035285E-07
    2.4394754890E+04    3.8427376046E-07
    2.4410835810E+04    2.2911728590E-07
    2.4426916730E+04    4.0658153582E-08
    2.4442997650E+04    9.3864560892E-09
    2.4459078570E+04    5.6134007013E-09
    2.4475159490E+04    2.0551755098E-08
    2.4491240400E+04    1.2559247528E-07
    2.4507321320E+04    4.6211281774E-07
    2.4523402240E+04    5.5523241290E-07
    2.4539483160E+04    6.6708309879E-07
    2.4555564080E+04    2.7304233910E-07
    2.4571645000E+04    3.5459889258E-08
    2.4587725920E+04    7.0226494927E-09
    2.4603806840E+04    4.7115707758E-09
    2.4619887760E+04    4.7085143209E-09
    2.4635968680E+04    4.7054565144E-09
    2.4652049600E+04    4.7023973529E-09
    2.4668130520E+04    4.6993368332E-09
    2.4684211440E+04    4.6973183313E-09
    2.4700292360E+04    4.6957761109E-09
    2.4716373280E+04    4.6958878036E-09
    2.4732454200E+04    4.6974052083E-09
    2.4748535120E+04    4.7013257771E-09
    2.4764616040E+04    4.7005343469E-09
    2.4780696960E+04    4.6997415476E-09
    2.4796777880E+04    4.7014335915E-09
    2.4812858790E+04    4.6988816926E-09
    2.4828939710E+04    4.6964499227E-09
    2.4845020630E+04    4.6966243416E-09
    2.4861101550E+04    4.6968085868E-09
    2.4877182470E+04    4.6982308481E-09
    2.4893263390E+04    4.6971655217E-09
    2.4909344310E+04    4.6981768751E-09
    2.4925425230E+04    4.6988922130E-09
    2.4941506150E+04    4.6996076442E-09
    2.4957587070E+04    4.7003231661E-09
    2.4973667990E+04    4.7010387758E-09
    2.4989748910E+04    4.7017544705E-09
    2.4997781620E+04    4.7021120039E-09
    2.5011293930E+04    4.7026517343E-09
    2.5024806240E+04    4.7031793638E-09
    2.5038318560E+04    4.7037070166E-09
    2.5051830870E+04    4.7042346900E-09
    2.5065343190E+04    4.7047623834E-09
    2.5078855500E+04    4.7052900942E-09
    2.5092367820E+04    4.7058178216E-09
    2.5105880130E+04    1.2314914621E-07
    2.5119392440E+04    4.0246463299E-07
    2.5132904760E+04    9.1998662045E-07
    2.5146417070E+04    4.7955714572E-08
    2.5159929390E+04    4.7094911150E-09
    2.5173441700E+04    4.7102523461E-09
    2.5186954020E+04    6.8464342274E-09
    2.5200466330E+04    1.2014028629E-07
    2.5213978650E+04    4.7126122668E-09
    2.5227490960E+04    4.7134470599E-09
    2.5241003270E+04    4.7142819473E-09
    2.5254515590E+04    4.7151169280E-09
    2.5268027900E+04    4.7159519992E-09
    2.5281540220E+04    3.8397844917E-08
    2.5295052530E+04    8.7004251750E-09
    2.5308564850E+04    4.7187906544E-09
    2.5322077160E+04    4.7201514057E-09
    2.5335589480E+04    2.8880583712E-08
    2.5349101790E+04    4.2719439390E-08
    2.5362614100E+04    1.3744936300E-08
    2.5376126420E+04    4.7255968727E-09
    2.5389638730E+04    4.7269588458E-09
    2.5403151050E+04    4.7282338744E-09
    2.5416663360E+04    1.3705560981E-08
    2.5430175680E+04    3.7664300002E-06
    2.5443687990E+04    3.2493103969E-06
    2.5457200300E+04    1.1820948714E-06
    2.5470712620E+04    1.2967138593E-06
    2.5484224930E+04    3.8648533528E-06
    2.5497737250E+04    2.3852790827E-06
    2.5511249560E+04    3.4452335865E-06
    2.5524761880E+04    2.7385989078E-06
    2.5538274190E+04    2.3935958107E-06
    2.5551786510E+04    7.8381425589E-06
    2.5565298820E+04    6.5371523468E-06
    2.5578811130E+04    5.6217229410E-06
    2.5592323450E+04    4.1211403929E-06
    2.5605835760E+04    8.6629177442E-06
    2.5619348080E+04    8.4484019727E-06
    2.5632860390E+04    1.3437605057E-05
    2.5646372710E+04    1.4455975509E-05
    2.5659885020E+04    1.0997938264E-05
    2.5673397330E+04    1.3992198881E-05
    2.5686909650E+04    1.5225123447E-05
    2.5700421960E+04    1.2778355911E-05
    2.5713934280E+04    1.0372255993E-05
    2.5727446590E+04    1.0139505449E-05
    2.5740958910E+04    7.3045230018E-06
    2.5754471220E+04    4.3190214749E-06
    2.5767983540E+04    5.0241094122E-06
    2.5781495850E+04    7.3041825128E-06
    2.5795008160E+04    8.9554276561E-06
    2.5808520480E+04    6.6848823851E-06
    2.5822032790E+04    7.4304203959E-06
    2.5835545110E+04    3.9519655773E-06
    2.5849057420E+04    3.6389799823E-06
    2.5862569740E+04    9.6164234743E-06
    2.5876082050E+04    1.0826526097E-05
    2.5889594370E+04    8.6603778075E-06
    2.5903106680E+04    1.0813122780E-05
    2.5916618990E+04    1.1792325669E-05
    2.5930131310E+04    1.5297230845E-05
    2.5943643620E+04    9.5535235129E-06
    2.5957155940E+04    9.5853662007E-06
    2.5970668250E+04    7.9571049397E-06
    2.5984180570E+04    1.0712834217E-05
    2.5997692880E+04    8.0981372613E-06
    2.6011205190E+04    8.8958684029E-06
    2.6024717510E+04    9.2613574562E-06
    2.6038229820E+04    7.9395204626E-06
    2.6051742140E+04    4.5574505237E-06
    2.6065254450E+04    7.4217768748E-06
    2.6078766770E+04    1.0578000057E-05
    2.6092279080E+04    1.0137603231E-05
    2.6105791400E+04    1.1043019524E-05
    2.6119303710E+04    9.8784506593E-06
    2.6132816020E+04    9.5023249955E-06
    2.6146328340E+04    7.9073796969E-06
    2.6159840650E+04    8.1917978618E-06
    2.6173352970E+04    6.0750116872E-06
    2.6186865280E+04    5.4019950835E-06
    2.6200377600E+04    7.1221033967E-06
    2.6213889910E+04    6.4315064412E-06
    2.6227402220E+04    5.8149650858E-06
    2.6240914540E+04    2.2722428644E-06
    2.6254426850E+04    5.5018712356E-06
    2.6267939170E+04    6.2560102469E-08
    2.6281451480E+04    3.0264530971E-06
    2.6294963800E+04    3.0289962149E-06
    2.6308476110E+04    1.5875835660E-08
    2.6321988430E+04    8.4584154423E-07
    2.6335500740E+04    4.3117411762E-07
    2.6349013050E+04    6.9142347762E-07
    2.6362525370E+04    1.1867030547E-08
    2.6376037680E+04    4.7533358932E-09
    2.6389550000E+04    2.8706407502E-07
    2.6403062310E+04    1.8558900100E-06
    2.6416574630E+04    3.0037659499E-06
    2.6430086940E+04    3.0346635937E-06
    2.6443599250E+04    4.1942103710E-06
    2.6457111570E+04    3.2792273760E-06
    2.6470623880E+04    1.9707806176E-06
    2.6484136200E+04    4.5304634387E-06
    2.6497648510E+04    1.6887084830E-06
    2.6511160830E+04    2.3547285443E-06
    2.6524673140E+04    5.6990597161E-06
    2.6538185460E+04    7.0781952211E-06
    2.6551697770E+04    1.9789852628E-06
    2.6565210080E+04    4.1644342018E-06
    2.6578722400E+04    1.1964581524E-05
    2.6592234710E+04    1.5179554551E-05
    2.6605747030E+04    1.3541700558E-05
    2.6619259340E+04    1.5399322512E-05
    2.6632771660E+04    2.2081226827E-05
    2.6646283970E+04    2.0962214697E-05
    2.6659796290E+04    2.5556366358E-05
    2.6673308600E+04    2.6990972547E-05
    2.6686820910E+04    2.5889114980E-05
    2.6700333230E+04    3.1963583709E-05
    2.6713845540E+04    3.2281855770E-05
    2.6727357860E+04    3.2086688610E-05
    2.6740870170E+04    3.5949015722E-05
    2.6754382490E+04    4.1199008613E-05
    2.6767894800E+04    4.1357675315E-05
    2.6781407110E+04    4.7941298303E-05
    2.6794919430E+04    5.0668024677E-05
    2.6808431740E+04    4.6270556086E-05
    2.6821944060E+04    5.1470696648E-05
    2.6835456370E+04    5.7814624051E-05
    2.6848968690E+04    6.6962828932E-05
    2.6862481000E+04    6.6562436562E-05
    2.6875993320E+04    7.2673848601E-05
    2.6889505630E+04    7.6301112270E-05
    2.6903017940E+04    8.1230940812E-05
    2.6916530260E+04    8.5079095892E-05
    2.6930042570E+04    9.3923466116E-05
    2.6943554890E+04    9.8824820674E-05
    2.6957067200E+04    1.0278146283E-04
    2.6970579520E+04    1.0399619256E-04
    2.6984091830E+04    1.0768095900E-04
    2.6997604140E+04    1.1555957639E-04
    2.7011116460E+04    1.2592055069E-04
    2.7024628770E+04    1.3047690374E-04
    2.7038141090E+04    1.3295196318E-04
    2.7051653400E+04    1.4498903393E-04
    2.7065165720E+04    1.4923754439E-04
    2.7078678030E+04    1.5311371797E-04
    2.7092190350E+04    1.6147946825E-04
    2.7105702660E+04    1.6641045952E-04
    2.7119214970E+04    1.7671928385E-04
    2.7132727290E+04    1.8781550559E-04
    2.7146239600E+04    1.9488199965E-04
    2.7159751920E+04    1.9939393106E-04
    2.7173264230E+04    2.1147258126E-04
    2.7186776550E+04    2.2303118975E-04
    2.7200288860E+04    2.3367359799E-04
    2.7213801170E+04    2.4845865292E-04
    2.7227313490E+04    2.6261866852E-04
    2.7240825800E+04    2.7579569545E-04
    2.7254338120E+04    2.8999740109E-04
    2.7267850430E+04    3.0829546897E-04
    2.7281362750E+04    3.2548293793E-04
    2.7294875060E+04    3.4699321689E-04
    2.7308387380E+04    3.7126665681E-04
    2.7321899690E+04    4.0100367579E-04
    2.7335412000E+04    4.2730150242E-04
    2.7348924320E+04    4.5542253013E-04
    2.7362436630E+04    4.9481217090E-04
    2.7375948950E+04    5.2703461506E-04
    2.7389461260E+04    5.6881476035E-04
    2.7402973580E+04    6.2029457459E-04
    2.7416485890E+04    6.7431556728E-04
    2.7429998210E+04    7.3488706290E-04
    2.7443510520E+04    7.9700737244E-04
    2.7457022830E+04    8.6913367942E-04
    2.7470535150E+04    9.5014348585E-04
    2.7484047460E+04    1.0386859904E-03
    2.7497559780E+04    1.1311520365E-03
    2.7511072090E+04    1.2355975513E-03
    2.7524584410E+04    1.3473163105E-03
    2.7538096720E+04    1.4636896087E-03
    2.7551609030E+04    1.5995194496E-03
    2.7565121350E+04    1.7421120479E-03
    2.7578633660E+04    1.8978711504E-03
    2.7592145980E+04    2.0647805440E-03
    2.7605658290E+04    2.2445590844E-03
    2.7619170610E+04    2.4369939393E-03
    2.7632682920E+04    2.6497385060E-03
    2.7646195240E+04    2.8757445552E-03
    2.7659707550E+04    3.1193843558E-03
    2.7673219860E+04    3.3757459730E-03
    2.7686732180E+04    3.6529827924E-03
    2.7700244490E+04    3.9451833551E-03
    2.7713756810E+04    4.2569324743E-03
    2.7727269120E+04    4.5904929300E-03
    2.7740781440E+04    4.9389006472E-03
    2.7754293750E+04    5.3096517686E-03
    2.7767806060E+04    5.7171431054E-03
    2.7781318380E+04    6.1521365522E-03
    2.7794830690E+04    6.6205575423E-03
    2.7808343010E+04    7.1143232346E-03
    2.7821855320E+04    7.6505541203E-03
    2.7835367640E+04    8.2296267500E-03
    2.7848879950E+04    8.8616064294E-03
    2.7862392270E+04    9.5364433803E-03
    2.7875904580E+04    1.0290414850E-02
    2.7889416890E+04    1.1112773694E-02
    2.7902929210E+04    1.2010886620E-02
    2.7916441520E+04    1.2998125897E-02
    2.7929953840E+04    1.4096233992E-02
    2.7943466150E+04    1.5309002250E-02
    2.7956978470E+04    1.6647208808E-02
    2.7970490780E+04    1.8141892283E-02
    2.7984003090E+04    1.9824143815E-02
    2.7997515410E+04    2.1696450715E-02
    2.8011027720E+04    2.3780855753E-02
    2.8024540040E+04    2.6119035582E-02
    2.8038052350E+04    2.8740637883E-02
    2.8051564670E+04    3.1643719245E-02
    2.8065076980E+04    3.4945734267E-02
    2.8078589300E+04    3.8663927196E-02
    2.8092101610E+04    4.2834057813E-02
    2.8105613920E+04    4.7483763949E-02
    2.8119126240E+04    5.2747745653E-02
    2.8132638550E+04    5.8649961159E-02
    2.8146150870E+04    6.5220737248E-02
    2.8159663180E+04    7.2574834929E-02
    2.8173175500E+04    8.0782114500E-02
    2.8186687810E+04    8.9958256598E-02
    2.8200200130E+04    9.9933248986E-02
    2.8213712440E+04    1.1092537260E-01
    2.8227224750E+04    1.2289040959E-01
    2.8240737070E+04    1.3580886467E-01
    2.8254249380E+04    1.4965160533E-01
    2.8267761700E+04    1.6431372862E-01
    2.8281274010E+04    1.7967311372E-01
    2.8294786330E+04    1.9558673102E-01
    2.8308298640E+04    2.1185880985E-01
    2.8321810950E+04    2.2823359657E-01
    2.8335323270E+04    2.4451666194E-01
    2.8348835580E+04    2.6051096568E-01
    2.8362347900E+04    2.7595886299E-01
    2.8375860210E+04    2.9045030571E-01
    2.8389372530E+04    3.0435278984E-01
    2.8402884840E+04    3.1743566654E-01
    2.8416397160E+04    3.2971214018E-01
    2.8429909470E+04    3.4062443032E-01
    2.8443421780E+04    3.5052824359E-01
    2.8456934100E+04    3.5946653399E-01
    2.8470446410E+04    3.6745177063E-01
    2.8483958730E+04    3.7448641919E-01
    2.8497471040E+04    3.8073026764E-01
    2.8510983360E+04    3.8599994335E-01
    2.8524495670E+04    3.9052583285E-01
    2.8538007980E+04    3.9441942875E-01
    2.8551520300E+04    3.9774922057E-01
    2.8565032610E+04    4.0058530120E-01
    2.8578544930E+04    4.0291640569E-01
    2.8592057240E+04    4.0485956674E-01
    2.8605569560E+04    4.0623518310E-01
    2.8619081870E+04    4.0739436017E-01
    2.8632594190E+04    4.0847395836E-01
    2.8646106500E+04    4.0957649504E-01
    2.8659618810E+04    4.1035559512E-01
    2.8673131130E+04    4.1074849893E-01
    2.8686643440E+04    4.1099278422E-01
    2.8700155760E+04    4.1110579812E-01
    2.8713668070E+04    4.1113832582E-01
    2.8727180390E+04    4.1108546178E-01
    2.8740692700E+04    4.1095205297E-01
    2.8754205010E+04    4.1076709636E-01
    2.8767717330E+04    4.1055621369E-01
    2.8781229640E+04    4.1032147580E-01
    2.8794741960E+04    4.1008800992E-01
    2.8808254270E+04    4.0984268769E-01
    2.8821766590E+04    4.0961207732E-01
    2.8835278900E+04    4.0939491192E-01
    2.8848791220E+04    4.0919549513E-01
    2.8862303530E+04    4.0855011295E-01
    2.8875815840E+04    4.0841520859E-01
    2.8889328160E+04    4.0831367695E-01
    2.8902840470E+04    4.0825444677E-01
    2.8916352790E+04    4.0831421924E-01
    2.8929865100E+04    4.0885715810E-01
    2.8943377420E+04    4.0896589992E-01
    2.8956889730E+04    4.0909175586E-01
    2.8970402050E+04    4.0921898964E-01
    2.8983914360E+04    4.0934418586E-01
    2.8997426670E+04    4.0945889128E-01
    2.9010938990E+04    4.0948552724E-01
    2.9024451300E+04    4.0948934598E-01
    2.9037963620E+04    4.0947139847E-01
    2.9051475930E+04    4.0944454901E-01
    2.9064988250E+04    4.0938929086E-01
    2.9078500560E+04    4.0929981667E-01
    2.9092012870E+04    4.0918385776E-01
    2.9105525190E+04    4.0880960323E-01
    2.9119037500E+04    4.0852061216E-01
    2.9132549820E+04    4.0840438381E-01
    2.9146062130E+04    4.0827195487E-01
    2.9159574450E+04    4.0812339791E-01
    2.9173086760E+04    4.0793971113E-01
    2.9186599080E+04    4.0774808720E-01
    2.9200111390E+04    4.0754061979E-01
    2.9213623700E+04    4.0715585481E-01
    2.9227136020E+04    4.0674826215E-01
    2.9240648330E+04    4.0631959573E-01
    2.9254160650E+04    4.0587687716E-01
    2.9267672960E+04    4.0577062764E-01
    2.9281185280E+04    4.0541545779E-01
    2.9294697590E+04    4.0494348673E-01
    2.9308209900E+04    4.0439845235E-01
    2.9321722220E+04    4.0378277567E-01
    2.9335234530E+04    4.0316049936E-01
    2.9348746850E+04    4.0252479399E-01
    2.9362259160E+04    4.0188441554E-01
    2.9375771480E+04    4.0096060390E-01
    2.9389283790E+04    4.0010108658E-01
    2.9402796110E+04    3.9946060303E-01
    2.9416308420E+04    3.9885087469E-01
    2.9429820730E+04    3.9824152917E-01
    2.9443333050E+04    3.9810388621E-01
    2.9456845360E+04    3.9748075239E-01
    2.9470357680E+04    3.9686626742E-01
    2.9483869990E+04    3.9624723910E-01
    2.9497382310E+04    3.9562615315E-01
    2.9510894620E+04    3.9528473875E-01
    2.9524406940E+04    3.9451315372E-01
    2.9537919250E+04    3.9375082551E-01
    2.9551431560E+04    3.9300772323E-01
    2.9564943880E+04    3.9227639395E-01
    2.9578456190E+04    3.9156904946E-01
    2.9591968510E+04    3.9088541071E-01
    2.9605480820E+04    3.9022351908E-01
    2.9618993140E+04    3.8959095328E-01
    2.9632505450E+04    3.8899156345E-01
    2.9646017760E+04    3.8842642969E-01
    2.9659530080E+04    3.8789680696E-01
    2.9673042390E+04    3.8742071111E-01
    2.9686554710E+04    3.8696673325E-01
    2.9700067020E+04    3.8655280992E-01
    2.9713579340E+04    3.8620788821E-01
    2.9727091650E+04    3.8590381035E-01
    2.9740603970E+04    3.8564950370E-01
    2.9754116280E+04    3.8579860959E-01
    2.9767628590E+04    3.8614232071E-01
    2.9781140910E+04    3.8597288424E-01
    2.9794653220E+04    3.8583680189E-01
    2.9808165540E+04    3.8558535632E-01
    2.9821677850E+04    3.8527031838E-01
    2.9835190170E+04    3.8497361742E-01
    2.9848702480E+04    3.8469066427E-01
    2.9862214790E+04    3.8440867425E-01
    2.9875727110E+04    3.8412494845E-01
    2.9889239420E+04    3.8421750529E-01
    2.9902751740E+04    3.8399975494E-01
    2.9916264050E+04    3.8388146073E-01
    2.9929776370E+04    3.8374360580E-01
    2.9943288680E+04    3.8358756364E-01
    2.9956801000E+04    3.8339941308E-01
    2.9970313310E+04    3.8320317711E-01
    2.9983825620E+04    3.8297590138E-01
    2.9997337940E+04    3.8272381054E-01
    3.0010850250E+04    3.8224913158E-01
    3.0024362570E+04    3.8202735758E-01
    3.0037874880E+04    3.8142051060E-01
    3.0051387200E+04    3.8077594928E-01
    3.0064899510E+04    3.8032856083E-01
    3.0078411820E+04    3.7985660762E-01
    3.0091924140E+04    3.7912708969E-01
    3.0105436450E+04    3.7849027695E-01
    3.0118948770E+04    3.7802679898E-01
    3.0132461080E+04    3.7753858759E-01
    3.0145973400E+04    3.7703329023E-01
    3.0159485710E+04    3.7651521866E-01
    3.0172998030E+04    3.7599415870E-01
    3.0186510340E+04    3.7545868122E-01
    3.0200022650E+04    3.7491055948E-01
    3.0213534970E+04    3.7416813475E-01
    3.0227047280E+04    3.7342720851E-01
    3.0240559600E+04    3.7267911758E-01
    3.0254071910E+04    3.7192423593E-01
    3.0267584230E+04    3.7116066345E-01
    3.0281096540E+04    3.7038680418E-01
    3.0294608860E+04    3.6961666650E-01
    3.0308121170E+04    3.6906100077E-01
    3.0321633480E+04    3.6864853829E-01
    3.0335145800E+04    3.6822312103E-01
    3.0348658110E+04    3.6778771781E-01
    3.0362170430E+04    3.6743268218E-01
    3.0375682740E+04    3.6731699775E-01
    3.0389195060E+04    3.6683705630E-01
    3.0402707370E+04    3.6639554702E-01
    3.0416219680E+04    3.6613163179E-01
    3.0429732000E+04    3.6585493042E-01
    3.0443244310E+04    3.6555902185E-01
    3.0456756630E+04    3.6524509993E-01
    3.0470268940E+04    3.6491039636E-01
    3.0483781260E+04    3.6470618704E-01
    3.0497293570E+04    3.6458415983E-01
    3.0510805890E+04    3.6409369367E-01
    3.0524318200E+04    3.6356368084E-01
    3.0537830510E+04    3.6303351951E-01
    3.0551342830E+04    3.6249776209E-01
    3.0564855140E+04    3.6195104372E-01
    3.0578367460E+04    3.6141234266E-01
    3.0591879770E+04    3.6087785054E-01
    3.0605392090E+04    3.6052719257E-01
    3.0618904400E+04    3.6043702131E-01
    3.0632416710E+04    3.6037146029E-01
    3.0645929030E+04    3.6032812771E-01
    3.0659441340E+04    3.6071775110E-01
    3.0672953660E+04    3.6074195140E-01
    3.0686465970E+04    3.6103105420E-01
    3.0699978290E+04    3.6123275019E-01
    3.0713490600E+04    3.6107723463E-01
    3.0727002920E+04    3.6094127211E-01
    3.0740515230E+04    3.6083567594E-01
    3.0754027540E+04    3.6076199520E-01
    3.0767539860E+04    3.6071863450E-01
    3.0781052170E+04    3.6070098337E-01
    3.0794564490E+04    3.6071483465E-01
    3.0808076800E+04    3.6096895289E-01
    3.0821589120E+04    3.6138028996E-01
    3.0835101430E+04    3.6179758362E-01
    3.0848613740E+04    3.6223710683E-01
    3.0862126060E+04    3.6268150618E-01
    3.0875638370E+04    3.6312010143E-01
    3.0889150690E+04    3.6355240524E-01
    3.0902663000E+04    3.6400079423E-01
    3.0916175320E+04    3.6453186177E-01
    3.0929687630E+04    3.6504526694E-01
    3.0943199950E+04    3.6598407304E-01
    3.0956712260E+04    3.6646661995E-01
    3.0970224570E+04    3.6692750181E-01
    3.0983736890E+04    3.6736239623E-01
    3.0997249200E+04    3.6778279066E-01
    3.1010761520E+04    3.6803254645E-01
    3.1024273830E+04    3.6823214254E-01
    3.1037786150E+04    3.6842673806E-01
    3.1051298460E+04    3.6861973981E-01
    3.1064810780E+04    3.6881522365E-01
    3.1078323090E+04    3.6902162552E-01
    3.1091835400E+04    3.6922470883E-01
    3.1105347720E+04    3.6948425129E-01
    3.1118860030E+04    3.6983308616E-01
    3.1132372350E+04    3.7019169010E-01
    3.1145884660E+04    3.7054985902E-01
    3.1159396980E+04    3.7090144329E-01
    3.1172909290E+04    3.7123911902E-01
    3.1186421600E+04    3.7152690765E-01
    3.1199933920E+04    3.7172782440E-01
    3.1213446230E+04    3.7257147038E-01
    3.1226958550E+04    3.7279575656E-01
    3.1240470860E+04    3.7283268096E-01
    3.1253983180E+04    3.7257341356E-01
    3.1267495490E+04    3.7197556032E-01
    3.1281007810E+04    3.7092887739E-01
    3.1294520120E+04    3.6934262947E-01
    3.1308032430E+04    3.6709979296E-01
    3.1321544750E+04    3.6400506510E-01
    3.1335057060E+04    3.6017158261E-01
    3.1348569380E+04    3.5537983221E-01
    3.1362081690E+04    3.4966288313E-01
    3.1375594010E+04    3.4293429164E-01
    3.1389106320E+04    3.3511673806E-01
    3.1402618630E+04    3.2636418360E-01
    3.1416130950E+04    3.1652666817E-01
    3.1429643260E+04    3.0583370435E-01
    3.1443155580E+04    2.9421024239E-01
    3.1456667890E+04    2.8185180885E-01
    3.1470180210E+04    2.6890521955E-01
    3.1483692520E+04    2.5571421910E-01
    3.1497204840E+04    2.4200075790E-01
    3.1510717150E+04    2.2806640744E-01
    3.1524229460E+04    2.1421525565E-01
    3.1537741780E+04    2.0055542020E-01
    3.1551254090E+04    1.8719521497E-01
    3.1564766410E+04    1.7431024976E-01
    3.1578278720E+04    1.6191192830E-01
    3.1591791040E+04    1.5013433951E-01
    3.1605303350E+04    1.3899071460E-01
    3.1618815660E+04    1.2850995493E-01
    3.1632327980E+04    1.1873193334E-01
    3.1645840290E+04    1.0963152300E-01
    3.1659352610E+04    1.0120963733E-01
    3.1672864920E+04    9.3437234701E-02
    3.1686377240E+04    8.6282022878E-02
    3.1699889550E+04    7.9701210888E-02
    3.1713401870E+04    7.3717290814E-02
    3.1726914180E+04    6.8288634606E-02
    3.1740426490E+04    6.3290655437E-02
    3.1753938810E+04    5.8698568676E-02
    3.1767451120E+04    5.4496436687E-02
    3.1780963440E+04    5.0659727394E-02
    3.1794475750E+04    4.7146116976E-02
    3.1807988070E+04    4.3919886578E-02
    3.1821500380E+04    4.0966319665E-02
    3.1835012700E+04    3.8262402108E-02
    3.1848525010E+04    3.5786240629E-02
    3.1862037320E+04    3.3514224116E-02
    3.1875549640E+04    3.1429335127E-02
    3.1889061950E+04    2.9516410953E-02
    3.1902574270E+04    2.7751956978E-02
    3.1916086580E+04    2.6130626271E-02
    3.1929598900E+04    2.4639967621E-02
    3.1943111210E+04    2.3259544124E-02
    3.1956623520E+04    2.1986310715E-02
    3.1970135840E+04    2.0810306003E-02
    3.1983648150E+04    1.9738280111E-02
    3.1997160470E+04    1.8719728619E-02
    3.2010672780E+04    1.7771431609E-02
    3.2024185100E+04    1.6889092170E-02
    3.2037697410E+04    1.6070936307E-02
    3.2051209730E+04    1.5307068491E-02
    3.2064722040E+04    1.4588448206E-02
    3.2078234350E+04    1.3912727353E-02
    3.2091746670E+04    1.3279099670E-02
    3.2105258980E+04    1.2688494922E-02
    3.2118771300E+04    1.2130594767E-02
    3.2132283610E+04    1.1586423641E-02
    3.2145795930E+04    1.1091037559E-02
    3.2159308240E+04    1.0624027924E-02
    3.2172820550E+04    1.0178088865E-02
    3.2186332870E+04    9.7513536941E-03
    3.2199845180E+04    9.3434453062E-03
    3.2213357500E+04    8.9563198054E-03
    3.2226869810E+04    8.5859593158E-03
    3.2240382130E+04    8.2257477084E-03
    3.2253894440E+04    7.8853221263E-03
    3.2267406760E+04    7.5636799392E-03
    3.2280919070E+04    7.2554255185E-03
    3.2294431380E+04    6.9597483413E-03
    3.2307943700E+04    6.6685639186E-03
    3.2321456010E+04    6.3842731978E-03
    3.2334968330E+04    6.1099345017E-03
    3.2348480640E+04    5.8423269699E-03
    3.2361992960E+04    5.5820683426E-03
    3.2375505270E+04    5.3283880985E-03
    3.2389017590E+04    5.0831397408E-03
    3.2402529900E+04    4.8480717066E-03
    3.2416042210E+04    4.6202387657E-03
    3.2429554530E+04    4.3994480380E-03
    3.2443066840E+04    4.1844878300E-03
    3.2456579160E+04    3.9768309602E-03
    3.2470091470E+04    3.7763780106E-03
    3.2483603790E+04    3.5807144482E-03
    3.2497116100E+04    3.3870265736E-03
    3.2510628410E+04    3.2002040382E-03
    3.2524140730E+04    3.0225704609E-03
    3.2537653040E+04    2.8540008491E-03
    3.2551165360E+04    2.6940599844E-03
    3.2564677670E+04    2.5386595985E-03
    3.2578189990E+04    2.3858924682E-03
    3.2591702300E+04    2.2389989192E-03
    3.2605214620E+04    2.0988503272E-03
    3.2618726930E+04    1.9676169266E-03
    3.2632239240E+04    1.8451287526E-03
    3.2645751560E+04    1.7255968156E-03
    3.2659263870E+04    1.6081735469E-03
    3.2672776190E+04    1.5006062040E-03
    3.2686288500E+04    1.4009568777E-03
    3.2699800820E+04    1.3048058994E-03
    3.2713313130E+04    1.2142584112E-03
    3.2726825440E+04    1.1299376021E-03
    3.2740337760E+04    1.0489044352E-03
    3.2753850070E+04    9.7132363811E-04
    3.2767362390E+04    9.0203234514E-04
    3.2780874700E+04    8.3592717269E-04
    3.2794387020E+04    7.7176720439E-04
    3.2807899330E+04    7.1419789441E-04
    3.2821411650E+04    6.6097130849E-04
    3.2834923960E+04    6.0966364245E-04
    3.2848436270E+04    5.6146681378E-04
    3.2861948590E+04    5.1920752004E-04
    3.2875460900E+04    4.8087834806E-04
    3.2888973220E+04    4.4172718564E-04
    3.2902485530E+04    4.0490177409E-04
    3.2915997850E+04    3.6919582246E-04
    3.2929510160E+04    3.3597619872E-04
    3.2943022470E+04    3.0848894128E-04
    3.2956534790E+04    2.8428661873E-04
    3.2970047100E+04    2.6192921935E-04
    3.2983559420E+04    2.4108430752E-04
    3.2997071730E+04    2.2038031824E-04
    3.3010584050E+04    1.9896007653E-04
    3.3024096360E+04    1.8081469902E-04
    3.3037608680E+04    1.6692762652E-04
    3.3051120990E+04    1.5375585495E-04
    3.3064633300E+04    1.3764343222E-04
    3.3078145620E+04    1.2004582476E-04
    3.3091657930E+04    1.0859714702E-04
    3.3105170250E+04    1.0046450415E-04
    3.3118682560E+04    8.8799533684E-05
    3.3132194880E+04    7.5198948060E-05
    3.3145707190E+04    6.5858595091E-05
    3.3159219510E+04    6.0142074271E-05
    3.3172731820E+04    5.3960703210E-05
    3.3186244130E+04    5.0674576752E-05
    3.3199756450E+04    4.9043939483E-05
    3.3213268760E+04    4.6239106073E-05
    3.3226781080E+04    4.2546932797E-05
    3.3240293390E+04    3.9667722967E-05
    3.3253805710E+04    3.8739390826E-05
    3.3267318020E+04    3.8397313134E-05
    3.3280830330E+04    3.4829239959E-05
    3.3294342650E+04    3.1575784133E-05
    3.3307854960E+04    3.0027569221E-05
    3.3321367280E+04    2.7978488526E-05
    3.3334879590E+04    2.4468028014E-05
    3.3348391910E+04    2.2352922215E-05
    3.3361904220E+04    2.4087546068E-05
    3.3375416540E+04    2.4599145425E-05
    3.3388928850E+04    2.3201308199E-05
    3.3402441160E+04    2.0700401706E-05
    3.3415953480E+04    1.7973331570E-05
    3.3429465790E+04    1.6867252546E-05
    3.3442978110E+04    1.7479134196E-05
    3.3456490420E+04    1.8794392745E-05
    3.3470002740E+04    1.5902218857E-05
    3.3483515050E+04    1.5463388374E-05
    3.3497027360E+04    1.6640284605E-05
    3.3510539680E+04    1.5205439040E-05
    3.3524051990E+04    1.6094861827E-05
    3.3537564310E+04    1.4035640084E-05
    3.3551076620E+04    1.2283737648E-05
    3.3564588940E+04    1.3651579248E-05
    3.3578101250E+04    1.3791090565E-05
    3.3591613570E+04    1.4066718666E-05
    3.3605125880E+04    1.4484168965E-05
    3.3618638190E+04    1.4414729983E-05
    3.3632150510E+04    1.3667464204E-05
    3.3645662820E+04    1.1822326697E-05
    3.3659175140E+04    1.2819054286E-05
    3.3672687450E+04    1.4985314932E-05
    3.3686199770E+04    1.2321108713E-05
    3.3699712080E+04    9.9107273903E-06
    3.3713224390E+04    1.0964060361E-05
    3.3726736710E+04    1.2369566674E-05
    3.3740249020E+04    1.3578661487E-05
    3.3753761340E+04    1.1521823243E-05
    3.3767273650E+04    1.0737285406E-05
    3.3780785970E+04    1.1802804613E-05
    3.3794298280E+04    1.1347069358E-05
    3.3807810600E+04    1.2573182830E-05
    3.3821322910E+04    1.3849477617E-05
    3.3834835220E+04    1.4551607895E-05
    3.3848347540E+04    1.3765923091E-05
    3.3861859850E+04    1.4116273453E-05
    3.3875372170E+04    9.4516930746E-06
    3.3888884480E+04    6.8454387494E-06
    3.3902396800E+04    1.0226418316E-05
    3.3915909110E+04    1.6349011168E-05
    3.3929421430E+04    1.8210698961E-05
    3.3942933740E+04    1.8931482361E-05
    3.3956446050E+04    1.9892696989E-05
    3.3969958370E+04    1.9966565917E-05
    3.3983470680E+04    2.0397023758E-05
    3.3996983000E+04    1.9857984603E-05
    3.4010495310E+04    1.9385706281E-05
    3.4024007630E+04    2.2877890252E-05
    3.4037519940E+04    2.5060323054E-05
    3.4051032250E+04    2.3637682777E-05
    3.4064544570E+04    2.2659261752E-05
    3.4078056880E+04    2.0820870678E-05
    3.4091569200E+04    1.9480874852E-05
    3.4105081510E+04    1.9381324801E-05
    3.4118593830E+04    2.0372372791E-05
    3.4132106140E+04    2.2746587161E-05
    3.4145618460E+04    2.3729598527E-05
    3.4159130770E+04    2.2352458537E-05
    3.4172643080E+04    2.0900388757E-05
    3.4186155400E+04    2.2349335108E-05
    3.4199667710E+04    2.5031171858E-05
    3.4213180030E+04    2.4563538661E-05
    3.4226692340E+04    2.1887392352E-05
    3.4240204660E+04    2.2291569588E-05
    3.4253716970E+04    2.5752147020E-05
    3.4267229280E+04    2.6164544541E-05
    3.4280741600E+04    2.5544725776E-05
    3.4294253910E+04    2.3941517982E-05
    3.4307766230E+04    2.1975183719E-05
    3.4321278540E+04    2.3715815044E-05
    3.4334790860E+04    2.6879976748E-05
    3.4348303170E+04    3.0250948101E-05
    3.4361815490E+04    3.3913724625E-05
    3.4375327800E+04    3.3799962561E-05
    3.4388840110E+04    3.0967141539E-05
    3.4402352430E+04    2.9101574277E-05
    3.4415864740E+04    2.8633670726E-05
    3.4429377060E+04    2.7003846358E-05
    3.4442889370E+04    2.7044148341E-05
    3.4456401690E+04    2.8653152867E-05
    3.4469914000E+04    3.0408148845E-05
    3.4483426310E+04    3.3393422117E-05
    3.4496938630E+04    3.5368355442E-05
    3.4510450940E+04    3.4798772174E-05
    3.4523963260E+04    3.1823298984E-05
    3.4537475570E+04    3.1042287316E-05
    3.4550987890E+04    3.4660477428E-05
    3.4564500200E+04    3.6405718764E-05
    3.4578012520E+04    3.7299422117E-05
    3.4591524830E+04    3.7046269972E-05
    3.4605037140E+04    3.4313798710E-05
    3.4618549460E+04    3.0725249989E-05
    3.4632061770E+04    2.6080576101E-05
    3.4645574090E+04    2.2651348219E-05
    3.4659086400E+04    2.1701474451E-05
    3.4672598720E+04    2.3378063504E-05
    3.4686111030E+04    2.4724598018E-05
    3.4699623350E+04    2.2681371091E-05
    3.4713135660E+04    2.2310097966E-05
    3.4726647970E+04    2.2906602102E-05
    3.4740160290E+04    2.2171056014E-05
    3.4753672600E+04    2.1679911346E-05
    3.4767184920E+04    2.1788044223E-05
    3.4780697230E+04    2.0039402875E-05
    3.4794209550E+04    1.7571628230E-05
    3.4807721860E+04    1.8856175514E-05
    3.4821234170E+04    2.3494892381E-05
    3.4834746490E+04    2.5270730771E-05
    3.4848258800E+04    2.5159242675E-05
    3.4861771120E+04    2.4313838251E-05
    3.4875283430E+04    2.3615354564E-05
    3.4888795750E+04    2.5410517313E-05
    3.4902308060E+04    2.7523830310E-05
    3.4915820380E+04    2.7510859912E-05
    3.4929332690E+04    2.3238244163E-05
    3.4942845000E+04    2.0319059007E-05
    3.4956357320E+04    2.0852858415E-05
    3.4969869630E+04    1.9918663598E-05
    3.4983381950E+04    2.0145854960E-05
    3.4996894260E+04    1.9405780234E-05
    3.5010406580E+04    1.6833034819E-05
    3.5023918890E+04    1.7073367913E-05
    3.5037431200E+04    1.6867518629E-05
    3.5050943520E+04    1.4685783536E-05
    3.5064455830E+04    1.2224468962E-05
    3.5077968150E+04    1.0533075170E-05
    3.5091480460E+04    1.1149763186E-05
    3.5104992780E+04    1.3302903707E-05
    3.5118505090E+04    1.3423033771E-05
    3.5132017410E+04    9.8256788343E-06
    3.5145529720E+04    5.3171445606E-06
    3.5159042030E+04    3.9646798783E-06
    3.5172554350E+04    2.2157476967E-06
    3.5186066660E+04    2.2521142204E-06
    3.5199578980E+04    3.0748618738E-06
    3.5213091290E+04    3.2924627382E-06
    3.5226603610E+04    3.0549357709E-06
    3.5240115920E+04    2.4935817223E-06
    3.5253628240E+04    1.4428020449E-06
    3.5267140550E+04    1.3886059256E-06
    3.5280652860E+04    3.1024322638E-06
    3.5294165180E+04    5.3348054963E-06
    3.5307677490E+04    3.7418446713E-06
    3.5321189810E+04    2.1244994501E-06
    3.5334702120E+04    1.9651340326E-06
    3.5348214440E+04    3.6881186142E-06
    3.5361726750E+04    3.2054874422E-06
    3.5375239060E+04    2.3314875722E-06
    3.5388751380E+04    1.7513795014E-06
    3.5402263690E+04    1.8800100364E-06
    3.5415776010E+04    2.5449539340E-06
    3.5429288320E+04    1.5179960260E-06
    3.5442800640E+04    3.3885266076E-07
    3.5456312950E+04    4.0428286731E-07
    3.5469825270E+04    1.9891827427E-06
    3.5483337580E+04    7.4584841609E-06
    3.5496849890E+04    9.1540223706E-06
    3.5510362210E+04    8.1245582306E-06
    3.5523874520E+04    5.1792835628E-06
    3.5537386840E+04    3.6187186145E-06
    3.5550899150E+04    4.9861088069E-06
    3.5564411470E+04    7.0914998002E-06
    3.5577923780E+04    7.6152365674E-06
    3.5591436090E+04    7.3690143875E-06
    3.5604948410E+04    7.4341219808E-06
    3.5618460720E+04    8.2476138124E-06
    3.5631973040E+04    1.0060360254E-05
    3.5645485350E+04    9.5227259942E-06
    3.5658997670E+04    9.3206793811E-06
    3.5672509980E+04    1.3140540745E-05
    3.5686022300E+04    1.4352158401E-05
    3.5699534610E+04    1.2910745247E-05
    3.5713046920E+04    1.4037246561E-05
    3.5726559240E+04    1.3552435225E-05
    3.5740071550E+04    1.2546752854E-05
    3.5753583870E+04    1.2572983721E-05
    3.5767096180E+04    1.3076831587E-05
    3.5780608500E+04    1.3275106312E-05
    3.5794120810E+04    1.3179571452E-05
    3.5807633120E+04    1.2036141927E-05
    3.5821145440E+04    1.4233877174E-05
    3.5834657750E+04    1.6565138341E-05
    3.5848170070E+04    1.7677609323E-05
    3.5861682380E+04    1.7034073181E-05
    3.5875194700E+04    1.5256559129E-05
    3.5888707010E+04    1.3753510317E-05
    3.5902219330E+04    1.3649602335E-05
    3.5915731640E+04    1.4816643207E-05
    3.5929243950E+04    1.8611646563E-05
    3.5942756270E+04    2.0007004393E-05
    3.5956268580E+04    2.0787331387E-05
    3.5969780900E+04    2.2166195515E-05
    3.5983293210E+04    1.9520572954E-05
    3.5996805530E+04    1.6994807239E-05
    3.6010317840E+04    1.7574152353E-05
    3.6023830160E+04    1.7660077352E-05
    3.6037342470E+04    1.6189332065E-05
    3.6050854780E+04    1.3408033708E-05
    3.6064367100E+04    1.1189572248E-05
    3.6077879410E+04    1.1593722565E-05
    3.6091391730E+04    1.3608444948E-05
    3.6104904040E+04    1.7406470430E-05
    3.6118416360E+04    2.1432835717E-05
    3.6131928670E+04    2.1308756069E-05
    3.6145440980E+04    2.1188558027E-05
    3.6158953300E+04    2.1135929290E-05
    3.6172465610E+04    2.0493529880E-05
    3.6185977930E+04    2.2097548437E-05
    3.6199490240E+04    2.3424033513E-05
    3.6213002560E+04    2.1400906219E-05
    3.6226514870E+04    2.0461156390E-05
    3.6240027190E+04    2.1508383725E-05
    3.6253539500E+04    2.1582598824E-05
    3.6267051810E+04    2.1969497220E-05
    3.6280564130E+04    2.6123338218E-05
    3.6294076440E+04    3.0532550457E-05
    3.6307588760E+04    3.1888942492E-05
    3.6321101070E+04    3.2659820279E-05
    3.6334613390E+04    3.1962178646E-05
    3.6348125700E+04    3.0009403789E-05
    3.6361638010E+04    2.9937983463E-05
    3.6375150330E+04    2.9588723977E-05
    3.6388662640E+04    2.9030089019E-05
    3.6402174960E+04    3.0781374361E-05
    3.6415687270E+04    3.1059976070E-05
    3.6429199590E+04    2.9389732572E-05
    3.6442711900E+04    3.0262860375E-05
    3.6456224220E+04    3.2757969135E-05
    3.6469736530E+04    3.3575707722E-05
    3.6483248840E+04    3.1486164095E-05
    3.6496761160E+04    2.8044632464E-05
    3.6510273470E+04    2.6406279009E-05
    3.6523785790E+04    2.6220370321E-05
    3.6537298100E+04    2.8488893372E-05
    3.6550810420E+04    3.2509862543E-05
    3.6564322730E+04    3.2521160827E-05
    3.6577835040E+04    3.1239746957E-05
    3.6591347360E+04    3.3384264509E-05
    3.6604859670E+04    3.5528070542E-05
    3.6618371990E+04    3.6443925345E-05
    3.6631884300E+04    3.8019989506E-05
    3.6645396620E+04    4.0176428888E-05
    3.6658908930E+04    4.2206776245E-05
    3.6672421250E+04    4.2769020588E-05
    3.6685933560E+04    4.2330985410E-05
    3.6699445870E+04    4.2398415017E-05
    3.6712958190E+04    4.2354172651E-05
    3.6726470500E+04    4.3386229083E-05
    3.6739982820E+04    4.4930535408E-05
    3.6753495130E+04    4.3725756328E-05
    3.6767007450E+04    4.0893337128E-05
    3.6780519760E+04    3.9602225158E-05
    3.6794032080E+04    3.8718768164E-05
    3.6807544390E+04    3.7012340351E-05
    3.6821056700E+04    3.5002658017E-05
    3.6834569020E+04    3.6522032904E-05
    3.6848081330E+04    4.1391207459E-05
    3.6861593650E+04    4.2045184622E-05
    3.6875105960E+04    4.0527411613E-05
    3.6888618280E+04    4.1605942473E-05
    3.6902130590E+04    4.0054691161E-05
    3.6915642900E+04    3.6833592766E-05
    3.6929155220E+04    3.8199599192E-05
    3.6942667530E+04    4.3175281652E-05
    3.6956179850E+04    4.8576102163E-05
    3.6969692160E+04    5.0578656464E-05
    3.6983204480E+04    4.6611667448E-05
    3.6996716790E+04    4.1688031514E-05
    3.7010229110E+04    3.8871891737E-05
    3.7023741420E+04    3.7488965427E-05
    3.7037253730E+04    3.9447599060E-05
    3.7050766050E+04    4.3675490306E-05
    3.7064278360E+04    4.5604707341E-05
    3.7077790680E+04    4.4879226854E-05
    3.7091302990E+04    4.3096595308E-05
    3.7104815310E+04    4.1629706543E-05
    3.7118327620E+04    4.0465720016E-05
    3.7131839930E+04    3.8659600662E-05
    3.7145352250E+04    3.6779836157E-05
    3.7158864560E+04    3.5018555818E-05
    3.7172376880E+04    3.3274246841E-05
    3.7185889190E+04    3.3936534847E-05
    3.7199401510E+04    3.6942082506E-05
    3.7212913820E+04    3.9381867676E-05
    3.7226426140E+04    4.0879060403E-05
    3.7239938450E+04    3.8700408092E-05
    3.7253450760E+04    3.3849101412E-05
    3.7266963080E+04    3.3777348872E-05
    3.7280475390E+04    3.8702086434E-05
    3.7293987710E+04    4.3040138848E-05
    3.7307500020E+04    4.4730164598E-05
    3.7321012340E+04    4.4754291056E-05
    3.7334524650E+04    4.4128445081E-05
    3.7348036960E+04    4.4481211851E-05
    3.7361549280E+04    4.4724588972E-05
    3.7375061590E+04    4.4190538687E-05
    3.7388573910E+04    4.3684394217E-05
    3.7402086220E+04    4.3358878357E-05
    3.7415598540E+04    4.4049554678E-05
    3.7429110850E+04    4.3791463849E-05
    3.7442623170E+04    4.1222194597E-05
    3.7456135480E+04    4.0049514306E-05
    3.7469647790E+04    4.1570320175E-05
    3.7483160110E+04    4.2949355063E-05
    3.7496672420E+04    4.3122907902E-05
    3.7510184740E+04    4.2111610771E-05
    3.7523697050E+04    4.0794186798E-05
    3.7537209370E+04    4.0862995391E-05
    3.7550721680E+04    4.0970754344E-05
    3.7564234000E+04    3.9993583433E-05
    3.7577746310E+04    3.9340485888E-05
    3.7591258620E+04    3.8530907096E-05
    3.7604770940E+04    3.6911025240E-05
    3.7618283250E+04    3.5551613651E-05
    3.7631795570E+04    3.4583859860E-05
    3.7645307880E+04    3.3595742214E-05
    3.7658820200E+04    3.2581148891E-05
    3.7672332510E+04    3.1051133570E-05
    3.7685844820E+04    3.0683384004E-05
    3.7699357140E+04    3.2898766608E-05
    3.7712869450E+04    3.4089776654E-05
    3.7726381770E+04    3.1564758010E-05
    3.7739894080E+04    2.8932078000E-05
    3.7753406400E+04    2.8517441648E-05
    3.7766918710E+04    2.9058376643E-05
    3.7780431030E+04    2.8907144651E-05
    3.7793943340E+04    2.9047482231E-05
    3.7807455650E+04    3.1176219972E-05
    3.7820967970E+04    3.3229934553E-05
    3.7834480280E+04    3.1594154971E-05
    3.7847992600E+04    2.9047181708E-05
    3.7861504910E+04    2.9795094463E-05
    3.7875017230E+04    3.1338526966E-05
    3.7888529540E+04    3.0985225869E-05
    3.7902041850E+04    3.0937207228E-05
    3.7915554170E+04    3.2147027136E-05
    3.7929066480E+04    3.2566162734E-05
    3.7942578800E+04    3.2515457821E-05
    3.7956091110E+04    3.2406781388E-05
    3.7969603430E+04    3.3726413344E-05
    3.7983115740E+04    3.3806306371E-05
    3.7996628060E+04    3.2290886249E-05
    3.8010140370E+04    3.1437460721E-05
    3.8023652680E+04    3.0827416498E-05
    3.8037165000E+04    3.1347913197E-05
    3.8050677310E+04    3.3928499592E-05
    3.8064189630E+04    3.3219635919E-05
    3.8077701940E+04    2.8972420666E-05
    3.8091214260E+04    2.8874497533E-05
    3.8104726570E+04    3.3136569170E-05
    3.8118238890E+04    3.6241001934E-05
    3.8131751200E+04    3.5374518371E-05
    3.8145263510E+04    3.1854073776E-05
    3.8158775830E+04    3.0212771636E-05
    3.8172288140E+04    3.1325005952E-05
    3.8185800460E+04    3.0551590574E-05
    3.8199312770E+04    2.6929950395E-05
    3.8212825090E+04    2.5982872457E-05
    3.8226337400E+04    2.8304249469E-05
    3.8239849710E+04    2.9154256337E-05
    3.8253362030E+04    2.7918633473E-05
    3.8266874340E+04    2.6957915593E-05
    3.8280386660E+04    2.6917797868E-05
    3.8293898970E+04    2.8129735625E-05
    3.8307411290E+04    2.8211567151E-05
    3.8320923600E+04    2.4576650739E-05
    3.8334435920E+04    2.1763284409E-05
    3.8347948230E+04    2.3082730516E-05
    3.8361460540E+04    2.4616249709E-05
    3.8374972860E+04    2.6391654429E-05
    3.8388485170E+04    2.9205237930E-05
    3.8401997490E+04    3.1286343874E-05
    3.8415509800E+04    3.3248318025E-05
    3.8429022120E+04    3.3273043264E-05
    3.8442534430E+04    3.1206258388E-05
    3.8456046740E+04    3.1896155289E-05
    3.8469559060E+04    3.4871426935E-05
    3.8483071370E+04    3.4637264426E-05
    3.8496583690E+04    3.0691117643E-05
    3.8510096000E+04    2.7250432860E-05
    3.8523608320E+04    2.5644218902E-05
    3.8537120630E+04    2.5174414391E-05
    3.8550632950E+04    2.5401413964E-05
    3.8564145260E+04    2.5457915100E-05
    3.8577657570E+04    2.5593405464E-05
    3.8591169890E+04    2.5704459619E-05
    3.8604682200E+04    2.2793642958E-05
    3.8618194520E+04    1.9603558215E-05
    3.8631706830E+04    2.1599224614E-05
    3.8645219150E+04    2.3888007591E-05
    3.8658731460E+04    2.4273741572E-05
    3.8672243770E+04    2.5510624779E-05
    3.8685756090E+04    2.6938075425E-05
    3.8699268400E+04    2.7767275631E-05
    3.8712780720E+04    2.8135704049E-05
    3.8726293030E+04    2.6986752492E-05
    3.8739805350E+04    2.3407677358E-05
    3.8753317660E+04    2.1194226079E-05
    3.8766829980E+04    2.2720827087E-05
    3.8780342290E+04    2.4870836221E-05
    3.8793854600E+04    2.3518656521E-05
    3.8807366920E+04    2.0413005468E-05
    3.8820879230E+04    2.0116260603E-05
    3.8834391550E+04    2.4601009598E-05
    3.8847903860E+04    2.8275511797E-05
    3.8861416180E+04    2.7383312221E-05
    3.8874928490E+04    2.4601314939E-05
    3.8888440810E+04    2.2718246725E-05
    3.8901953120E+04    2.1799370785E-05
    3.8915465430E+04    2.1613193895E-05
    3.8928977750E+04    2.1833886405E-05
    3.8942490060E+04    2.3184849548E-05
    3.8956002380E+04    2.6166379558E-05
    3.8969514690E+04    2.9798576277E-05
    3.8983027010E+04    2.9839584280E-05
    3.8996539320E+04    2.5633148601E-05
    3.9010051630E+04    2.3313621727E-05
    3.9023563950E+04    2.4496155429E-05
    3.9037076260E+04    2.5094592710E-05
    3.9050588580E+04    2.4149898593E-05
    3.9064100890E+04    2.3249580600E-05
    3.9077613210E+04    2.3363680622E-05
    3.9091125520E+04    2.4221483102E-05
    3.9104637840E+04    2.5042345883E-05
    3.9118150150E+04    2.4944841678E-05
    3.9131662460E+04    2.4384713373E-05
    3.9145174780E+04    2.3738054980E-05
    3.9158687090E+04    2.3856773477E-05
    3.9172199410E+04    2.6384927288E-05
    3.9185711720E+04    3.0156483694E-05
    3.9199224040E+04    3.1253946131E-05
    3.9212736350E+04    2.8765932428E-05
    3.9226248660E+04    2.5097482185E-05
    3.9239760980E+04    2.3146552234E-05
    3.9253273290E+04    2.3715151849E-05
    3.9266785610E+04    2.4320521193E-05
    3.9280297920E+04    2.3960975811E-05
    3.9293810240E+04    2.4140201984E-05
    3.9307322550E+04    2.5286276467E-05
    3.9320834870E+04    2.7326658496E-05
    3.9334347180E+04    2.8052177174E-05
    3.9347859490E+04    2.6726563763E-05
    3.9361371810E+04    2.6034773211E-05
    3.9374884120E+04    2.7868362281E-05
    3.9388396440E+04    2.9760912541E-05
    3.9401908750E+04    2.9191302137E-05
    3.9415421070E+04    2.7754970099E-05
    3.9428933380E+04    2.8297427146E-05
    3.9442445690E+04    2.9778303828E-05
    3.9455958010E+04    2.9976178597E-05
    3.9469470320E+04    3.0334193708E-05
    3.9482982640E+04    3.0305032216E-05
    3.9496494950E+04    2.9384751402E-05
    3.9510007270E+04    2.8676462903E-05
    3.9523519580E+04    2.7981962829E-05
    3.9537031900E+04    2.7032785588E-05
    3.9550544210E+04    2.6517204172E-05
    3.9564056520E+04    2.6552175939E-05
    3.9577568840E+04    2.6391465050E-05
    3.9591081150E+04    2.6558557287E-05
    3.9604593470E+04    2.6375755416E-05
    3.9618105780E+04    2.5208008813E-05
    3.9631618100E+04    2.5645562196E-05
    3.9645130410E+04    2.7664295832E-05
    3.9658642730E+04    2.8293624556E-05
    3.9672155040E+04    2.5719312208E-05
    3.9685667350E+04    2.2906178760E-05
    3.9699179670E+04    2.2429174134E-05
    3.9712691980E+04    2.3210835779E-05
    3.9726204300E+04    2.4367647673E-05
    3.9739716610E+04    2.5474752403E-05
    3.9753228930E+04    2.6481221492E-05
    3.9766741240E+04    2.7656103840E-05
    3.9780253550E+04    2.8448108805E-05
    3.9793765870E+04    2.7697125341E-05
    3.9807278180E+04    2.7234492926E-05
    3.9820790500E+04    3.0662955450E-05
    3.9834302810E+04    3.3916580624E-05
    3.9847815130E+04    3.1331593384E-05
    3.9861327440E+04    2.8206113261E-05
    3.9874839760E+04    2.6417126481E-05
    3.9888352070E+04    2.4715402178E-05
    3.9901864380E+04    2.3571135453E-05
    3.9915376700E+04    2.4359096387E-05
    3.9928889010E+04    2.6912853686E-05
    3.9942401330E+04    2.7613812586E-05
    3.9955913640E+04    2.6243701842E-05
    3.9969425960E+04    2.5433593113E-05
    3.9982938270E+04    2.5511304290E-05
    3.9996450580E+04    2.5513599125E-05
    4.0009962900E+04    2.4432629022E-05
    4.0023475210E+04    2.2332447668E-05
    4.0036987530E+04    2.0478544384E-05
    4.0050499840E+04    2.0391453579E-05
    4.0064012160E+04    2.1633694882E-05
    4.0077524470E+04    2.3513396511E-05
    4.0091036790E+04    2.5209667512E-05
    4.0104549100E+04    2.5696656053E-05
    4.0118061410E+04    2.4834686653E-05
    4.0131573730E+04    2.3057431510E-05
    4.0145086040E+04    2.0902430488E-05
    4.0158598360E+04    1.9664941152E-05
    4.0172110670E+04    2.0806666055E-05
    4.0185622990E+04    2.2415542446E-05
    4.0199135300E+04    2.3620581100E-05
    4.0212647610E+04    2.5035089650E-05
    4.0226159930E+04    2.6828322331E-05
    4.0239672240E+04    2.7984835605E-05
    4.0253184560E+04    2.7144592354E-05
    4.0266696870E+04    2.3743240025E-05
    4.0280209190E+04    1.9018850824E-05
    4.0293721500E+04    1.7757602252E-05
    4.0307233820E+04    1.7268367051E-05
    4.0320746130E+04    1.7701648288E-05
    4.0334258440E+04    1.9965365748E-05
    4.0347770760E+04    2.1259641435E-05
    4.0361283070E+04    2.1837585330E-05
    4.0374795390E+04    1.9523606282E-05
    4.0388307700E+04    1.5854874416E-05
    4.0401820020E+04    1.5654595547E-05
    4.0415332330E+04    1.7247927600E-05
    4.0428844650E+04    1.8744358141E-05
    4.0442356960E+04    1.8971303809E-05
    4.0455869270E+04    1.9753349003E-05
    4.0469381590E+04    2.0488824180E-05
    4.0482893900E+04    2.0392973489E-05
    4.0496406220E+04    1.9248552360E-05
    4.0509918530E+04    1.8245041254E-05
    4.0523430850E+04    1.7100994149E-05
    4.0536943160E+04    1.6133305924E-05
    4.0550455470E+04    1.5535807005E-05
    4.0563967790E+04    1.5875922548E-05
    4.0577480100E+04    1.6017211188E-05
    4.0590992420E+04    1.6220982716E-05
    4.0604504730E+04    1.6678063231E-05
    4.0618017050E+04    1.7166197728E-05
    4.0631529360E+04    1.6518656970E-05
    4.0645041680E+04    1.4923321687E-05
    4.0658553990E+04    1.4582834739E-05
    4.0672066300E+04    1.3055137256E-05
    4.0685578620E+04    1.3024054321E-05
    4.0699090930E+04    1.4139606554E-05
    4.0712603250E+04    1.6547991568E-05
    4.0726115560E+04    1.7822039960E-05
    4.0739627880E+04    1.4878412788E-05
    4.0753140190E+04    1.2127056666E-05
    4.0766652500E+04    1.0732952197E-05
    4.0780164820E+04    9.3114392004E-06
    4.0793677130E+04    9.6942929201E-06
    4.0807189450E+04    1.3214718244E-05
    4.0820701760E+04    1.8082486955E-05
    4.0834214080E+04    1.8035882513E-05
    4.0847726390E+04    1.5654476264E-05
    4.0861238710E+04    1.2421572561E-05
    4.0874751020E+04    9.6512370870E-06
    4.0888263330E+04    8.0001755633E-06
    4.0901775650E+04    9.5606670215E-06
    4.0915287960E+04    1.1954808209E-05
    4.0928800280E+04    1.3862020586E-05
    4.0942312590E+04    1.5801527054E-05
    4.0955824910E+04    1.8205333902E-05
    4.0969337220E+04    1.9409540946E-05
    4.0982849530E+04    1.6380521428E-05
    4.0996361850E+04    1.2794846682E-05
    4.1009874160E+04    1.1198085313E-05
    4.1023386480E+04    1.0823905419E-05
    4.1036898790E+04    1.0776082124E-05
    4.1050411110E+04    1.0484963160E-05
    4.1063923420E+04    9.9451897319E-06
    4.1077435740E+04    1.0974052208E-05
    4.1090948050E+04    1.2372430896E-05
    4.1104460360E+04    1.1248118233E-05
    4.1117972680E+04    7.3350597583E-06
    4.1131484990E+04    5.3958662423E-06
    4.1144997310E+04    6.2427926268E-06
    4.1158509620E+04    6.2672264641E-06
    4.1172021940E+04    5.2787801572E-06
    4.1185534250E+04    4.5877847215E-06
    4.1199046570E+04    4.8958963177E-06
    4.1212558880E+04    5.5860382009E-06
    4.1226071190E+04    4.0558443193E-06
    4.1239583510E+04    2.6223874351E-06
    4.1253095820E+04    2.6795935326E-06
    4.1266608140E+04    3.9524661783E-06
    4.1280120450E+04    6.2762762717E-06
    4.1293632770E+04    8.3731759038E-06
    4.1307145080E+04    6.7979117065E-06
    4.1320657390E+04    5.7509211452E-06
    4.1334169710E+04    6.2139613555E-06
    4.1347682020E+04    5.7025621946E-06
    4.1361194340E+04    3.9448675367E-06
    4.1374706650E+04    2.7377600966E-06
    4.1388218970E+04    3.0908141747E-06
    4.1401731280E+04    3.9357920008E-06
    4.1415243600E+04    5.3168376499E-06
    4.1428755910E+04    5.7563328596E-06
    4.1442268220E+04    4.6093103063E-06
    4.1455780540E+04    3.5888036568E-06
    4.1469292850E+04    3.6824159821E-06
    4.1482805170E+04    4.5176757731E-06
    4.1496317480E+04    5.5565830842E-06
    4.1509829800E+04    5.7087161181E-06
    4.1523342110E+04    5.8036580110E-06
    4.1536854420E+04    6.1436852580E-06
    4.1550366740E+04    6.0610073349E-06
    4.1563879050E+04    5.5254323282E-06
    4.1577391370E+04    4.9186945324E-06
    4.1590903680E+04    4.7170022342E-06
    4.1604416000E+04    4.0318756443E-06
    4.1617928310E+04    3.3007145419E-06
    4.1631440630E+04    3.1265461418E-06
    4.1644952940E+04    3.7288655159E-06
    4.1658465250E+04    3.9391672186E-06
    4.1671977570E+04    1.8795356666E-06
    4.1685489880E+04    4.1509901587E-08
    4.1699002200E+04    1.9622799607E-08
    4.1712514510E+04    1.1311991379E-06
    4.1726026830E+04    3.4545972757E-06
    4.1739539140E+04    4.7174892725E-06
    4.1753051460E+04    5.1146633541E-06
    4.1766563770E+04    4.7310647397E-06
    4.1780076080E+04    4.0627154986E-06
    4.1793588400E+04    3.7292415846E-06
    4.1807100710E+04    4.1861893222E-06
    4.1820613030E+04    4.0021025449E-06
    4.1834125340E+04    2.6378068110E-06
    4.1847637660E+04    4.3558052216E-07
    4.1861149970E+04    5.6396495184E-09
    4.1874662280E+04    5.4148765323E-09
    4.1888174600E+04    5.4138011067E-09
    4.1901686910E+04    5.4126928140E-09
    4.1915199230E+04    5.4115072783E-09
    4.1928711540E+04    5.4102988323E-09
    4.1942223860E+04    5.4152543686E-09
    4.1955736170E+04    6.2683780541E-08
    4.1969248490E+04    8.0542867474E-07
    4.1982760800E+04    7.2111989426E-07
    4.1996273110E+04    6.8686032890E-07
    4.2009785430E+04    8.9989464713E-07
    4.2023297740E+04    4.8806504662E-07
    4.2036810060E+04    5.3857168643E-08
    4.2050322370E+04    7.7164100668E-09
    4.2063834690E+04    7.3300433778E-07
    4.2077347000E+04    2.0474763083E-06
    4.2090859310E+04    2.4777870070E-06
    4.2104371630E+04    2.1482822908E-06
    4.2117883940E+04    1.6059934032E-06
    4.2131396260E+04    2.1167664134E-06
    4.2144908570E+04    3.3910978625E-06
    4.2158420890E+04    3.8601349179E-06
    4.2171933200E+04    2.0017776886E-06
    4.2185445520E+04    3.0522447524E-07
    4.2198957830E+04    8.4363374249E-09
    4.2212470140E+04    1.3444875748E-07
    4.2225982460E+04    3.1143818687E-06
    4.2239494770E+04    5.1137539571E-06
    4.2253007090E+04    6.0927587267E-06
    4.2266519400E+04    5.5291517794E-06
    4.2280031720E+04    4.0560815185E-06
    4.2293544030E+04    2.6838131845E-06
    4.2307056340E+04    1.9206460190E-06
    4.2320568660E+04    2.6886746879E-06
    4.2334080970E+04    4.1127942213E-06
    4.2347593290E+04    4.8902254060E-06
    4.2361105600E+04    4.0101714453E-06
    4.2374617920E+04    2.4417662223E-06
    4.2388130230E+04    1.4140700727E-06
    4.2401642550E+04    1.1812870019E-06
    4.2415154860E+04    1.3262478787E-07
    4.2428667170E+04    5.3716792515E-09
    4.2442179490E+04    5.3707287000E-09
    4.2455691800E+04    5.3689602002E-09
    4.2469204120E+04    5.3671913440E-09
    4.2482716430E+04    5.3713390283E-09
    4.2496228750E+04    5.3695700904E-09
    4.2509741060E+04    7.8071552267E-08
    4.2523253380E+04    1.9090461278E-08
    4.2536765690E+04    5.3639767643E-09
    4.2550278000E+04    5.3621070541E-09
    4.2563790320E+04    5.3602416335E-09
    4.2577302630E+04    5.3583793994E-09
    4.2590814950E+04    2.6556387454E-08
    4.2604327260E+04    8.1351789865E-07
    4.2617839580E+04    8.6853089984E-07
    4.2631351890E+04    1.2779704452E-08
    4.2644864200E+04    5.3159500282E-09
    4.2658376520E+04    5.3041352159E-09
    4.2671888830E+04    5.2923328927E-09
    4.2685401150E+04    5.2805430608E-09
    4.2698913460E+04    5.2687648849E-09
    4.2712425780E+04    5.2523836111E-09
    4.2725938090E+04    5.2356139642E-09
    4.2739450410E+04    5.2188590561E-09
    4.2752962720E+04    5.2021208211E-09
    4.2766475030E+04    2.5481571746E-08
    4.2779987350E+04    1.0452693566E-06
    4.2793499660E+04    4.0146726108E-06
    4.2807011980E+04    4.5666966599E-06
    4.2820524290E+04    7.5421613815E-07
    4.2834036610E+04    4.1832720167E-08
    4.2847548920E+04    5.2246360590E-09
    4.2861061230E+04    5.2475385116E-09
    4.2874573550E+04    2.8820235826E-08
    4.2888085860E+04    4.6008977293E-07
    4.2901598180E+04    1.6979354805E-06
    4.2915110490E+04    2.0018354793E-06
    4.2928622810E+04    3.8837554489E-08
    4.2942135120E+04    5.3179821202E-09
    4.2955647440E+04    5.3219134077E-09
    4.2969159750E+04    5.3210750917E-09
    4.2982672060E+04    5.3202416928E-09
    4.2996184380E+04    5.3194118952E-09
    4.3009696690E+04    5.3179868323E-09
    4.3023209010E+04    5.3163309624E-09
    4.3036721320E+04    5.3146779179E-09
    4.3050233640E+04    5.3130273470E-09
    4.3063745950E+04    5.3113802398E-09
    4.3077258260E+04    5.3097347484E-09
    4.3090770580E+04    5.3080908227E-09
    4.3104282890E+04    5.3064356255E-09
    4.3117795210E+04    5.3047524828E-09
    4.3131307520E+04    5.3030698631E-09
    4.3144819840E+04    5.3013875981E-09
    4.3158332150E+04    5.2997045696E-09
    4.3171844470E+04    5.2980208448E-09
    4.3185356780E+04    5.2963358854E-09
    4.3198869090E+04    5.2946488648E-09
    4.3212381410E+04    5.2931042654E-09
    4.3225893720E+04    5.2915700097E-09
    4.3239406040E+04    5.2900322457E-09
    4.3252918350E+04    5.2884908467E-09
    4.3266430670E+04    5.2869450556E-09
    4.3279942980E+04    8.4140499083E-09
    4.3293455300E+04    3.1632654870E-07
    4.3306967610E+04    1.4038773445E-08
    4.3320479920E+04    5.2805622438E-09
    4.3333992240E+04    5.2788907968E-09
    4.3347504550E+04    5.2772122530E-09
    4.3361016870E+04    5.2755261064E-09
    4.3374529180E+04    5.2738317097E-09
    4.3388041500E+04    5.2721289182E-09
    4.3401553810E+04    5.2704147358E-09
    4.3415066120E+04    1.3153190906E-07
    4.3428578440E+04    1.4081757795E-06
    4.3442090750E+04    5.9611509757E-07
    4.3455603070E+04    7.7359609183E-09
    4.3469115380E+04    5.2673921135E-09
    4.3482627700E+04    5.2655639093E-09
    4.3496140010E+04    6.9512024083E-09
    4.3509652330E+04    7.8512329972E-07
    4.3523164640E+04    3.9353824605E-06
    4.3536676950E+04    4.9507097983E-06
    4.3550189270E+04    4.3115461492E-06
    4.3563701580E+04    3.7738102609E-06
    4.3577213900E+04    4.3371465926E-06
    4.3590726210E+04    5.2470536881E-06
    4.3604238530E+04    5.7244199056E-06
    4.3617750840E+04    4.8662386742E-06
    4.3631263150E+04    3.6608847765E-06
    4.3644775470E+04    2.5551957840E-06
    4.3658287780E+04    1.7492804564E-06
    4.3671800100E+04    2.1344308882E-06
    4.3685312410E+04    2.4956360519E-06
    4.3698824730E+04    2.1964942322E-06
    4.3712337040E+04    8.3008349795E-07
    4.3725849360E+04    2.1034242909E-08
    4.3739361670E+04    5.2321825629E-09
    4.3752873980E+04    5.2299895975E-09
    4.3766386300E+04    5.2277808625E-09
    4.3779898610E+04    4.3471209635E-08
    4.3793410930E+04    9.1787329270E-07
    4.3806923240E+04    3.3961904707E-06
    4.3820435560E+04    3.2931638047E-06
    4.3833947870E+04    3.1677097099E-06
    4.3847460180E+04    2.9412410093E-06
    4.3860972500E+04    2.5071173511E-06
    4.3874484810E+04    1.5447875642E-06
    4.3887997130E+04    1.3398695429E-06
    4.3901509440E+04    1.6151531277E-06
    4.3915021760E+04    1.6751701235E-06
    4.3928534070E+04    1.3208031173E-06
    4.3942046390E+04    1.3586300936E-06
    4.3955558700E+04    2.4018559268E-06
    4.3969071010E+04    2.8078087545E-06
    4.3982583330E+04    2.4308021378E-06
    4.3996095640E+04    2.0100130759E-06
    4.4009607960E+04    2.4402464768E-06
    4.4023120270E+04    3.0586939515E-06
    4.4036632590E+04    3.4835164184E-06
    4.4050144900E+04    2.1400501293E-06
    4.4063657220E+04    2.9537824200E-07
    4.4077169530E+04    1.9306707912E-08
    4.4090681840E+04    1.0156323312E-08
    4.4104194160E+04    4.1070049534E-07
    4.4117706470E+04    2.8111867773E-07
    4.4131218790E+04    1.5935412887E-06
    4.4144731100E+04    7.7083360958E-07
    4.4158243420E+04    8.8092621683E-09
    4.4171755730E+04    5.1754924301E-09
    4.4185268040E+04    5.1733665660E-09
    4.4198780360E+04    5.1712322927E-09
    4.4212292670E+04    5.1691107043E-09
    4.4225804990E+04    4.4021832717E-08
    4.4239317300E+04    2.8269732589E-06
    4.4252829620E+04    2.0343176073E-06
    4.4266341930E+04    3.8388004603E-08
    4.4279854250E+04    1.4230432626E-08
    4.4293366560E+04    1.0805023694E-06
    4.4306878870E+04    2.5409632511E-06
    4.4320391190E+04    4.0549936648E-06
    4.4333903500E+04    5.3596756997E-06
    4.4347415820E+04    5.2409512203E-06
    4.4360928130E+04    3.4121012900E-06
    4.4374440450E+04    1.8962485736E-06
    4.4387952760E+04    1.9781126841E-06
    4.4401465070E+04    9.8810460806E-07
    4.4414977390E+04    6.4618519294E-08
    4.4428489700E+04    8.8421850816E-09
    4.4442002020E+04    6.6388731354E-07
    4.4455514330E+04    3.4496779998E-06
    4.4469026650E+04    5.7460617844E-06
    4.4482538960E+04    6.4259118397E-06
    4.4496051280E+04    7.8140818841E-06
    4.4509563590E+04    9.0286728838E-06
    4.4523075900E+04    9.5093731357E-06
    4.4536588220E+04    7.8564148485E-06
    4.4550100530E+04    6.5914469472E-06
    4.4563612850E+04    6.3576991292E-06
    4.4577125160E+04    6.7657015728E-06
    4.4590637480E+04    6.6505309132E-06
    4.4604149790E+04    6.0402914934E-06
    4.4617662110E+04    5.4705259215E-06
    4.4631174420E+04    4.2457219030E-06
    4.4644686730E+04    3.7688631757E-06
    4.4658199050E+04    5.0466436442E-06
    4.4671711360E+04    6.1825733046E-06
    4.4685223680E+04    5.8762604943E-06
    4.4698735990E+04    3.9276646425E-06
    4.4712248310E+04    3.9775214986E-06
    4.4725760620E+04    4.4001184702E-06
    4.4739272930E+04    5.1217648023E-06
    4.4752785250E+04    6.0813048863E-06
    4.4766297560E+04    6.9040900061E-06
    4.4779809880E+04    6.9897649037E-06
    4.4793322190E+04    8.0005087745E-06
    4.4806834510E+04    6.9376074230E-06
    4.4820346820E+04    7.2007276139E-06
    4.4833859140E+04    7.6258671237E-06
    4.4847371450E+04    7.9836125756E-06
    4.4860883760E+04    7.0196814468E-06
    4.4874396080E+04    6.7813471636E-06
    4.4887908390E+04    6.0616589655E-06
    4.4901420710E+04    5.2868873224E-06
    4.4914933020E+04    5.7563342894E-06
    4.4928445340E+04    7.0836392948E-06
    4.4941957650E+04    8.6328192365E-06
    4.4955469960E+04    8.6625750930E-06
    4.4968982280E+04    7.8130820041E-06
    4.4982494590E+04    7.0706342306E-06
    4.4996006910E+04    7.5694633094E-06
    4.5009519220E+04    7.7220058030E-06
    4.5023031540E+04    7.0921012736E-06
    4.5036543850E+04    6.2141749823E-06
    4.5050056170E+04    6.2151930146E-06
    4.5063568480E+04    6.9358483422E-06
    4.5077080790E+04    6.7554932820E-06
    4.5090593110E+04    6.6056847031E-06
    4.5104105420E+04    6.8023985144E-06
    4.5117617740E+04    6.9086281425E-06
    4.5131130050E+04    5.7191207357E-06
    4.5144642370E+04    3.9125301340E-06
    4.5158154680E+04    4.1996723078E-06
    4.5171666990E+04    5.1778881601E-06
    4.5185179310E+04    6.4845293997E-06
    4.5198691620E+04    7.2249082827E-06
    4.5212203940E+04    8.2554941671E-06
    4.5225716250E+04    9.1016161419E-06
    4.5239228570E+04    9.4014173073E-06
    4.5252740880E+04    7.0459179952E-06
    4.5266253200E+04    5.6114299376E-06
    4.5279765510E+04    4.9227538724E-06
    4.5293277820E+04    6.2722665771E-06
    4.5306790140E+04    7.4543257032E-06
    4.5320302450E+04    8.0029013496E-06
    4.5333814770E+04    8.6776053131E-06
    4.5347327080E+04    9.5755610799E-06
    4.5360839400E+04    1.0331071312E-05
    4.5374351710E+04    9.7353693787E-06
    4.5387864030E+04    9.0202710546E-06
    4.5401376340E+04    8.2584559980E-06
    4.5414888650E+04    7.3607153309E-06
    4.5428400970E+04    6.4605319271E-06
    4.5441913280E+04    6.1268555733E-06
    4.5455425600E+04    7.1773725883E-06
    4.5468937910E+04    8.8915987498E-06
    4.5482450230E+04    1.0908417405E-05
    4.5495962540E+04    1.2525701953E-05
    4.5509474850E+04    1.2552659199E-05
    4.5522987170E+04    1.1012751322E-05
    4.5536499480E+04    8.0203790058E-06
    4.5550011800E+04    5.0228890925E-06
    4.5563524110E+04    4.0420272808E-06
    4.5577036430E+04    4.7716851666E-06
    4.5590548740E+04    5.3809138990E-06
    4.5604061060E+04    6.1753515593E-06
    4.5617573370E+04    6.3523111008E-06
    4.5631085680E+04    4.9389635559E-06
    4.5644598000E+04    3.3129337655E-06
    4.5658110310E+04    2.4696766110E-06
    4.5671622630E+04    2.7395013706E-06
    4.5685134940E+04    3.4581812654E-06
    4.5698647260E+04    7.1275684749E-06
    4.5712159570E+04    7.9921920956E-06
    4.5725671880E+04    7.3044431819E-06
    4.5739184200E+04    5.7472198129E-06
    4.5752696510E+04    3.9298381218E-06
    4.5766208830E+04    2.3540636664E-06
    4.5779721140E+04    1.2536801207E-06
    4.5793233460E+04    2.5831742396E-06
    4.5806745770E+04    4.5899915050E-06
    4.5820258090E+04    7.0134777881E-06
    4.5833770400E+04    5.4407102193E-06
    4.5847282710E+04    3.6674367215E-06
    4.5860795030E+04    2.7236836061E-06
    4.5874307340E+04    3.1030497405E-06
    4.5887819660E+04    4.3480850805E-06
    4.5901331970E+04    5.6530358325E-06
    4.5914844290E+04    6.1817858651E-06
    4.5928356600E+04    6.1692305319E-06
    4.5941868910E+04    5.4599321148E-06
    4.5955381230E+04    2.0610588216E-06
    4.5968893540E+04    1.8031453123E-07
    4.5982405860E+04    5.0751424549E-09
    4.5995918170E+04    4.8671768314E-09
    4.6009430490E+04    4.8637469968E-09
    4.6022942800E+04    4.8602815019E-09
    4.6036455120E+04    4.8567844059E-09
    4.6049967430E+04    4.8532563578E-09
    4.6063479740E+04    4.8496927329E-09
    4.6076992060E+04    1.0252334404E-07
    4.6090504370E+04    1.5887467799E-06
    4.6104016690E+04    3.2307267249E-06
    4.6117529000E+04    5.3428242742E-06
    4.6131041320E+04    7.3492044084E-06
    4.6144553630E+04    7.1666876067E-06
    4.6158065950E+04    2.5331293965E-06
    4.6171578260E+04    3.6672163592E-07
    4.6185090570E+04    6.7973943589E-09
    4.6198602890E+04    4.8174344039E-09
    4.6212115200E+04    4.8135529686E-09
    4.6225627520E+04    4.8095629871E-09
    4.6239139830E+04    1.8004802872E-08
    4.6252652150E+04    1.9275622235E-07
    4.6266164460E+04    9.8829584078E-07
    4.6279676770E+04    1.7349756915E-06
    4.6293189090E+04    7.9001661634E-07
    4.6306701400E+04    4.7597164849E-08
    4.6320213720E+04    3.0129214924E-07
    4.6333726030E+04    1.3526765174E-06
    4.6347238350E+04    1.3999315841E-06
    4.6360750660E+04    1.1195791659E-06
    4.6374262980E+04    9.7460362954E-07
    4.6387775290E+04    1.4562494144E-06
    4.6401287600E+04    2.1328685624E-06
    4.6414799920E+04    3.4579180551E-06
    4.6428312230E+04    3.8557430247E-06
    4.6441824550E+04    3.7837865803E-06
    4.6455336860E+04    3.1712569983E-06
    4.6468849180E+04    3.2490805033E-06
    4.6482361490E+04    4.2100807019E-06
    4.6495873800E+04    5.9192018009E-06
    4.6509386120E+04    6.6318374646E-06
    4.6522898430E+04    6.4852124089E-06
    4.6536410750E+04    5.1193392367E-06
    4.6549923060E+04    3.2318702109E-06
    4.6563435380E+04    2.2553336664E-06
    4.6576947690E+04    2.3048357138E-06
    4.6590460010E+04    2.0340374766E-06
    4.6603972320E+04    1.3087183377E-06
    4.6617484630E+04    5.2048276023E-07
    4.6630996950E+04    3.0677773567E-06
    4.6644509260E+04    4.4245076569E-06
    4.6658021580E+04    3.1614132340E-06
    4.6671533890E+04    2.7237333164E-06
    4.6685046210E+04    2.7655724645E-06
    4.6698558520E+04    3.3052991944E-06
    4.6712070830E+04    4.0259705925E-06
    4.6725583150E+04    3.7936030342E-06
    4.6739095460E+04    3.3475049059E-06
    4.6752607780E+04    4.1156662735E-06
    4.6766120090E+04    4.9063273618E-06
    4.6779632410E+04    5.3053561268E-06
    4.6793144720E+04    7.1234687455E-06
    4.6806657040E+04    8.2220110551E-06
    4.6820169350E+04    8.2214318548E-06
    4.6833681660E+04    6.8444849698E-06
    4.6847193980E+04    3.5379060625E-06
    4.6860706290E+04    1.5224805602E-06
    4.6874218610E+04    1.6115605715E-06
    4.6887730920E+04    1.9765909468E-06
    4.6901243240E+04    2.2886007085E-06
    4.6914755550E+04    2.5895178412E-06
    4.6928267870E+04    3.2293335788E-06
    4.6941780180E+04    2.8089766737E-06
    4.6955292490E+04    3.3721025113E-06
    4.6968804810E+04    5.1629121907E-06
    4.6982317120E+04    7.3808518198E-06
    4.6995829440E+04    8.5387131396E-06
    4.7009341750E+04    8.5587290832E-06
    4.7022854070E+04    6.9112506256E-06
    4.7036366380E+04    5.5496553427E-06
    4.7049878690E+04    5.0922068137E-06
    4.7063391010E+04    6.0621037464E-06
    4.7076903320E+04    6.5684781813E-06
    4.7090415640E+04    6.8084839025E-06
    4.7103927950E+04    6.8928057149E-06
    4.7117440270E+04    7.1932206888E-06
    4.7130952580E+04    7.8370933941E-06
    4.7144464900E+04    7.4023879694E-06
    4.7157977210E+04    6.7828893955E-06
    4.7171489520E+04    6.2758682642E-06
    4.7185001840E+04    5.9777394308E-06
    4.7198514150E+04    5.3478765889E-06
    4.7212026470E+04    4.9568259344E-06
    4.7225538780E+04    5.4891835164E-06
    4.7239051100E+04    6.4030352975E-06
    4.7252563410E+04    6.6434566299E-06
    4.7266075720E+04    6.0815854646E-06
    4.7279588040E+04    5.6871550585E-06
    4.7293100350E+04    4.9260671159E-06
    4.7306612670E+04    3.8927360807E-06
    4.7320124980E+04    2.5861314931E-06
    4.7333637300E+04    3.9987539989E-06
    4.7347149610E+04    4.9678730023E-06
    4.7360661930E+04    6.2605209272E-06
    4.7374174240E+04    7.0148414885E-06
    4.7387686550E+04    6.0180623617E-06
    4.7401198870E+04    3.8040207570E-06
    4.7414711180E+04    2.4843388687E-06
    4.7428223500E+04    2.6176492853E-06
    4.7441735810E+04    3.0530635485E-06
    4.7455248130E+04    3.8389380982E-06
    4.7468760440E+04    4.3689943489E-06
    4.7482272760E+04    4.9952152021E-06
    4.7495785070E+04    5.7130075683E-06
    4.7509297380E+04    5.4242555567E-06
    4.7522809700E+04    4.9389443225E-06
    4.7536322010E+04    4.7753066828E-06
    4.7549834330E+04    5.5841330240E-06
    4.7563346640E+04    7.6263505333E-06
    4.7576858960E+04    8.8606280743E-06
    4.7590371270E+04    9.4804417261E-06
    4.7603883580E+04    8.6468698173E-06
    4.7617395900E+04    7.5152929504E-06
    4.7630908210E+04    6.5891502045E-06
    4.7644420530E+04    6.9274701667E-06
    4.7657932840E+04    8.1476347636E-06
    4.7671445160E+04    1.0130476482E-05
    4.7684957470E+04    1.0643835323E-05
    4.7698469790E+04    1.0707581419E-05
    4.7711982100E+04    9.5431183623E-06
    4.7725494410E+04    9.1997060367E-06
    4.7739006730E+04    9.2451982373E-06
    4.7752519040E+04    8.6834626604E-06
    4.7766031360E+04    8.5300701804E-06
    4.7779543670E+04    7.6911368974E-06
    4.7793055990E+04    6.7821552562E-06
    4.7806568300E+04    5.9374913533E-06
    4.7820080610E+04    5.5988530721E-06
    4.7833592930E+04    7.3744724382E-06
    4.7847105240E+04    8.1256519691E-06
    4.7860617560E+04    8.3909633778E-06
    4.7874129870E+04    7.0195160179E-06
    4.7887642190E+04    5.3307702026E-06
    4.7901154500E+04    4.5570090466E-06
    4.7914666820E+04    3.6473520631E-06
    4.7928179130E+04    2.9512696753E-06
    4.7941691440E+04    2.3780964111E-06
    4.7955203760E+04    1.8823456362E-06
    4.7968716070E+04    1.9795236387E-06
    4.7982228390E+04    2.5129181752E-06
    4.7995740700E+04    3.2713066152E-06
    4.8009253020E+04    3.6082697942E-06
    4.8022765330E+04    2.7691301430E-06
    4.8036277640E+04    1.5659474266E-06
    4.8049789960E+04    7.7905806935E-07
    4.8063302270E+04    1.0038519012E-06
    4.8076814590E+04    1.3464184867E-06
    4.8090326900E+04    1.9334704806E-06
    4.8103839220E+04    2.7044991108E-06
    4.8117351530E+04    3.6998841849E-06
    4.8130863850E+04    4.3064671763E-06
    4.8144376160E+04    4.3878942769E-06
    4.8157888470E+04    3.7173457829E-06
    4.8171400790E+04    3.1303779846E-06
    4.8184913100E+04    2.6663337086E-06
    4.8198425420E+04    2.5329261185E-06
    4.8211937730E+04    2.0155485348E-06
    4.8225450050E+04    1.2920786085E-06
    4.8238962360E+04    5.0062537073E-08
    4.8252474680E+04    4.7609331095E-09
    4.8265986990E+04    3.7148327175E-08
    4.8279499300E+04    1.1911783584E-07
    4.8293011620E+04    6.4577203191E-08
    4.8306523930E+04    6.2394216764E-08
    4.8320036250E+04    2.6441518298E-06
    4.8333548560E+04    3.5695995701E-06
    4.8347060880E+04    3.8424481566E-06
    4.8360573190E+04    3.2074325516E-06
    4.8374085500E+04    3.0792148853E-06
    4.8387597820E+04    3.0231939450E-06
    4.8401110130E+04    2.7429230479E-06
    4.8414622450E+04    2.3375151651E-06
    4.8428134760E+04    1.8511302901E-06
    4.8441647080E+04    2.6081259327E-06
    4.8455159390E+04    4.1782861073E-06
    4.8468671710E+04    5.3869295283E-06
    4.8482184020E+04    5.9600949319E-06
    4.8495696330E+04    5.4100407023E-06
    4.8509208650E+04    4.9590043595E-06
    4.8522720960E+04    5.5991848803E-06
    4.8536233280E+04    7.0355426865E-06
    4.8549745590E+04    8.5575127522E-06
    4.8563257910E+04    9.0823421661E-06
    4.8576770220E+04    7.9156152927E-06
    4.8590282530E+04    6.8540452897E-06
    4.8603794850E+04    5.3726298478E-06
    4.8617307160E+04    5.0192335961E-06
    4.8630819480E+04    5.6336825016E-06
    4.8644331790E+04    7.7473472916E-06
    4.8657844110E+04    1.0993664593E-05
    4.8671356420E+04    1.0625383174E-05
    4.8684868740E+04    9.9709128268E-06
    4.8698381050E+04    9.0034658963E-06
    4.8711893360E+04    8.3452613582E-06
    4.8725405680E+04    8.1165899970E-06
    4.8738917990E+04    6.1229256640E-06
    4.8752430310E+04    4.7018887303E-06
    4.8765942620E+04    3.3865057212E-06
    4.8779454940E+04    2.7137562457E-06
    4.8792967250E+04    2.3780914804E-06
    4.8806479560E+04    1.7564083055E-06
    4.8819991880E+04    1.3108325078E-06
    4.8833504190E+04    1.5758337856E-06
    4.8847016510E+04    2.0507243951E-06
    4.8860528820E+04    3.0088163799E-06
    4.8874041140E+04    3.3993388487E-06
    4.8887553450E+04    3.4237768338E-06
    4.8901065770E+04    3.6513756858E-06
    4.8914578080E+04    5.1009758653E-06
    4.8928090390E+04    5.0509271598E-06
    4.8941602710E+04    3.7571447769E-06
    4.8955115020E+04    2.2034351097E-06
    4.8968627340E+04    1.2792850284E-06
    4.8982139650E+04    1.1386137406E-06
    4.8995651970E+04    1.9573311886E-06
    4.9009164280E+04    2.8968780967E-06
    4.9022676600E+04    3.8432101137E-06
    4.9036188910E+04    5.3405221575E-06
    4.9049701220E+04    6.4604907328E-06
    4.9063213540E+04    5.0999920384E-06
    4.9076725850E+04    5.2247764995E-06
    4.9090238170E+04    4.8721267692E-06
    4.9103750480E+04    4.4501622954E-06
    4.9117262800E+04    4.0023561643E-06
    4.9130775110E+04    3.4897960750E-06
    4.9144287420E+04    3.0968246008E-06
    4.9157799740E+04    3.2131328879E-06
    4.9171312050E+04    3.6308097769E-06
    4.9184824370E+04    4.6542256044E-06
    4.9198336680E+04    5.1294588612E-06
    4.9211849000E+04    5.2608017580E-06
    4.9225361310E+04    4.4050847684E-06
    4.9238873630E+04    4.2355991746E-06
    4.9252385940E+04    3.5376033663E-06
    4.9265898250E+04    3.3522242725E-06
    4.9279410570E+04    3.6367892012E-06
    4.9292922880E+04    4.1775746568E-06
    4.9306435200E+04    4.8672783804E-06
    4.9319947510E+04    5.3095283633E-06
    4.9333459830E+04    5.6239445030E-06
    4.9346972140E+04    5.3068246630E-06
    4.9360484450E+04    5.2838984770E-06
    4.9373996770E+04    6.2525316782E-06
    4.9387509080E+04    6.9402621249E-06
    4.9401021400E+04    7.1788805131E-06
    4.9414533710E+04    5.5450860941E-06
    4.9428046030E+04    4.5299449279E-06
    4.9441558340E+04    4.0906936718E-06
    4.9455070660E+04    4.1513255374E-06
    4.9468582970E+04    5.0193783725E-06
    4.9482095280E+04    4.7342887118E-06
    4.9495607600E+04    4.6334238439E-06
    4.9509119910E+04    4.2334794249E-06
    4.9522632230E+04    4.2731784119E-06
    4.9536144540E+04    3.7343520260E-06
    4.9549656860E+04    2.2882990420E-06
    4.9563169170E+04    2.7193537052E-06
    4.9576681480E+04    3.5233035044E-06
    4.9590193800E+04    4.4821349112E-06
    4.9603706110E+04    4.5949218620E-06
    4.9617218430E+04    4.6151126034E-06
    4.9630730740E+04    4.5144486236E-06
    4.9644243060E+04    6.6986195270E-06
    4.9657755370E+04    7.6811264181E-06
    4.9671267690E+04    7.6335315108E-06
    4.9684780000E+04    7.5762002890E-06
    4.9698292310E+04    7.2888497005E-06
    4.9711804630E+04    7.0779526485E-06
    4.9725316940E+04    7.3503300964E-06
    4.9738829260E+04    8.1044717429E-06
    4.9752341570E+04    7.4604607309E-06
    4.9765853890E+04    6.8480878074E-06
    4.9779366200E+04    6.4307287055E-06
    4.9792878520E+04    6.6999637816E-06
    4.9806390830E+04    7.3523542528E-06
    4.9819903140E+04    7.5455670363E-06
    4.9833415460E+04    7.7338455188E-06
    4.9846927770E+04    8.0051716033E-06
    4.9860440090E+04    7.8266985522E-06
    4.9873952400E+04    7.7449451876E-06
    4.9887464720E+04    6.7713222566E-06
    4.9900977030E+04    6.4132816080E-06
    4.9914489340E+04    6.4797366214E-06
    4.9928001660E+04    7.6515438766E-06
    4.9941513970E+04    9.7573098714E-06
    4.9955026290E+04    1.1785404326E-05
    4.9968538600E+04    1.2548824338E-05
    4.9982050920E+04    1.3334593089E-05
    4.9995563230E+04    1.4334804605E-05
    5.0009075550E+04    1.3800580328E-05
    5.0022587860E+04    1.2820231757E-05
    5.0036100170E+04    1.0232195048E-05
    5.0049612490E+04    8.5870740106E-06
    5.0063124800E+04    7.7104805313E-06
    5.0076637120E+04    7.3543310873E-06
    5.0090149430E+04    7.4450535203E-06
    5.0103661750E+04    6.2090770229E-06
    5.0117174060E+04    6.4403509117E-06
    5.0130686370E+04    6.1328693687E-06
    5.0144198690E+04    5.6717757238E-06
    5.0157711000E+04    5.0607945577E-06
    5.0171223320E+04    5.1390300902E-06
    5.0184735630E+04    5.6756509859E-06
    5.0198247950E+04    5.9759852420E-06
    5.0211760260E+04    6.1420295474E-06
    5.0225272580E+04    5.2053058504E-06
    5.0238784890E+04    4.3618638749E-06
    5.0252297200E+04    4.4959422576E-06
    5.0265809520E+04    5.1041287844E-06
    5.0279321830E+04    6.5387952596E-06
    5.0292834150E+04    7.1722998974E-06
    5.0306346460E+04    6.5932294794E-06
    5.0319858780E+04    4.9983916952E-06
    5.0333371090E+04    4.2787377344E-06
    5.0346883410E+04    4.1854731805E-06
    5.0360395720E+04    3.8843625095E-06
    5.0373908030E+04    2.4656780168E-06
    5.0387420350E+04    2.1548969693E-06
    5.0400932660E+04    2.3121246685E-06
    5.0414444980E+04    2.7069441344E-06
    5.0427957290E+04    3.5721556963E-06
    5.0441469610E+04    4.3719150960E-06
    5.0454981920E+04    5.0959835761E-06
    5.0468494230E+04    5.4812063874E-06
    5.0482006550E+04    5.7713408415E-06
    5.0495518860E+04    5.3198841184E-06
    5.0509031180E+04    4.7903905922E-06
    5.0522543490E+04    3.8683111408E-06
    5.0536055810E+04    3.2376977632E-06
    5.0549568120E+04    2.9125919800E-06
    5.0563080440E+04    2.5577075970E-06
    5.0576592750E+04    2.1942865655E-06
    5.0590105060E+04    1.7298319310E-06
    5.0603617380E+04    1.3113774573E-06
    5.0617129690E+04    1.7633294485E-06
    5.0630642010E+04    2.5990306021E-06
    5.0644154320E+04    3.2631901407E-06
    5.0657666640E+04    3.7286233983E-06
    5.0671178950E+04    2.9020913253E-06
    5.0684691260E+04    1.8533286013E-06
    5.0698203580E+04    8.3891533928E-07
    5.0711715890E+04    4.9492294958E-07
    5.0725228210E+04    3.6884684321E-07
    5.0738740520E+04    5.3097467961E-07
    5.0752252840E+04    1.0216044187E-06
    5.0765765150E+04    1.4299770696E-06
    5.0779277470E+04    1.8901129348E-06
    5.0792789780E+04    1.8736326519E-06
    5.0806302090E+04    1.7993167722E-06
    5.0819814410E+04    1.4908434090E-06
    5.0833326720E+04    1.1326714962E-06
    5.0846839040E+04    7.2368380356E-07
    5.0860351350E+04    4.5721744293E-07
    5.0873863670E+04    2.8559071778E-07
    5.0887375980E+04    4.7932173783E-07
    5.0900888290E+04    1.3998869377E-06
    5.0914400610E+04    2.2564361921E-06
    5.0927912920E+04    3.1142997771E-06
    5.0941425240E+04    2.3382388113E-06
    5.0954937550E+04    1.2024757587E-06
    5.0968449870E+04    2.1939734193E-08
    5.0981962180E+04    2.6745865240E-09
    5.0995474500E+04    2.6662778197E-09
