###   Wavelength (A)        Transmission
    2.0004663860E+04    1.4341096754E-10
    2.0020744780E+04    1.1832381745E-10
    2.0036825700E+04    1.0337947381E-10
    2.0052906620E+04    1.0702943217E-10
    2.0068987540E+04    9.6102595484E-11
    2.0085068460E+04    6.2945893480E-11
    2.0101149380E+04    5.3174700653E-11
    2.0117230300E+04    6.8099678325E-11
    2.0133311220E+04    6.1917297001E-11
    2.0149392140E+04    3.5837249968E-11
    2.0165473060E+04    3.0493245153E-11
    2.0181553980E+04    3.9785583618E-11
    2.0197634900E+04    3.5742887364E-11
    2.0213715820E+04    2.3812132111E-11
    2.0229796740E+04    1.9662071025E-11
    2.0245877660E+04    1.8725983114E-11
    2.0261958580E+04    2.0514288248E-11
    2.0278039490E+04    2.4410158057E-11
    2.0294120410E+04    8.5618718931E-12
    2.0310201330E+04    2.4457580310E-12
    2.0326282250E+04    3.7015997363E-12
    2.0342363170E+04    1.4098037225E-11
    2.0358444090E+04    9.7104572155E-13
    2.0374525010E+04    7.9625916816E-15
    2.0390605930E+04    4.4384884775E-14
    2.0406686850E+04    4.5479585836E-12
    2.0422767770E+04    4.0227269064E-12
    2.0438848690E+04    1.2358979455E-12
    2.0454929610E+04    1.5877380808E-12
    2.0471010530E+04    4.6124407164E-12
    2.0487091450E+04    9.8478068811E-12
    2.0503172370E+04    1.2603994304E-11
    2.0519253290E+04    3.7492697304E-12
    2.0535334210E+04    1.2069211326E-12
    2.0551415130E+04    1.9563185288E-12
    2.0567496050E+04    9.8406608459E-12
    2.0583576970E+04    1.6291477893E-12
    2.0599657880E+04    1.7955208125E-14
    2.0615738800E+04    4.0554918997E-14
    2.0631819720E+04    3.7788609130E-12
    2.0647900640E+04    2.6479125331E-12
    2.0663981560E+04    3.3117761870E-14
    2.0680062480E+04    3.1420668975E-14
    2.0696143400E+04    2.2037387941E-12
    2.0712224320E+04    2.1338961084E-11
    2.0728305240E+04    1.8074479696E-11
    2.0744386160E+04    3.7473614192E-12
    2.0760467080E+04    8.5237938166E-14
    2.0776548000E+04    2.8012014596E-14
    2.0792628920E+04    2.6434375862E-12
    2.0808709840E+04    2.7893067259E-11
    2.0824790760E+04    3.7446532257E-13
    2.0840871680E+04    2.2648693953E-14
    2.0856952600E+04    2.2587753678E-12
    2.0873033520E+04    1.0961937023E-10
    2.0889114440E+04    1.4494224439E-12
    2.0905195360E+04    1.9440069734E-14
    2.0921276270E+04    1.2684503191E-12
    2.0937357190E+04    9.2865943092E-11
    2.0953438110E+04    4.0557786332E-11
    2.0969519030E+04    1.5471701386E-11
    2.0985599950E+04    2.7796572404E-12
    2.1001680870E+04    3.1292551887E-12
    2.1017761790E+04    1.3885483582E-11
    2.1033842710E+04    1.3614138519E-10
    2.1049923630E+04    5.9305762515E-11
    2.1066004550E+04    1.0201872362E-12
    2.1082085470E+04    6.3821180392E-13
    2.1098166390E+04    5.8262962880E-11
    2.1114247310E+04    4.3512269460E-10
    2.1130328230E+04    6.0156336598E-12
    2.1146409150E+04    2.7460536103E-13
    2.1162490070E+04    1.8880103598E-11
    2.1178570990E+04    1.2654747533E-09
    2.1194651910E+04    2.0802552341E-11
    2.1210732830E+04    3.2357339106E-13
    2.1226813750E+04    2.3387897447E-12
    2.1242894660E+04    8.4585717854E-11
    2.1258975580E+04    3.7224854062E-10
    2.1275056500E+04    6.1787129421E-10
    2.1291137420E+04    1.1824713371E-10
    2.1307218340E+04    2.0574519123E-12
    2.1323299260E+04    5.5925349760E-13
    2.1339380180E+04    3.9784364091E-11
    2.1355461100E+04    8.1849174870E-10
    2.1371542020E+04    1.1029150380E-11
    2.1387622940E+04    1.5094283691E-13
    2.1403703860E+04    6.9891398776E-12
    2.1419784780E+04    4.8024741049E-10
    2.1435865700E+04    5.4606845352E-11
    2.1451946620E+04    7.9065280966E-13
    2.1468027540E+04    9.2148253832E-13
    2.1484108460E+04    4.2011329164E-11
    2.1500189380E+04    5.4268834859E-10
    2.1516270300E+04    5.2018670790E-10
    2.1532351220E+04    3.9761666924E-10
    2.1548432140E+04    7.6750500589E-11
    2.1564513050E+04    1.9527971276E-11
    2.1580593970E+04    7.5817136676E-11
    2.1596674890E+04    5.8748920737E-10
    2.1612755810E+04    9.9782120186E-11
    2.1628836730E+04    1.5098382012E-12
    2.1644917650E+04    7.4473443579E-13
    2.1660998570E+04    5.3258428717E-11
    2.1677079490E+04    9.7723451346E-10
    2.1693160410E+04    1.4431791432E-11
    2.1709241330E+04    2.1626719932E-13
    2.1725322250E+04    5.5631540421E-12
    2.1741403170E+04    3.2292516577E-10
    2.1757484090E+04    1.1024433731E-09
    2.1773565010E+04    7.6661152171E-10
    2.1789645930E+04    4.2394313669E-10
    2.1805726850E+04    2.6374644799E-10
    2.1821807770E+04    2.0868297361E-10
    2.1837888690E+04    4.6176517035E-10
    2.1853969610E+04    1.5320302490E-09
    2.1870050530E+04    9.5786799085E-11
    2.1886131450E+04    1.7178930425E-12
    2.1902212360E+04    1.9134440988E-12
    2.1918293280E+04    1.3027201556E-10
    2.1934374200E+04    1.7422076525E-09
    2.1950455120E+04    2.9162812106E-11
    2.1966536040E+04    4.9904109616E-13
    2.1982616960E+04    1.1161451226E-11
    2.1998697880E+04    6.4764210434E-10
    2.2014778800E+04    1.7234570463E-09
    2.2030859720E+04    9.7097830014E-10
    2.2046940640E+04    7.1783245303E-10
    2.2063021560E+04    8.2620244399E-10
    2.2079102480E+04    9.5685568390E-10
    2.2095183400E+04    1.5485564056E-09
    2.2111264320E+04    3.2875022751E-09
    2.2127345240E+04    8.8745709368E-10
    2.2143426160E+04    2.0712766720E-11
    2.2159507080E+04    2.6043114961E-12
    2.2175588000E+04    1.8264172838E-10
    2.2191668920E+04    1.2985883736E-08
    2.2207749840E+04    8.9106207810E-10
    2.2223830750E+04    1.8104755464E-11
    2.2239911670E+04    1.7841645698E-11
    2.2255992590E+04    1.1159370925E-09
    2.2272073510E+04    3.3525830413E-08
    2.2288154430E+04    5.0611520148E-09
    2.2304235350E+04    1.2313313285E-09
    2.2320316270E+04    2.0097519584E-09
    2.2336397190E+04    7.2931719210E-09
    2.2352478110E+04    2.4360937077E-08
    2.2368559030E+04    3.1457827859E-08
    2.2384639950E+04    4.2413654330E-08
    2.2400720870E+04    7.8693602226E-09
    2.2416801790E+04    2.1072820587E-09
    2.2432882710E+04    2.7830288851E-09
    2.2448963630E+04    1.6369150084E-08
    2.2465044550E+04    9.4648050648E-08
    2.2481125470E+04    1.8522763142E-09
    2.2497206390E+04    3.7170385365E-11
    2.2513287310E+04    1.8001579622E-10
    2.2529368230E+04    1.1452743361E-08
    2.2545449140E+04    1.0066117806E-07
    2.2561530060E+04    2.0763690715E-09
    2.2577610980E+04    4.3612427085E-11
    2.2593691900E+04    4.3846852996E-10
    2.2609772820E+04    2.0665454721E-08
    2.2625853740E+04    2.3397047727E-07
    2.2641934660E+04    2.1906160550E-07
    2.2658015580E+04    2.1136795265E-07
    2.2674096500E+04    1.2778607444E-07
    2.2690177420E+04    1.0365785638E-07
    2.2706258340E+04    1.2138073143E-07
    2.2722339260E+04    2.3351746796E-07
    2.2738420180E+04    8.3238656992E-07
    2.2754501100E+04    1.0642862127E-07
    2.2770582020E+04    1.9176418977E-08
    2.2786662940E+04    1.8417543256E-08
    2.2802743860E+04    1.1714490995E-07
    2.2818824780E+04    1.2798675117E-06
    2.2834905700E+04    2.7499082083E-07
    2.2850986620E+04    1.0279946212E-07
    2.2867067530E+04    9.7182212378E-08
    2.2883148450E+04    2.5598927517E-07
    2.2899229370E+04    1.1645098548E-06
    2.2915310290E+04    8.2720970552E-07
    2.2931391210E+04    6.4928396696E-07
    2.2947472130E+04    5.8103139369E-07
    2.2963553050E+04    6.0258124777E-07
    2.2979633970E+04    6.2857430944E-07
    2.2995714890E+04    9.7290126573E-07
    2.3011795810E+04    1.6416604561E-06
    2.3027876730E+04    6.5878733362E-07
    2.3043957650E+04    1.4920956037E-08
    2.3060038570E+04    3.4984873758E-10
    2.3076119490E+04    5.2479080288E-09
    2.3092200410E+04    3.2384825282E-07
    2.3108281330E+04    2.4410076004E-06
    2.3124362250E+04    5.3115541647E-08
    2.3140443170E+04    1.1927390909E-09
    2.3156524090E+04    6.4938375081E-09
    2.3172605010E+04    3.7908338161E-07
    2.3188685920E+04    1.2356545414E-05
    2.3204766840E+04    7.6188052574E-06
    2.3220847760E+04    5.2086219548E-06
    2.3236928680E+04    5.6508354747E-06
    2.3253009600E+04    8.9494054616E-06
    2.3269090520E+04    1.4099113332E-05
    2.3285171440E+04    1.9643308352E-05
    2.3301252360E+04    2.7317860584E-05
    2.3317333280E+04    2.7013121120E-05
    2.3333414200E+04    1.2628239608E-05
    2.3349495120E+04    6.1509998405E-06
    2.3365576040E+04    1.0940236091E-05
    2.3381656960E+04    3.1598221578E-05
    2.3397737880E+04    7.9721857899E-05
    2.3413818800E+04    1.9042544450E-05
    2.3429899720E+04    5.3253002600E-06
    2.3445980640E+04    5.2119921823E-06
    2.3462061560E+04    1.9790552378E-05
    2.3478142480E+04    8.8641932699E-05
    2.3494223400E+04    6.9857388217E-05
    2.3510304310E+04    4.8117335677E-05
    2.3526385230E+04    3.8711705115E-05
    2.3542466150E+04    5.5877789606E-05
    2.3558547070E+04    8.4411727897E-05
    2.3574627990E+04    1.2582014874E-04
    2.3590708910E+04    1.4339768090E-04
    2.3606789830E+04    1.6437531104E-04
    2.3622870750E+04    1.7136470949E-04
    2.3638951670E+04    1.7624570832E-04
    2.3655032590E+04    1.9244161698E-04
    2.3671113510E+04    2.7643206985E-04
    2.3687194430E+04    3.9795270823E-04
    2.3703275350E+04    4.8763101648E-04
    2.3719356270E+04    5.0441973105E-04
    2.3735437190E+04    5.1937173225E-04
    2.3751518110E+04    6.5490371504E-04
    2.3767599030E+04    8.7051360163E-04
    2.3783679950E+04    1.1414579329E-03
    2.3799760870E+04    1.2904243665E-03
    2.3815841790E+04    1.4604062075E-03
    2.3831922710E+04    1.7094456747E-03
    2.3848003620E+04    2.1236854932E-03
    2.3864084540E+04    2.6365221096E-03
    2.3880165460E+04    3.2153036367E-03
    2.3896246380E+04    3.8743759238E-03
    2.3912327300E+04    4.6678426426E-03
    2.3928408220E+04    5.6448449381E-03
    2.3944489140E+04    6.8311498024E-03
    2.3960570060E+04    8.2634097129E-03
    2.3976650980E+04    9.9718443137E-03
    2.3992731900E+04    1.2030511966E-02
    2.4008812820E+04    1.4368966036E-02
    2.4024893740E+04    1.6900676389E-02
    2.4040974660E+04    1.9874178989E-02
    2.4057055580E+04    2.3223961228E-02
    2.4073136500E+04    2.7033151588E-02
    2.4089217420E+04    3.1460875635E-02
    2.4105298340E+04    3.5978543743E-02
    2.4121379260E+04    4.1008222372E-02
    2.4137460180E+04    4.6723618308E-02
    2.4153541100E+04    5.3038802401E-02
    2.4169622010E+04    6.0197399462E-02
    2.4185702930E+04    6.8266042912E-02
    2.4201783850E+04    7.7255829301E-02
    2.4217864770E+04    8.7506960842E-02
    2.4233945690E+04    9.9123656041E-02
    2.4250026610E+04    1.1236087895E-01
    2.4266107530E+04    1.2734473269E-01
    2.4282188450E+04    1.4399032425E-01
    2.4298269370E+04    1.6257089747E-01
    2.4314350290E+04    1.8354604263E-01
    2.4330431210E+04    2.0481943343E-01
    2.4346512130E+04    2.2782608520E-01
    2.4362593050E+04    2.5338149786E-01
    2.4378673970E+04    2.7519398285E-01
    2.4394754890E+04    2.9846166787E-01
    2.4410835810E+04    3.2276569084E-01
    2.4426916730E+04    3.3977643807E-01
    2.4442997650E+04    3.5766068725E-01
    2.4459078570E+04    3.7430658883E-01
    2.4475159490E+04    3.8403225491E-01
    2.4491240400E+04    3.9396061704E-01
    2.4507321320E+04    4.0147551047E-01
    2.4523402240E+04    4.0499243996E-01
    2.4539483160E+04    4.0853503244E-01
    2.4555564080E+04    4.1077233385E-01
    2.4571645000E+04    4.1151390717E-01
    2.4587725920E+04    4.1225525346E-01
    2.4603806840E+04    4.1260120003E-01
    2.4619887760E+04    4.1259851211E-01
    2.4635968680E+04    4.1259521513E-01
    2.4652049600E+04    4.1268800654E-01
    2.4668130520E+04    4.1282906030E-01
    2.4684211440E+04    4.1306098230E-01
    2.4700292360E+04    4.1347732301E-01
    2.4716373280E+04    4.1408753197E-01
    2.4732454200E+04    4.1482213697E-01
    2.4748535120E+04    4.1579311948E-01
    2.4764616040E+04    4.1635286189E-01
    2.4780696960E+04    4.1691258197E-01
    2.4796777880E+04    4.1763478091E-01
    2.4812858790E+04    4.1797135560E-01
    2.4828939710E+04    4.1831845714E-01
    2.4845020630E+04    4.1885153735E-01
    2.4861101550E+04    4.1938198669E-01
    2.4877182470E+04    4.2002249440E-01
    2.4893263390E+04    4.2041542936E-01
    2.4909344310E+04    4.2099317985E-01
    2.4925425230E+04    4.2154450479E-01
    2.4941506150E+04    4.2204270933E-01
    2.4957587070E+04    4.2253988066E-01
    2.4973667990E+04    4.2303795909E-01
    2.4989748910E+04    4.2337372482E-01
    2.4997781620E+04    4.1492903698E-01
    2.5011293930E+04    4.1520459407E-01
    2.5024806240E+04    4.1534154281E-01
    2.5038318560E+04    4.1545649464E-01
    2.5051830870E+04    4.1549907319E-01
    2.5065343190E+04    4.1545499692E-01
    2.5078855500E+04    4.1534264521E-01
    2.5092367820E+04    4.1510892778E-01
    2.5105880130E+04    4.1481586012E-01
    2.5119392440E+04    4.1448851253E-01
    2.5132904760E+04    4.1409525050E-01
    2.5146417070E+04    4.1363635903E-01
    2.5159929390E+04    4.1318371487E-01
    2.5173441700E+04    4.1272935924E-01
    2.5186954020E+04    4.1228473614E-01
    2.5200466330E+04    4.1185693731E-01
    2.5213978650E+04    4.1152170388E-01
    2.5227490960E+04    4.1119171732E-01
    2.5241003270E+04    4.1089364605E-01
    2.5254515590E+04    4.1082141253E-01
    2.5268027900E+04    4.1075299722E-01
    2.5281540220E+04    4.1085145332E-01
    2.5295052530E+04    4.1102331529E-01
    2.5308564850E+04    4.1129908125E-01
    2.5322077160E+04    4.1165755973E-01
    2.5335589480E+04    4.1234821517E-01
    2.5349101790E+04    4.1310332050E-01
    2.5362614100E+04    4.1365940809E-01
    2.5376126420E+04    4.1482394014E-01
    2.5389638730E+04    4.1578166852E-01
    2.5403151050E+04    4.1679597865E-01
    2.5416663360E+04    4.1758569793E-01
    2.5430175680E+04    4.1825516489E-01
    2.5443687990E+04    4.1943788388E-01
    2.5457200300E+04    4.2053748127E-01
    2.5470712620E+04    4.2115600813E-01
    2.5484224930E+04    4.2187645773E-01
    2.5497737250E+04    4.2267827261E-01
    2.5511249560E+04    4.2297517977E-01
    2.5524761880E+04    4.2315607496E-01
    2.5538274190E+04    4.2381758483E-01
    2.5551786510E+04    4.2416192860E-01
    2.5565298820E+04    4.2409748273E-01
    2.5578811130E+04    4.2393873109E-01
    2.5592323450E+04    4.2339216424E-01
    2.5605835760E+04    4.2192754025E-01
    2.5619348080E+04    4.2093493097E-01
    2.5632860390E+04    4.2036871520E-01
    2.5646372710E+04    4.1962131378E-01
    2.5659885020E+04    4.1968493742E-01
    2.5673397330E+04    4.1880507255E-01
    2.5686909650E+04    4.1728845865E-01
    2.5700421960E+04    4.1579111732E-01
    2.5713934280E+04    4.1623750800E-01
    2.5727446590E+04    4.1436105237E-01
    2.5740958910E+04    4.1349560290E-01
    2.5754471220E+04    4.1345662672E-01
    2.5767983540E+04    4.1193815084E-01
    2.5781495850E+04    4.1188934895E-01
    2.5795008160E+04    4.1171718740E-01
    2.5808520480E+04    4.1067388442E-01
    2.5822032790E+04    4.1097706361E-01
    2.5835545110E+04    4.0987910807E-01
    2.5849057420E+04    4.1107768812E-01
    2.5862569740E+04    4.1189391564E-01
    2.5876082050E+04    4.1206679273E-01
    2.5889594370E+04    4.1344916087E-01
    2.5903106680E+04    4.1490092103E-01
    2.5916618990E+04    4.1610642590E-01
    2.5930131310E+04    4.1679384677E-01
    2.5943643620E+04    4.1458881533E-01
    2.5957155940E+04    4.1713622497E-01
    2.5970668250E+04    4.2130557300E-01
    2.5984180570E+04    4.2399814428E-01
    2.5997692880E+04    4.2570319912E-01
    2.6011205190E+04    4.2624334688E-01
    2.6024717510E+04    4.2714677459E-01
    2.6038229820E+04    4.2766919685E-01
    2.6051742140E+04    4.2728877625E-01
    2.6065254450E+04    4.2928549253E-01
    2.6078766770E+04    4.3041924189E-01
    2.6092279080E+04    4.3102374281E-01
    2.6105791400E+04    4.3194121497E-01
    2.6119303710E+04    4.3252297142E-01
    2.6132816020E+04    4.3210213240E-01
    2.6146328340E+04    4.3229886051E-01
    2.6159840650E+04    4.3140717111E-01
    2.6173352970E+04    4.3125959586E-01
    2.6186865280E+04    4.3344514673E-01
    2.6200377600E+04    4.3196954502E-01
    2.6213889910E+04    4.3304192440E-01
    2.6227402220E+04    4.3379774352E-01
    2.6240914540E+04    4.3346741403E-01
    2.6254426850E+04    4.3243037503E-01
    2.6267939170E+04    4.3072257859E-01
    2.6281451480E+04    4.3147867317E-01
    2.6294963800E+04    4.2977775456E-01
    2.6308476110E+04    4.2831281605E-01
    2.6321988430E+04    4.2949401033E-01
    2.6335500740E+04    4.2839549310E-01
    2.6349013050E+04    4.2856357702E-01
    2.6362525370E+04    4.2842757996E-01
    2.6376037680E+04    4.2787039567E-01
    2.6389550000E+04    4.2734964693E-01
    2.6403062310E+04    4.2685267752E-01
    2.6416574630E+04    4.2622745630E-01
    2.6430086940E+04    4.2605162955E-01
    2.6443599250E+04    4.2578027825E-01
    2.6457111570E+04    4.2503421357E-01
    2.6470623880E+04    4.2562378020E-01
    2.6484136200E+04    4.2589820176E-01
    2.6497648510E+04    4.2605318231E-01
    2.6511160830E+04    4.2499364470E-01
    2.6524673140E+04    4.2439420847E-01
    2.6538185460E+04    4.2568024006E-01
    2.6551697770E+04    4.2557614002E-01
    2.6565210080E+04    4.2622143546E-01
    2.6578722400E+04    4.2673876786E-01
    2.6592234710E+04    4.2626664108E-01
    2.6605747030E+04    4.2648991075E-01
    2.6619259340E+04    4.2634748428E-01
    2.6632771660E+04    4.2670163971E-01
    2.6646283970E+04    4.2497699650E-01
    2.6659796290E+04    4.2494246281E-01
    2.6673308600E+04    4.2548393842E-01
    2.6686820910E+04    4.2769333031E-01
    2.6700333230E+04    4.2522414346E-01
    2.6713845540E+04    4.2686920911E-01
    2.6727357860E+04    4.2854649586E-01
    2.6740870170E+04    4.2869134351E-01
    2.6754382490E+04    4.2775635772E-01
    2.6767894800E+04    4.2708863097E-01
    2.6781407110E+04    4.2781960308E-01
    2.6794919430E+04    4.2771541023E-01
    2.6808431740E+04    4.2919808295E-01
    2.6821944060E+04    4.2901978047E-01
    2.6835456370E+04    4.2785706161E-01
    2.6848968690E+04    4.2800760906E-01
    2.6862481000E+04    4.2759660807E-01
    2.6875993320E+04    4.2809735275E-01
    2.6889505630E+04    4.2785337275E-01
    2.6903017940E+04    4.2784652368E-01
    2.6916530260E+04    4.2738559973E-01
    2.6930042570E+04    4.2540548117E-01
    2.6943554890E+04    4.2484721811E-01
    2.6957067200E+04    4.2536582696E-01
    2.6970579520E+04    4.2612862021E-01
    2.6984091830E+04    4.2631385916E-01
    2.6997604140E+04    4.2675922283E-01
    2.7011116460E+04    4.2635533168E-01
    2.7024628770E+04    4.2680602223E-01
    2.7038141090E+04    4.2743638868E-01
    2.7051653400E+04    4.2769300162E-01
    2.7065165720E+04    4.2795469188E-01
    2.7078678030E+04    4.2774234331E-01
    2.7092190350E+04    4.2718161003E-01
    2.7105702660E+04    4.2665425643E-01
    2.7119214970E+04    4.2801739000E-01
    2.7132727290E+04    4.2959252077E-01
    2.7146239600E+04    4.2972389107E-01
    2.7159751920E+04    4.3009735983E-01
    2.7173264230E+04    4.3014214782E-01
    2.7186776550E+04    4.3048599726E-01
    2.7200288860E+04    4.2860218202E-01
    2.7213801170E+04    4.2996884552E-01
    2.7227313490E+04    4.3224282447E-01
    2.7240825800E+04    4.3061517344E-01
    2.7254338120E+04    4.3163731559E-01
    2.7267850430E+04    4.3334001992E-01
    2.7281362750E+04    4.3406548252E-01
    2.7294875060E+04    4.3442642754E-01
    2.7308387380E+04    4.3465889846E-01
    2.7321899690E+04    4.3488942757E-01
    2.7335412000E+04    4.3449053140E-01
    2.7348924320E+04    4.3342367452E-01
    2.7362436630E+04    4.3451420191E-01
    2.7375948950E+04    4.3441798067E-01
    2.7389461260E+04    4.3270093735E-01
    2.7402973580E+04    4.3230795915E-01
    2.7416485890E+04    4.3351556968E-01
    2.7429998210E+04    4.3475963923E-01
    2.7443510520E+04    4.3487202821E-01
    2.7457022830E+04    4.3433379263E-01
    2.7470535150E+04    4.3421203384E-01
    2.7484047460E+04    4.3399220896E-01
    2.7497559780E+04    4.3387329507E-01
    2.7511072090E+04    4.3264239606E-01
    2.7524584410E+04    4.3138498543E-01
    2.7538096720E+04    4.2962958237E-01
    2.7551609030E+04    4.2661824084E-01
    2.7565121350E+04    4.2642623146E-01
    2.7578633660E+04    4.2662562663E-01
    2.7592145980E+04    4.2594579625E-01
    2.7605658290E+04    4.2524018574E-01
    2.7619170610E+04    4.2297601175E-01
    2.7632682920E+04    4.2246980364E-01
    2.7646195240E+04    4.2294639486E-01
    2.7659707550E+04    4.2292611281E-01
    2.7673219860E+04    4.2189727737E-01
    2.7686732180E+04    4.2214528489E-01
    2.7700244490E+04    4.2198145078E-01
    2.7713756810E+04    4.2165526259E-01
    2.7727269120E+04    4.2240605520E-01
    2.7740781440E+04    4.2309867265E-01
    2.7754293750E+04    4.2311535105E-01
    2.7767806060E+04    4.2295949447E-01
    2.7781318380E+04    4.2349852706E-01
    2.7794830690E+04    4.2440474444E-01
    2.7808343010E+04    4.2432992653E-01
    2.7821855320E+04    4.2482930224E-01
    2.7835367640E+04    4.2563778770E-01
    2.7848879950E+04    4.2631909564E-01
    2.7862392270E+04    4.2568990746E-01
    2.7875904580E+04    4.2618180443E-01
    2.7889416890E+04    4.2757498169E-01
    2.7902929210E+04    4.2855266760E-01
    2.7916441520E+04    4.2899963687E-01
    2.7929953840E+04    4.2970231634E-01
    2.7943466150E+04    4.3031490504E-01
    2.7956978470E+04    4.3073505339E-01
    2.7970490780E+04    4.3147550131E-01
    2.7984003090E+04    4.3243541064E-01
    2.7997515410E+04    4.3304314208E-01
    2.8011027720E+04    4.3321686186E-01
    2.8024540040E+04    4.3291050518E-01
    2.8038052350E+04    4.3347230345E-01
    2.8051564670E+04    4.3406375691E-01
    2.8065076980E+04    4.3476877476E-01
    2.8078589300E+04    4.3517985911E-01
    2.8092101610E+04    4.3534441700E-01
    2.8105613920E+04    4.3529767003E-01
    2.8119126240E+04    4.3553600996E-01
    2.8132638550E+04    4.3565557173E-01
    2.8146150870E+04    4.3530064972E-01
    2.8159663180E+04    4.3529177755E-01
    2.8173175500E+04    4.3543905150E-01
    2.8186687810E+04    4.3555669243E-01
    2.8200200130E+04    4.3508092755E-01
    2.8213712440E+04    4.3510785966E-01
    2.8227224750E+04    4.3514223489E-01
    2.8240737070E+04    4.3504016482E-01
    2.8254249380E+04    4.3482590639E-01
    2.8267761700E+04    4.3455416226E-01
    2.8281274010E+04    4.3434377181E-01
    2.8294786330E+04    4.3420061179E-01
    2.8308298640E+04    4.3392276226E-01
    2.8321810950E+04    4.3355791255E-01
    2.8335323270E+04    4.3315001513E-01
    2.8348835580E+04    4.3285136768E-01
    2.8362347900E+04    4.3251739607E-01
    2.8375860210E+04    4.3186336252E-01
    2.8389372530E+04    4.3169485962E-01
    2.8402884840E+04    4.3171396039E-01
    2.8416397160E+04    4.3186318957E-01
    2.8429909470E+04    4.3170262522E-01
    2.8443421780E+04    4.3156780372E-01
    2.8456934100E+04    4.3143412185E-01
    2.8470446410E+04    4.3127786892E-01
    2.8483958730E+04    4.3109691501E-01
    2.8497471040E+04    4.3098169237E-01
    2.8510983360E+04    4.3079974531E-01
    2.8524495670E+04    4.3043809519E-01
    2.8538007980E+04    4.2995259509E-01
    2.8551520300E+04    4.2965568177E-01
    2.8565032610E+04    4.2947951384E-01
    2.8578544930E+04    4.2923384085E-01
    2.8592057240E+04    4.2890544768E-01
    2.8605569560E+04    4.2835794844E-01
    2.8619081870E+04    4.2802234132E-01
    2.8632594190E+04    4.2789272123E-01
    2.8646106500E+04    4.2804884749E-01
    2.8659618810E+04    4.2803279686E-01
    2.8673131130E+04    4.2785314111E-01
    2.8686643440E+04    4.2775291316E-01
    2.8700155760E+04    4.2755147154E-01
    2.8713668070E+04    4.2732777938E-01
    2.8727180390E+04    4.2722660853E-01
    2.8740692700E+04    4.2714729673E-01
    2.8754205010E+04    4.2699210137E-01
    2.8767717330E+04    4.2676404991E-01
    2.8781229640E+04    4.2655866226E-01
    2.8794741960E+04    4.2635162835E-01
    2.8808254270E+04    4.2611649513E-01
    2.8821766590E+04    4.2587541231E-01
    2.8835278900E+04    4.2555682561E-01
    2.8848791220E+04    4.2524241377E-01
    2.8862303530E+04    4.2442249026E-01
    2.8875815840E+04    4.2407267547E-01
    2.8889328160E+04    4.2373789245E-01
    2.8902840470E+04    4.2341178980E-01
    2.8916352790E+04    4.2317648678E-01
    2.8929865100E+04    4.2337544398E-01
    2.8943377420E+04    4.2313618441E-01
    2.8956889730E+04    4.2285986188E-01
    2.8970402050E+04    4.2259714692E-01
    2.8983914360E+04    4.2232754412E-01
    2.8997426670E+04    4.2193226656E-01
    2.9010938990E+04    4.2148424006E-01
    2.9024451300E+04    4.2119812989E-01
    2.9037963620E+04    4.2082037234E-01
    2.9051475930E+04    4.2040381603E-01
    2.9064988250E+04    4.2005359460E-01
    2.9078500560E+04    4.1967921697E-01
    2.9092012870E+04    4.1929410888E-01
    2.9105525190E+04    4.1866730712E-01
    2.9119037500E+04    4.1811554336E-01
    2.9132549820E+04    4.1778010649E-01
    2.9146062130E+04    4.1749272655E-01
    2.9159574450E+04    4.1721048528E-01
    2.9173086760E+04    4.1690652633E-01
    2.9186599080E+04    4.1661091032E-01
    2.9200111390E+04    4.1635483285E-01
    2.9213623700E+04    4.1587365906E-01
    2.9227136020E+04    4.1538719023E-01
    2.9240648330E+04    4.1496276912E-01
    2.9254160650E+04    4.1457552162E-01
    2.9267672960E+04    4.1453125935E-01
    2.9281185280E+04    4.1420021158E-01
    2.9294697590E+04    4.1377390379E-01
    2.9308209900E+04    4.1326296687E-01
    2.9321722220E+04    4.1272086694E-01
    2.9335234530E+04    4.1217496518E-01
    2.9348746850E+04    4.1159359530E-01
    2.9362259160E+04    4.1102928555E-01
    2.9375771480E+04    4.1018702562E-01
    2.9389283790E+04    4.0943749274E-01
    2.9402796110E+04    4.0888590751E-01
    2.9416308420E+04    4.0837522070E-01
    2.9429820730E+04    4.0780856130E-01
    2.9443333050E+04    4.0777368117E-01
    2.9456845360E+04    4.0727386229E-01
    2.9470357680E+04    4.0672382306E-01
    2.9483869990E+04    4.0623684913E-01
    2.9497382310E+04    4.0569068943E-01
    2.9510894620E+04    4.0540964786E-01
    2.9524406940E+04    4.0467232309E-01
    2.9537919250E+04    4.0393653314E-01
    2.9551431560E+04    4.0321998601E-01
    2.9564943880E+04    4.0251380267E-01
    2.9578456190E+04    4.0179971533E-01
    2.9591968510E+04    4.0107110152E-01
    2.9605480820E+04    4.0036276789E-01
    2.9618993140E+04    3.9962847042E-01
    2.9632505450E+04    3.9890734800E-01
    2.9646017760E+04    3.9819759277E-01
    2.9659530080E+04    3.9752619283E-01
    2.9673042390E+04    3.9685914554E-01
    2.9686554710E+04    3.9616933516E-01
    2.9700067020E+04    3.9548138338E-01
    2.9713579340E+04    3.9484260147E-01
    2.9727091650E+04    3.9426683754E-01
    2.9740603970E+04    3.9369504604E-01
    2.9754116280E+04    3.9353331855E-01
    2.9767628590E+04    3.9351951133E-01
    2.9781140910E+04    3.9298836174E-01
    2.9794653220E+04    3.9247880796E-01
    2.9808165540E+04    3.9187671138E-01
    2.9821677850E+04    3.9121769833E-01
    2.9835190170E+04    3.9059012459E-01
    2.9848702480E+04    3.8997156627E-01
    2.9862214790E+04    3.8932520071E-01
    2.9875727110E+04    3.8872001616E-01
    2.9889239420E+04    3.8851926139E-01
    2.9902751740E+04    3.8805771311E-01
    2.9916264050E+04    3.8769142394E-01
    2.9929776370E+04    3.8736280121E-01
    2.9943288680E+04    3.8705495531E-01
    2.9956801000E+04    3.8673778351E-01
    2.9970313310E+04    3.8640458740E-01
    2.9983825620E+04    3.8610337958E-01
    2.9997337940E+04    3.8584776125E-01
    3.0010850250E+04    3.8537958013E-01
    3.0024362570E+04    3.8520064531E-01
    3.0037874880E+04    3.8465223242E-01
    3.0051387200E+04    3.8409801060E-01
    3.0064899510E+04    3.8374774558E-01
    3.0078411820E+04    3.8340777220E-01
    3.0091924140E+04    3.8282945017E-01
    3.0105436450E+04    3.8238651467E-01
    3.0118948770E+04    3.8208624473E-01
    3.0132461080E+04    3.8176884102E-01
    3.0145973400E+04    3.8143670933E-01
    3.0159485710E+04    3.8107221727E-01
    3.0172998030E+04    3.8069060180E-01
    3.0186510340E+04    3.8030193185E-01
    3.0200022650E+04    3.7991550826E-01
    3.0213534970E+04    3.7928507478E-01
    3.0227047280E+04    3.7863365216E-01
    3.0240559600E+04    3.7797489888E-01
    3.0254071910E+04    3.7729092089E-01
    3.0267584230E+04    3.7653421864E-01
    3.0281096540E+04    3.7575229118E-01
    3.0294608860E+04    3.7495744513E-01
    3.0308121170E+04    3.7437017921E-01
    3.0321633480E+04    3.7389093940E-01
    3.0335145800E+04    3.7341015904E-01
    3.0348658110E+04    3.7290047036E-01
    3.0362170430E+04    3.7243414825E-01
    3.0375682740E+04    3.7219771757E-01
    3.0389195060E+04    3.7158273024E-01
    3.0402707370E+04    3.7101903382E-01
    3.0416219680E+04    3.7064083458E-01
    3.0429732000E+04    3.7026237357E-01
    3.0443244310E+04    3.6983600389E-01
    3.0456756630E+04    3.6939904386E-01
    3.0470268940E+04    3.6894270912E-01
    3.0483781260E+04    3.6864427327E-01
    3.0497293570E+04    3.6843213396E-01
    3.0510805890E+04    3.6786224026E-01
    3.0524318200E+04    3.6725092150E-01
    3.0537830510E+04    3.6665179787E-01
    3.0551342830E+04    3.6604553062E-01
    3.0564855140E+04    3.6547973254E-01
    3.0578367460E+04    3.6489658232E-01
    3.0591879770E+04    3.6431191464E-01
    3.0605392090E+04    3.6391182175E-01
    3.0618904400E+04    3.6378423584E-01
    3.0632416710E+04    3.6367145876E-01
    3.0645929030E+04    3.6359450584E-01
    3.0659441340E+04    3.6392619921E-01
    3.0672953660E+04    3.6387744670E-01
    3.0686465970E+04    3.6411428241E-01
    3.0699978290E+04    3.6424388792E-01
    3.0713490600E+04    3.6400465068E-01
    3.0727002920E+04    3.6375728374E-01
    3.0740515230E+04    3.6356711882E-01
    3.0754027540E+04    3.6340221643E-01
    3.0767539860E+04    3.6325259925E-01
    3.0781052170E+04    3.6312276373E-01
    3.0794564490E+04    3.6302997230E-01
    3.0808076800E+04    3.6314019553E-01
    3.0821589120E+04    3.6345328218E-01
    3.0835101430E+04    3.6379701822E-01
    3.0848613740E+04    3.6415371045E-01
    3.0862126060E+04    3.6452716202E-01
    3.0875638370E+04    3.6495008438E-01
    3.0889150690E+04    3.6537898696E-01
    3.0902663000E+04    3.6587623049E-01
    3.0916175320E+04    3.6647161800E-01
    3.0929687630E+04    3.6706860829E-01
    3.0943199950E+04    3.6808352549E-01
    3.0956712260E+04    3.6870693240E-01
    3.0970224570E+04    3.6933078137E-01
    3.0983736890E+04    3.6996895743E-01
    3.0997249200E+04    3.7061527974E-01
    3.1010761520E+04    3.7112436632E-01
    3.1024273830E+04    3.7158422963E-01
    3.1037786150E+04    3.7204835733E-01
    3.1051298460E+04    3.7248818904E-01
    3.1064810780E+04    3.7296156704E-01
    3.1078323090E+04    3.7345109833E-01
    3.1091835400E+04    3.7392058291E-01
    3.1105347720E+04    3.7440060967E-01
    3.1118860030E+04    3.7498539870E-01
    3.1132372350E+04    3.7556858320E-01
    3.1145884660E+04    3.7612302432E-01
    3.1159396980E+04    3.7666460211E-01
    3.1172909290E+04    3.7722549386E-01
    3.1186421600E+04    3.7776286920E-01
    3.1199933920E+04    3.7828529961E-01
    3.1213446230E+04    3.7954654915E-01
    3.1226958550E+04    3.8034975549E-01
    3.1240470860E+04    3.8113916892E-01
    3.1253983180E+04    3.8192075939E-01
    3.1267495490E+04    3.8267868527E-01
    3.1281007810E+04    3.8344523803E-01
    3.1294520120E+04    3.8418493354E-01
    3.1308032430E+04    3.8483407105E-01
    3.1321544750E+04    3.8540106895E-01
    3.1335057060E+04    3.8595705383E-01
    3.1348569380E+04    3.8648174681E-01
    3.1362081690E+04    3.8701692547E-01
    3.1375594010E+04    3.8753363194E-01
    3.1389106320E+04    3.8804028315E-01
    3.1402618630E+04    3.8856157870E-01
    3.1416130950E+04    3.8919968218E-01
    3.1429643260E+04    3.8981129353E-01
    3.1443155580E+04    3.9042637790E-01
    3.1456667890E+04    3.9099980785E-01
    3.1470180210E+04    3.9161570168E-01
    3.1483692520E+04    3.9269682516E-01
    3.1497204840E+04    3.9331555772E-01
    3.1510717150E+04    3.9389202795E-01
    3.1524229460E+04    3.9448189313E-01
    3.1537741780E+04    3.9506495418E-01
    3.1551254090E+04    3.9565532373E-01
    3.1564766410E+04    3.9623507136E-01
    3.1578278720E+04    3.9684003151E-01
    3.1591791040E+04    3.9742375128E-01
    3.1605303350E+04    3.9800602269E-01
    3.1618815660E+04    3.9854860865E-01
    3.1632327980E+04    3.9910306481E-01
    3.1645840290E+04    3.9965091955E-01
    3.1659352610E+04    4.0021966203E-01
    3.1672864920E+04    4.0078831538E-01
    3.1686377240E+04    4.0137411050E-01
    3.1699889550E+04    4.0196075767E-01
    3.1713401870E+04    4.0282604734E-01
    3.1726914180E+04    4.0401041227E-01
    3.1740426490E+04    4.0499273404E-01
    3.1753938810E+04    4.0584402117E-01
    3.1767451120E+04    4.0671930536E-01
    3.1780963440E+04    4.0760162017E-01
    3.1794475750E+04    4.0848516831E-01
    3.1807988070E+04    4.0930051052E-01
    3.1821500380E+04    4.1006466721E-01
    3.1835012700E+04    4.1084689825E-01
    3.1848525010E+04    4.1161836433E-01
    3.1862037320E+04    4.1238287404E-01
    3.1875549640E+04    4.1313539204E-01
    3.1889061950E+04    4.1390831569E-01
    3.1902574270E+04    4.1467491262E-01
    3.1916086580E+04    4.1546295286E-01
    3.1929598900E+04    4.1625632603E-01
    3.1943111210E+04    4.1706147281E-01
    3.1956623520E+04    4.1783413376E-01
    3.1970135840E+04    4.1861646987E-01
    3.1983648150E+04    4.1986671921E-01
    3.1997160470E+04    4.2065019516E-01
    3.2010672780E+04    4.2136933317E-01
    3.2024185100E+04    4.2207549288E-01
    3.2037697410E+04    4.2280482743E-01
    3.2051209730E+04    4.2350951862E-01
    3.2064722040E+04    4.2417883473E-01
    3.2078234350E+04    4.2486472924E-01
    3.2091746670E+04    4.2552909048E-01
    3.2105258980E+04    4.2619139523E-01
    3.2118771300E+04    4.2684619892E-01
    3.2132283610E+04    4.2699184296E-01
    3.2145795930E+04    4.2762511325E-01
    3.2159308240E+04    4.2825920999E-01
    3.2172820550E+04    4.2888443937E-01
    3.2186332870E+04    4.2947312830E-01
    3.2199845180E+04    4.3007787890E-01
    3.2213357500E+04    4.3094348825E-01
    3.2226869810E+04    4.3198367549E-01
    3.2240382130E+04    4.3266679806E-01
    3.2253894440E+04    4.3336725853E-01
    3.2267406760E+04    4.3405928089E-01
    3.2280919070E+04    4.3474287994E-01
    3.2294431380E+04    4.3540023780E-01
    3.2307943700E+04    4.3593529547E-01
    3.2321456010E+04    4.3638301261E-01
    3.2334968330E+04    4.3681481996E-01
    3.2348480640E+04    4.3725386551E-01
    3.2361992960E+04    4.3767222949E-01
    3.2375505270E+04    4.3808343583E-01
    3.2389017590E+04    4.3847941170E-01
    3.2402529900E+04    4.3890688523E-01
    3.2416042210E+04    4.3927427504E-01
    3.2429554530E+04    4.3962906344E-01
    3.2443066840E+04    4.4012597712E-01
    3.2456579160E+04    4.4085335872E-01
    3.2470091470E+04    4.4120666709E-01
    3.2483603790E+04    4.4157319211E-01
    3.2497116100E+04    4.4195843558E-01
    3.2510628410E+04    4.4244075594E-01
    3.2524140730E+04    4.4294782717E-01
    3.2537653040E+04    4.4343458433E-01
    3.2551165360E+04    4.4395430905E-01
    3.2564677670E+04    4.4446609670E-01
    3.2578189990E+04    4.4500721544E-01
    3.2591702300E+04    4.4553974199E-01
    3.2605214620E+04    4.4605042520E-01
    3.2618726930E+04    4.4650480299E-01
    3.2632239240E+04    4.4699796108E-01
    3.2645751560E+04    4.4751835966E-01
    3.2659263870E+04    4.4802092060E-01
    3.2672776190E+04    4.4866535331E-01
    3.2686288500E+04    4.4955623002E-01
    3.2699800820E+04    4.5009306614E-01
    3.2713313130E+04    4.5048838684E-01
    3.2726825440E+04    4.5091524396E-01
    3.2740337760E+04    4.5135544391E-01
    3.2753850070E+04    4.5179858724E-01
    3.2767362390E+04    4.5223635583E-01
    3.2780874700E+04    4.5266960416E-01
    3.2794387020E+04    4.5307759400E-01
    3.2807899330E+04    4.5351954077E-01
    3.2821411650E+04    4.5399522519E-01
    3.2834923960E+04    4.5446079365E-01
    3.2848436270E+04    4.5495279042E-01
    3.2861948590E+04    4.5543624587E-01
    3.2875460900E+04    4.5591124744E-01
    3.2888973220E+04    4.5635639195E-01
    3.2902485530E+04    4.5734795415E-01
    3.2915997850E+04    4.5779623407E-01
    3.2929510160E+04    4.5826390011E-01
    3.2943022470E+04    4.5874184519E-01
    3.2956534790E+04    4.5922560828E-01
    3.2970047100E+04    4.5971302277E-01
    3.2983559420E+04    4.6016122670E-01
    3.2997071730E+04    4.6063077449E-01
    3.3010584050E+04    4.6099237582E-01
    3.3024096360E+04    4.6133410045E-01
    3.3037608680E+04    4.6165291308E-01
    3.3051120990E+04    4.6199641193E-01
    3.3064633300E+04    4.6236266514E-01
    3.3078145620E+04    4.6270050441E-01
    3.3091657930E+04    4.6303396816E-01
    3.3105170250E+04    4.6334733207E-01
    3.3118682560E+04    4.6411141104E-01
    3.3132194880E+04    4.6444686391E-01
    3.3145707190E+04    4.6471086915E-01
    3.3159219510E+04    4.6497067632E-01
    3.3172731820E+04    4.6526711947E-01
    3.3186244130E+04    4.6555318488E-01
    3.3199756450E+04    4.6582834467E-01
    3.3213268760E+04    4.6606772295E-01
    3.3226781080E+04    4.6628334917E-01
    3.3240293390E+04    4.6652917051E-01
    3.3253805710E+04    4.6676781727E-01
    3.3267318020E+04    4.6701413295E-01
    3.3280830330E+04    4.6726373851E-01
    3.3294342650E+04    4.6753789766E-01
    3.3307854960E+04    4.6748378416E-01
    3.3321367280E+04    4.6715689071E-01
    3.3334879590E+04    4.6683593170E-01
    3.3348391910E+04    4.6696955133E-01
    3.3361904220E+04    4.6674607503E-01
    3.3375416540E+04    4.6641600617E-01
    3.3388928850E+04    4.6611150157E-01
    3.3402441160E+04    4.6561296137E-01
    3.3415953480E+04    4.6410461144E-01
    3.3429465790E+04    4.6258436527E-01
    3.3442978110E+04    4.6104669389E-01
    3.3456490420E+04    4.5952910219E-01
    3.3470002740E+04    4.5800256254E-01
    3.3483515050E+04    4.5649571824E-01
    3.3497027360E+04    4.5499421647E-01
    3.3510539680E+04    4.5188141689E-01
    3.3524051990E+04    4.4834003171E-01
    3.3537564310E+04    4.4477870444E-01
    3.3551076620E+04    4.4118860260E-01
    3.3564588940E+04    4.3757651958E-01
    3.3578101250E+04    4.3397560137E-01
    3.3591613570E+04    4.3035588698E-01
    3.3605125880E+04    4.2831421916E-01
    3.3618638190E+04    4.2885132474E-01
    3.3632150510E+04    4.2938254883E-01
    3.3645662820E+04    4.2994183922E-01
    3.3659175140E+04    4.3049175501E-01
    3.3672687450E+04    4.3103280457E-01
    3.3686199770E+04    4.3155232868E-01
    3.3699712080E+04    4.3207884941E-01
    3.3713224390E+04    4.3616328594E-01
    3.3726736710E+04    4.4065015249E-01
    3.3740249020E+04    4.4550630929E-01
    3.3753761340E+04    4.4968334367E-01
    3.3767273650E+04    4.5387833873E-01
    3.3780785970E+04    4.5806645170E-01
    3.3794298280E+04    4.6226346387E-01
    3.3807810600E+04    4.6480750054E-01
    3.3821322910E+04    4.6612330579E-01
    3.3834835220E+04    4.6744506509E-01
    3.3848347540E+04    4.6875590870E-01
    3.3861859850E+04    4.7008380883E-01
    3.3875372170E+04    4.7139394157E-01
    3.3888884480E+04    4.7268961344E-01
    3.3902396800E+04    4.7371010709E-01
    3.3915909110E+04    4.7344782518E-01
    3.3929421430E+04    4.7317973448E-01
    3.3942933740E+04    4.7285845226E-01
    3.3956446050E+04    4.7252657030E-01
    3.3969958370E+04    4.7218006208E-01
    3.3983470680E+04    4.7181119104E-01
    3.3996983000E+04    4.7144410400E-01
    3.4010495310E+04    4.7101448730E-01
    3.4024007630E+04    4.7057715061E-01
    3.4037519940E+04    4.7010681815E-01
    3.4051032250E+04    4.6961265718E-01
    3.4064544570E+04    4.6910918236E-01
    3.4078056880E+04    4.6859914868E-01
    3.4091569200E+04    4.6817738891E-01
    3.4105081510E+04    4.6818492738E-01
    3.4118593830E+04    4.6786371773E-01
    3.4132106140E+04    4.6752418942E-01
    3.4145618460E+04    4.6716199197E-01
    3.4159130770E+04    4.6727858641E-01
    3.4172643080E+04    4.6694577906E-01
    3.4186155400E+04    4.6657916130E-01
    3.4199667710E+04    4.6620234794E-01
    3.4213180030E+04    4.6619678103E-01
    3.4226692340E+04    4.6619097313E-01
    3.4240204660E+04    4.6619229768E-01
    3.4253716970E+04    4.6621501965E-01
    3.4267229280E+04    4.6621516694E-01
    3.4280741600E+04    4.6622298484E-01
    3.4294253910E+04    4.6623520882E-01
    3.4307766230E+04    4.6616491437E-01
    3.4321278540E+04    4.6605281943E-01
    3.4334790860E+04    4.6595018130E-01
    3.4348303170E+04    4.6585008244E-01
    3.4361815490E+04    4.6569417844E-01
    3.4375327800E+04    4.6551408472E-01
    3.4388840110E+04    4.6534758284E-01
    3.4402352430E+04    4.6515046636E-01
    3.4415864740E+04    4.6479298030E-01
    3.4429377060E+04    4.6443425031E-01
    3.4442889370E+04    4.6465723024E-01
    3.4456401690E+04    4.6434883044E-01
    3.4469914000E+04    4.6403954982E-01
    3.4483426310E+04    4.6393334966E-01
    3.4496938630E+04    4.6398164793E-01
    3.4510450940E+04    4.6391624700E-01
    3.4523963260E+04    4.6391707819E-01
    3.4537475570E+04    4.6392688584E-01
    3.4550987890E+04    4.6395501003E-01
    3.4564500200E+04    4.6397734966E-01
    3.4578012520E+04    4.6402844977E-01
    3.4591524830E+04    4.6408915803E-01
    3.4605037140E+04    4.6431000119E-01
    3.4618549460E+04    4.6480095688E-01
    3.4632061770E+04    4.6527905078E-01
    3.4645574090E+04    4.6577019062E-01
    3.4659086400E+04    4.6626557726E-01
    3.4672598720E+04    4.6676595773E-01
    3.4686111030E+04    4.6727217770E-01
    3.4699623350E+04    4.6777726909E-01
    3.4713135660E+04    4.6798818332E-01
    3.4726647970E+04    4.6819846767E-01
    3.4740160290E+04    4.6842315803E-01
    3.4753672600E+04    4.6864634392E-01
    3.4767184920E+04    4.6925687239E-01
    3.4780697230E+04    4.6965722094E-01
    3.4794209550E+04    4.7013211269E-01
    3.4807721860E+04    4.7087760012E-01
    3.4821234170E+04    4.7145375029E-01
    3.4834746490E+04    4.7202513410E-01
    3.4848258800E+04    4.7261162377E-01
    3.4861771120E+04    4.7318975982E-01
    3.4875283430E+04    4.7377825074E-01
    3.4888795750E+04    4.7437128733E-01
    3.4902308060E+04    4.7496694866E-01
    3.4915820380E+04    4.7568577643E-01
    3.4929332690E+04    4.7639459618E-01
    3.4942845000E+04    4.7710648914E-01
    3.4956357320E+04    4.7781645738E-01
    3.4969869630E+04    4.7850938712E-01
    3.4983381950E+04    4.7921074070E-01
    3.4996894260E+04    4.7989692993E-01
    3.5010406580E+04    4.8052136767E-01
    3.5023918890E+04    4.8112872569E-01
    3.5037431200E+04    4.8172563365E-01
    3.5050943520E+04    4.8232553023E-01
    3.5064455830E+04    4.8291438823E-01
    3.5077968150E+04    4.8394309702E-01
    3.5091480460E+04    4.8461545642E-01
    3.5104992780E+04    4.8543591009E-01
    3.5118505090E+04    4.8629670407E-01
    3.5132017410E+04    4.8690958956E-01
    3.5145529720E+04    4.8758974630E-01
    3.5159042030E+04    4.8827773403E-01
    3.5172554350E+04    4.8886877769E-01
    3.5186066660E+04    4.8939964248E-01
    3.5199578980E+04    4.8991435224E-01
    3.5213091290E+04    4.9036725989E-01
    3.5226603610E+04    4.9082506241E-01
    3.5240115920E+04    4.9125358077E-01
    3.5253628240E+04    4.9167493552E-01
    3.5267140550E+04    4.9208556534E-01
    3.5280652860E+04    4.9248088887E-01
    3.5294165180E+04    4.9289014884E-01
    3.5307677490E+04    4.9324807390E-01
    3.5321189810E+04    4.9356597110E-01
    3.5334702120E+04    4.9387438631E-01
    3.5348214440E+04    4.9465137891E-01
    3.5361726750E+04    4.9505627086E-01
    3.5375239060E+04    4.9533157577E-01
    3.5388751380E+04    4.9559696455E-01
    3.5402263690E+04    4.9584152564E-01
    3.5415776010E+04    4.9595304497E-01
    3.5429288320E+04    4.9658762096E-01
    3.5442800640E+04    4.9673722738E-01
    3.5456312950E+04    4.9684531666E-01
    3.5469825270E+04    4.9695726560E-01
    3.5483337580E+04    4.9705440545E-01
    3.5496849890E+04    4.9715190175E-01
    3.5510362210E+04    4.9722513174E-01
    3.5523874520E+04    4.9782773277E-01
    3.5537386840E+04    4.9788535979E-01
    3.5550899150E+04    4.9792785662E-01
    3.5564411470E+04    4.9797605436E-01
    3.5577923780E+04    4.9804306129E-01
    3.5591436090E+04    4.9811189940E-01
    3.5604948410E+04    4.9819860157E-01
    3.5618460720E+04    4.9831672307E-01
    3.5631973040E+04    4.9845265307E-01
    3.5645485350E+04    4.9860419462E-01
    3.5658997670E+04    4.9873999987E-01
    3.5672509980E+04    4.9888560760E-01
    3.5686022300E+04    4.9938750696E-01
    3.5699534610E+04    4.9978423152E-01
    3.5713046920E+04    4.9990189913E-01
    3.5726559240E+04    5.0000574947E-01
    3.5740071550E+04    5.0011469777E-01
    3.5753583870E+04    5.0023562825E-01
    3.5767096180E+04    5.0035717180E-01
    3.5780608500E+04    5.0105669942E-01
    3.5794120810E+04    5.0119084259E-01
    3.5807633120E+04    5.0128747634E-01
    3.5821145440E+04    5.0137078855E-01
    3.5834657750E+04    5.0146014578E-01
    3.5848170070E+04    5.0204854526E-01
    3.5861682380E+04    5.0227515298E-01
    3.5875194700E+04    5.0238859591E-01
    3.5888707010E+04    5.0251676152E-01
    3.5902219330E+04    5.0263107584E-01
    3.5915731640E+04    5.0268893348E-01
    3.5929243950E+04    5.0275100467E-01
    3.5942756270E+04    5.0279707829E-01
    3.5956268580E+04    5.0286088542E-01
    3.5969780900E+04    5.0294117569E-01
    3.5983293210E+04    5.0302196596E-01
    3.5996805530E+04    5.0311064207E-01
    3.6010317840E+04    5.0320936925E-01
    3.6023830160E+04    5.0332804884E-01
    3.6037342470E+04    5.0387151218E-01
    3.6050854780E+04    5.0410483974E-01
    3.6064367100E+04    5.0418959061E-01
    3.6077879410E+04    5.0427722442E-01
    3.6091391730E+04    5.0435881595E-01
    3.6104904040E+04    5.0445233594E-01
    3.6118416360E+04    5.0451176543E-01
    3.6131928670E+04    5.0456336074E-01
    3.6145440980E+04    5.0461667999E-01
    3.6158953300E+04    5.0466073339E-01
    3.6172465610E+04    5.0471023278E-01
    3.6185977930E+04    5.0475224916E-01
    3.6199490240E+04    5.0530968438E-01
    3.6213002560E+04    5.0535436039E-01
    3.6226514870E+04    5.0536834622E-01
    3.6240027190E+04    5.0538687002E-01
    3.6253539500E+04    5.0541450998E-01
    3.6267051810E+04    5.0543216954E-01
    3.6280564130E+04    5.0546225503E-01
    3.6294076440E+04    5.0549145910E-01
    3.6307588760E+04    5.0553471203E-01
    3.6321101070E+04    5.0561640192E-01
    3.6334613390E+04    5.0568844226E-01
    3.6348125700E+04    5.0574808502E-01
    3.6361638010E+04    5.0582509707E-01
    3.6375150330E+04    5.0590389789E-01
    3.6388662640E+04    5.0597945715E-01
    3.6402174960E+04    5.0606314808E-01
    3.6415687270E+04    5.0618867230E-01
    3.6429199590E+04    5.0631621776E-01
    3.6442711900E+04    5.0644208398E-01
    3.6456224220E+04    5.0655662774E-01
    3.6469736530E+04    5.0666569306E-01
    3.6483248840E+04    5.0675892355E-01
    3.6496761160E+04    5.0725472302E-01
    3.6510273470E+04    5.0762038120E-01
    3.6523785790E+04    5.0780108528E-01
    3.6537298100E+04    5.0798398216E-01
    3.6550810420E+04    5.0817252362E-01
    3.6564322730E+04    5.0834197901E-01
    3.6577835040E+04    5.0851047041E-01
    3.6591347360E+04    5.0867204810E-01
    3.6604859670E+04    5.0879019189E-01
    3.6618371990E+04    5.0886036083E-01
    3.6631884300E+04    5.0892087591E-01
    3.6645396620E+04    5.0898778952E-01
    3.6658908930E+04    5.0907764952E-01
    3.6672421250E+04    5.0916689123E-01
    3.6685933560E+04    5.0925289030E-01
    3.6699445870E+04    5.0986506549E-01
    3.6712958190E+04    5.1001947254E-01
    3.6726470500E+04    5.1015126103E-01
    3.6739982820E+04    5.1028003440E-01
    3.6753495130E+04    5.1038920618E-01
    3.6767007450E+04    5.1050523728E-01
    3.6780519760E+04    5.1062503799E-01
    3.6794032080E+04    5.1074582990E-01
    3.6807544390E+04    5.1087870967E-01
    3.6821056700E+04    5.1099903153E-01
    3.6834569020E+04    5.1111507987E-01
    3.6848081330E+04    5.1123601217E-01
    3.6861593650E+04    5.1133242534E-01
    3.6875105960E+04    5.1142477419E-01
    3.6888618280E+04    5.1152297456E-01
    3.6902130590E+04    5.1158760401E-01
    3.6915642900E+04    5.1154326402E-01
    3.6929155220E+04    5.1150617610E-01
    3.6942667530E+04    5.1206191944E-01
    3.6956179850E+04    5.1203718206E-01
    3.6969692160E+04    5.1200417559E-01
    3.6983204480E+04    5.1196222359E-01
    3.6996716790E+04    5.1192353471E-01
    3.7010229110E+04    5.1187053943E-01
    3.7023741420E+04    5.1181037841E-01
    3.7037253730E+04    5.1175679685E-01
    3.7050766050E+04    5.1169179079E-01
    3.7064278360E+04    5.1163038003E-01
    3.7077790680E+04    5.1158813571E-01
    3.7091302990E+04    5.1154401916E-01
    3.7104815310E+04    5.1152211170E-01
    3.7118327620E+04    5.1154172193E-01
    3.7131839930E+04    5.1155531529E-01
    3.7145352250E+04    5.1156959544E-01
    3.7158864560E+04    5.1157273807E-01
    3.7172376880E+04    5.1156606414E-01
    3.7185889190E+04    5.1156602522E-01
    3.7199401510E+04    5.1156039807E-01
    3.7212913820E+04    5.1155573960E-01
    3.7226426140E+04    5.1157073132E-01
    3.7239938450E+04    5.1159312553E-01
    3.7253450760E+04    5.1161997673E-01
    3.7266963080E+04    5.1165030408E-01
    3.7280475390E+04    5.1166644148E-01
    3.7293987710E+04    5.1167440259E-01
    3.7307500020E+04    5.1168365037E-01
    3.7321012340E+04    5.1169174750E-01
    3.7334524650E+04    5.1171122175E-01
    3.7348036960E+04    5.1173680882E-01
    3.7361549280E+04    5.1235801432E-01
    3.7375061590E+04    5.1240772019E-01
    3.7388573910E+04    5.1246187218E-01
    3.7402086220E+04    5.1261420994E-01
    3.7415598540E+04    5.1304449318E-01
    3.7429110850E+04    5.1302154512E-01
    3.7442623170E+04    5.1298798599E-01
    3.7456135480E+04    5.1295984484E-01
    3.7469647790E+04    5.1293822217E-01
    3.7483160110E+04    5.1292430208E-01
    3.7496672420E+04    5.1292031067E-01
    3.7510184740E+04    5.1290673278E-01
    3.7523697050E+04    5.1289900755E-01
    3.7537209370E+04    5.1291597528E-01
    3.7550721680E+04    5.1293708590E-01
    3.7564234000E+04    5.1295752617E-01
    3.7577746310E+04    5.1298117991E-01
    3.7591258620E+04    5.1300047510E-01
    3.7604770940E+04    5.1301745460E-01
    3.7618283250E+04    5.1303058745E-01
    3.7631795570E+04    5.1303908291E-01
    3.7645307880E+04    5.1306017494E-01
    3.7658820200E+04    5.1309264647E-01
    3.7672332510E+04    5.1313356918E-01
    3.7685844820E+04    5.1319512545E-01
    3.7699357140E+04    5.1326154861E-01
    3.7712869450E+04    5.1330120147E-01
    3.7726381770E+04    5.1333965023E-01
    3.7739894080E+04    5.1338823327E-01
    3.7753406400E+04    5.1343415190E-01
    3.7766918710E+04    5.1389373190E-01
    3.7780431030E+04    5.1412414062E-01
    3.7793943340E+04    5.1416404863E-01
    3.7807455650E+04    5.1425310003E-01
    3.7820967970E+04    5.1438375218E-01
    3.7834480280E+04    5.1451435990E-01
    3.7847992600E+04    5.1465536118E-01
    3.7861504910E+04    5.1480022720E-01
    3.7875017230E+04    5.1493501636E-01
    3.7888529540E+04    5.1507095631E-01
    3.7902041850E+04    5.1518007464E-01
    3.7915554170E+04    5.1515223383E-01
    3.7929066480E+04    5.1512021114E-01
    3.7942578800E+04    5.1508721698E-01
    3.7956091110E+04    5.1505734966E-01
    3.7969603430E+04    5.1504217250E-01
    3.7983115740E+04    5.1501913943E-01
    3.7996628060E+04    5.1498538622E-01
    3.8010140370E+04    5.1506842025E-01
    3.8023652680E+04    5.1516509148E-01
    3.8037165000E+04    5.1524314575E-01
    3.8050677310E+04    5.1533371803E-01
    3.8064189630E+04    5.1541200739E-01
    3.8077701940E+04    5.1547481050E-01
    3.8091214260E+04    5.1554334267E-01
    3.8104726570E+04    5.1557657394E-01
    3.8118238890E+04    5.1555196024E-01
    3.8131751200E+04    5.1553226363E-01
    3.8145263510E+04    5.1550603655E-01
    3.8158775830E+04    5.1547510414E-01
    3.8172288140E+04    5.1557437918E-01
    3.8185800460E+04    5.1597776534E-01
    3.8199312770E+04    5.1590395645E-01
    3.8212825090E+04    5.1583145444E-01
    3.8226337400E+04    5.1575201268E-01
    3.8239849710E+04    5.1566851049E-01
    3.8253362030E+04    5.1558462268E-01
    3.8266874340E+04    5.1548690510E-01
    3.8280386660E+04    5.1537975250E-01
    3.8293898970E+04    5.1528077959E-01
    3.8307411290E+04    5.1516886797E-01
    3.8320923600E+04    5.1502796919E-01
    3.8334435920E+04    5.1488528603E-01
    3.8347948230E+04    5.1473675038E-01
    3.8361460540E+04    5.1457800568E-01
    3.8374972860E+04    5.1442729012E-01
    3.8388485170E+04    5.1474415348E-01
    3.8401997490E+04    5.1464598256E-01
    3.8415509800E+04    5.1447131114E-01
    3.8429022120E+04    5.1429528356E-01
    3.8442534430E+04    5.1410844163E-01
    3.8456046740E+04    5.1391923254E-01
    3.8469559060E+04    5.1371600829E-01
    3.8483071370E+04    5.1349888180E-01
    3.8496583690E+04    5.1328170510E-01
    3.8510096000E+04    5.1306015390E-01
    3.8523608320E+04    5.1282975242E-01
    3.8537120630E+04    5.1260077101E-01
    3.8550632950E+04    5.1237094394E-01
    3.8564145260E+04    5.1213096894E-01
    3.8577657570E+04    5.1234418236E-01
    3.8591169890E+04    5.1224204109E-01
    3.8604682200E+04    5.1198974805E-01
    3.8618194520E+04    5.1175271025E-01
    3.8631706830E+04    5.1152449480E-01
    3.8645219150E+04    5.1128518198E-01
    3.8658731460E+04    5.1104615978E-01
    3.8672243770E+04    5.1080371458E-01
    3.8685756090E+04    5.1055515476E-01
    3.8699268400E+04    5.1031145343E-01
    3.8712780720E+04    5.1005835089E-01
    3.8726293030E+04    5.0979865126E-01
    3.8739805350E+04    5.0954207679E-01
    3.8753317660E+04    5.0929561555E-01
    3.8766829980E+04    5.0905008420E-01
    3.8780342290E+04    5.0880788971E-01
    3.8793854600E+04    5.0857090426E-01
    3.8807366920E+04    5.0832924574E-01
    3.8820879230E+04    5.0809305939E-01
    3.8834391550E+04    5.0787155361E-01
    3.8847903860E+04    5.0764383235E-01
    3.8861416180E+04    5.0742373099E-01
    3.8874928490E+04    5.0722071074E-01
    3.8888440810E+04    5.0701509892E-01
    3.8901953120E+04    5.0681010043E-01
    3.8915465430E+04    5.0661436101E-01
    3.8928977750E+04    5.0642737957E-01
    3.8942490060E+04    5.0623934904E-01
    3.8956002380E+04    5.0605438137E-01
    3.8969514690E+04    5.0587042220E-01
    3.8983027010E+04    5.0627149160E-01
    3.8996539320E+04    5.0611114728E-01
    3.9010051630E+04    5.0595891602E-01
    3.9023563950E+04    5.0580844121E-01
    3.9037076260E+04    5.0567680506E-01
    3.9050588580E+04    5.0555396866E-01
    3.9064100890E+04    5.0543630386E-01
    3.9077613210E+04    5.0533042279E-01
    3.9091125520E+04    5.0522828149E-01
    3.9104637840E+04    5.0513017943E-01
    3.9118150150E+04    5.0505651888E-01
    3.9131662460E+04    5.0501330944E-01
    3.9145174780E+04    5.0527266038E-01
    3.9158687090E+04    5.0551969625E-01
    3.9172199410E+04    5.0551513882E-01
    3.9185711720E+04    5.0550631980E-01
    3.9199224040E+04    5.0550626689E-01
    3.9212736350E+04    5.0553017256E-01
    3.9226248660E+04    5.0555962982E-01
    3.9239760980E+04    5.0559590601E-01
    3.9253273290E+04    5.0564957748E-01
    3.9266785610E+04    5.0571605810E-01
    3.9280297920E+04    5.0578793458E-01
    3.9293810240E+04    5.0587702631E-01
    3.9307322550E+04    5.0598067485E-01
    3.9320834870E+04    5.0607636961E-01
    3.9334347180E+04    5.0617624061E-01
    3.9347859490E+04    5.0627188471E-01
    3.9361371810E+04    5.0634582793E-01
    3.9374884120E+04    5.0669541729E-01
    3.9388396440E+04    5.0705922327E-01
    3.9401908750E+04    5.0712953933E-01
    3.9415421070E+04    5.0725009611E-01
    3.9428933380E+04    5.0735707798E-01
    3.9442445690E+04    5.0743727140E-01
    3.9455958010E+04    5.0748821936E-01
    3.9469470320E+04    5.0751410989E-01
    3.9482982640E+04    5.0748456752E-01
    3.9496494950E+04    5.0739829872E-01
    3.9510007270E+04    5.0720614082E-01
    3.9523519580E+04    5.0693370909E-01
    3.9537031900E+04    5.0658517454E-01
    3.9550544210E+04    5.0616027002E-01
    3.9564056520E+04    5.0565720761E-01
    3.9577568840E+04    5.0504512182E-01
    3.9591081150E+04    5.0431159934E-01
    3.9604593470E+04    5.0346609252E-01
    3.9618105780E+04    5.0248514330E-01
    3.9631618100E+04    5.0135563251E-01
    3.9645130410E+04    5.0007046248E-01
    3.9658642730E+04    4.9861091784E-01
    3.9672155040E+04    4.9696551882E-01
    3.9685667350E+04    4.9513686844E-01
    3.9699179670E+04    4.9361617436E-01
    3.9712691980E+04    4.9140874438E-01
    3.9726204300E+04    4.8890267279E-01
    3.9739716610E+04    4.8615646464E-01
    3.9753228930E+04    4.8314271449E-01
    3.9766741240E+04    4.7986589618E-01
    3.9780253550E+04    4.7686876967E-01
    3.9793765870E+04    4.7303404456E-01
    3.9807278180E+04    4.6889891436E-01
    3.9820790500E+04    4.6447695309E-01
    3.9834302810E+04    4.5972533246E-01
    3.9847815130E+04    4.5461708006E-01
    3.9861327440E+04    4.4921102888E-01
    3.9874839760E+04    4.4349365345E-01
    3.9888352070E+04    4.3746280224E-01
    3.9901864380E+04    4.3113585728E-01
    3.9915376700E+04    4.2452680008E-01
    3.9928889010E+04    4.1762308845E-01
    3.9942401330E+04    4.1043648442E-01
    3.9955913640E+04    4.0295311673E-01
    3.9969425960E+04    3.9521055861E-01
    3.9982938270E+04    3.8723713888E-01
    3.9996450580E+04    3.7906786807E-01
    4.0009962900E+04    3.7070225071E-01
    4.0023475210E+04    3.6215230149E-01
    4.0036987530E+04    3.5345481336E-01
    4.0050499840E+04    3.4464013638E-01
    4.0064012160E+04    3.3565166098E-01
    4.0077524470E+04    3.2660798923E-01
    4.0091036790E+04    3.1751742199E-01
    4.0104549100E+04    3.0839893074E-01
    4.0118061410E+04    2.9930680274E-01
    4.0131573730E+04    2.9025152159E-01
    4.0145086040E+04    2.8123151241E-01
    4.0158598360E+04    2.7222875890E-01
    4.0172110670E+04    2.6330290998E-01
    4.0185622990E+04    2.5463787374E-01
    4.0199135300E+04    2.4602755411E-01
    4.0212647610E+04    2.3766257752E-01
    4.0226159930E+04    2.2917654053E-01
    4.0239672240E+04    2.2083555281E-01
    4.0253184560E+04    2.1266147125E-01
    4.0266696870E+04    2.0468320308E-01
    4.0280209190E+04    1.9685864909E-01
    4.0293721500E+04    1.8923099288E-01
    4.0307233820E+04    1.8182945362E-01
    4.0320746130E+04    1.7463260609E-01
    4.0334258440E+04    1.6762133304E-01
    4.0347770760E+04    1.6082567457E-01
    4.0361283070E+04    1.5426038829E-01
    4.0374795390E+04    1.4786045013E-01
    4.0388307700E+04    1.4168389022E-01
    4.0401820020E+04    1.3573567889E-01
    4.0415332330E+04    1.2999876468E-01
    4.0428844650E+04    1.2445102392E-01
    4.0442356960E+04    1.1912902735E-01
    4.0455869270E+04    1.1401009506E-01
    4.0469381590E+04    1.0904066913E-01
    4.0482893900E+04    1.0428494774E-01
    4.0496406220E+04    9.9714565502E-02
    4.0509918530E+04    9.5291599921E-02
    4.0523430850E+04    9.1029706924E-02
    4.0536943160E+04    8.6970987507E-02
    4.0550455470E+04    8.3060629077E-02
    4.0563967790E+04    7.9282499714E-02
    4.0577480100E+04    7.5690286509E-02
    4.0590992420E+04    7.2240376307E-02
    4.0604504730E+04    6.8949939527E-02
    4.0618017050E+04    6.5803449304E-02
    4.0631529360E+04    6.2785387526E-02
    4.0645041680E+04    5.9856926255E-02
    4.0658553990E+04    5.7048367654E-02
    4.0672066300E+04    5.4386873678E-02
    4.0685578620E+04    5.1830514880E-02
    4.0699090930E+04    4.9365919876E-02
    4.0712603250E+04    4.7026467060E-02
    4.0726115560E+04    4.4849523306E-02
    4.0739627880E+04    4.2707857449E-02
    4.0753140190E+04    4.0653992945E-02
    4.0766652500E+04    3.8707819818E-02
    4.0780164820E+04    3.6838615065E-02
    4.0793677130E+04    3.5032482644E-02
    4.0807189450E+04    3.3333125935E-02
    4.0820701760E+04    3.1714881146E-02
    4.0834214080E+04    3.0132930532E-02
    4.0847726390E+04    2.8645452143E-02
    4.0861238710E+04    2.7241100149E-02
    4.0874751020E+04    2.5888890732E-02
    4.0888263330E+04    2.4571738556E-02
    4.0901775650E+04    2.3358621393E-02
    4.0915287960E+04    2.2185379442E-02
    4.0928800280E+04    2.1046607869E-02
    4.0942312590E+04    1.9979417264E-02
    4.0955824910E+04    1.8982359053E-02
    4.0969337220E+04    1.8010823428E-02
    4.0982849530E+04    1.7071819438E-02
    4.0996361850E+04    1.6224005737E-02
    4.1009874160E+04    1.5392436764E-02
    4.1023386480E+04    1.4585069803E-02
    4.1036898790E+04    1.3838222736E-02
    4.1050411110E+04    1.3149467314E-02
    4.1063923420E+04    1.2444925268E-02
    4.1077435740E+04    1.1784977761E-02
    4.1090948050E+04    1.1185467762E-02
    4.1104460360E+04    1.0603562621E-02
    4.1117972680E+04    1.0030985774E-02
    4.1131484990E+04    9.5061187054E-03
    4.1144997310E+04    9.0316456053E-03
    4.1158509620E+04    8.5339281011E-03
    4.1172021940E+04    8.0757027283E-03
    4.1185534250E+04    7.6636579979E-03
    4.1199046570E+04    7.2681948107E-03
    4.1212558880E+04    6.8515113781E-03
    4.1226071190E+04    6.5024579078E-03
    4.1239583510E+04    6.1717280386E-03
    4.1253095820E+04    5.8332378974E-03
    4.1266608140E+04    5.5149658930E-03
    4.1280120450E+04    5.2440492854E-03
    4.1293632770E+04    4.9742013402E-03
    4.1307145080E+04    4.6836481604E-03
    4.1320657390E+04    4.4434081677E-03
    4.1334169710E+04    4.2162357155E-03
    4.1347682020E+04    3.9816041741E-03
    4.1361194340E+04    3.7478027746E-03
    4.1374706650E+04    3.5765461413E-03
    4.1388218970E+04    3.3798509737E-03
    4.1401731280E+04    3.1818588646E-03
    4.1415243600E+04    3.0119121694E-03
    4.1428755910E+04    2.8728194461E-03
    4.1442268220E+04    2.7009227056E-03
    4.1455780540E+04    2.5422190596E-03
    4.1469292850E+04    2.4221719874E-03
    4.1482805170E+04    2.2976506700E-03
    4.1496317480E+04    2.1577540997E-03
    4.1509829800E+04    2.0421839350E-03
    4.1523342110E+04    1.9623691842E-03
    4.1536854420E+04    1.8418598459E-03
    4.1550366740E+04    1.7350591027E-03
    4.1563879050E+04    1.6522731964E-03
    4.1577391370E+04    1.5784502881E-03
    4.1590903680E+04    1.4614295611E-03
    4.1604416000E+04    1.3916373054E-03
    4.1617928310E+04    1.3331364954E-03
    4.1631440630E+04    1.2564793159E-03
    4.1644952940E+04    1.1617428427E-03
    4.1658465250E+04    1.1144184864E-03
    4.1671977570E+04    1.0624769987E-03
    4.1685489880E+04    9.8490397255E-04
    4.1699002200E+04    9.2329496301E-04
    4.1712514510E+04    8.8913900088E-04
    4.1726026830E+04    8.3929593796E-04
    4.1739539140E+04    7.6826925216E-04
    4.1753051460E+04    7.3905962821E-04
    4.1766563770E+04    7.0871253991E-04
    4.1780076080E+04    6.5748773020E-04
    4.1793588400E+04    5.9894052750E-04
    4.1807100710E+04    5.9318154992E-04
    4.1820613030E+04    5.5625690578E-04
    4.1834125340E+04    5.1116994408E-04
    4.1847637660E+04    4.8060449666E-04
    4.1861149970E+04    4.8597763003E-04
    4.1874662280E+04    4.3836081126E-04
    4.1888174600E+04    4.0071274346E-04
    4.1901686910E+04    3.8340034671E-04
    4.1915199230E+04    3.7106796598E-04
    4.1928711540E+04    3.2053336306E-04
    4.1942223860E+04    3.0367037744E-04
    4.1955736170E+04    3.0189123178E-04
    4.1969248490E+04    2.7639242865E-04
    4.1982760800E+04    2.3123111305E-04
    4.1996273110E+04    2.1875002566E-04
    4.2009785430E+04    2.1835371231E-04
    4.2023297740E+04    1.8404389359E-04
    4.2036810060E+04    1.6242473972E-04
    4.2050322370E+04    1.6849795849E-04
    4.2063834690E+04    1.6647183149E-04
    4.2077347000E+04    1.1879297332E-04
    4.2090859310E+04    1.1182227353E-04
    4.2104371630E+04    1.1595962755E-04
    4.2117883940E+04    9.6629841753E-05
    4.2131396260E+04    4.8073821681E-05
    4.2144908570E+04    6.0160650014E-05
    4.2158420890E+04    6.4214882711E-05
    4.2171933200E+04    3.6354544144E-05
    4.2185445520E+04    2.2172065559E-05
    4.2198957830E+04    3.2564139214E-05
    4.2212470140E+04    2.4829262078E-05
    4.2225982460E+04    1.2424874683E-05
    4.2239494770E+04    7.0990369987E-06
    4.2253007090E+04    1.9732400811E-05
    4.2266519400E+04    8.5472392988E-06
    4.2280031720E+04    9.1108184319E-08
    4.2293544030E+04    3.1946566052E-08
    4.2307056340E+04    6.4820112234E-06
    4.2320568660E+04    9.2464752385E-09
    4.2334080970E+04    5.3781692045E-09
    4.2347593290E+04    5.3765246297E-09
    4.2361105600E+04    5.3748751863E-09
    4.2374617920E+04    5.3732215784E-09
    4.2388130230E+04    5.3715643030E-09
    4.2401642550E+04    5.3698918421E-09
    4.2415154860E+04    5.3681287222E-09
    4.2428667170E+04    5.3716792515E-09
    4.2442179490E+04    5.3707287000E-09
    4.2455691800E+04    1.2524074045E-07
    4.2469204120E+04    6.1583714249E-08
    4.2482716430E+04    5.3713390283E-09
    4.2496228750E+04    5.3695700904E-09
    4.2509741060E+04    5.3677233884E-09
    4.2523253380E+04    5.3658490019E-09
    4.2536765690E+04    5.3639767643E-09
    4.2550278000E+04    5.3621070541E-09
    4.2563790320E+04    5.3602416335E-09
    4.2577302630E+04    5.3583793994E-09
    4.2590814950E+04    5.3565210765E-09
    4.2604327260E+04    5.3514639204E-09
    4.2617839580E+04    5.3396142158E-09
    4.2631351890E+04    5.3277760186E-09
    4.2644864200E+04    5.3159500282E-09
    4.2658376520E+04    5.3041352159E-09
    4.2671888830E+04    5.2923328927E-09
    4.2685401150E+04    5.2805430608E-09
    4.2698913460E+04    5.2687648849E-09
    4.2712425780E+04    5.2523836111E-09
    4.2725938090E+04    5.2356139642E-09
    4.2739450410E+04    5.2188590561E-09
    4.2752962720E+04    5.2021208211E-09
    4.2766475030E+04    5.1853977144E-09
    4.2779987350E+04    5.1686893480E-09
    4.2793499660E+04    5.1519979280E-09
    4.2807011980E+04    5.1558753922E-09
    4.2820524290E+04    5.1788038734E-09
    4.2834036610E+04    5.2017247395E-09
    4.2847548920E+04    5.2246360590E-09
    4.2861061230E+04    5.2475385116E-09
    4.2874573550E+04    5.2704329557E-09
    4.2888085860E+04    5.2933177529E-09
    4.2901598180E+04    5.3133871401E-09
    4.2915110490E+04    5.3125324238E-09
    4.2928622810E+04    5.3116820931E-09
    4.2942135120E+04    5.3179821202E-09
    4.2955647440E+04    5.3219134077E-09
    4.2969159750E+04    5.3210750917E-09
    4.2982672060E+04    5.3202416928E-09
    4.2996184380E+04    5.3194118952E-09
    4.3009696690E+04    5.3179868323E-09
    4.3023209010E+04    5.3163309624E-09
    4.3036721320E+04    5.3146779179E-09
    4.3050233640E+04    5.3130273470E-09
    4.3063745950E+04    5.3113802398E-09
    4.3077258260E+04    5.3097347484E-09
    4.3090770580E+04    5.3080908227E-09
    4.3104282890E+04    5.3064356255E-09
    4.3117795210E+04    5.3047524828E-09
    4.3131307520E+04    5.3030698631E-09
    4.3144819840E+04    5.3013875981E-09
    4.3158332150E+04    5.2997045696E-09
    4.3171844470E+04    5.2980208448E-09
    4.3185356780E+04    5.2963358854E-09
    4.3198869090E+04    5.2946488648E-09
    4.3212381410E+04    5.2931042654E-09
    4.3225893720E+04    5.2915700097E-09
    4.3239406040E+04    5.2900322457E-09
    4.3252918350E+04    5.2884908467E-09
    4.3266430670E+04    5.2869450556E-09
    4.3279942980E+04    5.2853944066E-09
    4.3293455300E+04    5.2838385413E-09
    4.3306967610E+04    5.2822269334E-09
    4.3320479920E+04    5.2805622438E-09
    4.3333992240E+04    5.2788907968E-09
    4.3347504550E+04    5.2772122530E-09
    4.3361016870E+04    5.2755261064E-09
    4.3374529180E+04    5.2738317097E-09
    4.3388041500E+04    5.2721289182E-09
    4.3401553810E+04    5.2704147358E-09
    4.3415066120E+04    5.2686730244E-09
    4.3428578440E+04    5.2669216862E-09
    4.3442090750E+04    5.2651598342E-09
    4.3455603070E+04    5.2666315450E-09
    4.3469115380E+04    5.2673921135E-09
    4.3482627700E+04    5.2655639093E-09
    4.3496140010E+04    5.2635962150E-09
    4.3509652330E+04    5.2615713660E-09
    4.3523164640E+04    5.2655123900E-09
    4.3536676950E+04    5.2634414486E-09
    4.3550189270E+04    5.2613578150E-09
    4.3563701580E+04    5.2592599062E-09
    4.3577213900E+04    5.2571487924E-09
    4.3590726210E+04    5.2550239099E-09
    4.3604238530E+04    5.2529343580E-09
    4.3617750840E+04    5.2509408931E-09
    4.3631263150E+04    5.2489325507E-09
    4.3644775470E+04    5.2469086315E-09
    4.3658287780E+04    5.2448700564E-09
    4.3671800100E+04    5.2428157502E-09
    4.3685312410E+04    5.2407455919E-09
    4.3698824730E+04    5.2386603441E-09
    4.3712337040E+04    5.2365192855E-09
    4.3725849360E+04    5.2343585890E-09
    4.3739361670E+04    5.2321825629E-09
    4.3752873980E+04    5.2299895975E-09
    4.3766386300E+04    5.2277808625E-09
    4.3779898610E+04    5.2255566947E-09
    4.3793410930E+04    5.2233152323E-09
    4.3806923240E+04    5.2211113926E-09
    4.3820435560E+04    5.2189424105E-09
    4.3833947870E+04    5.2167563751E-09
    4.3847460180E+04    5.2145550159E-09
    4.3860972500E+04    5.2123379109E-09
    4.3874484810E+04    5.2101043710E-09
    4.3887997130E+04    5.2078558461E-09
    4.3901509440E+04    5.2055881904E-09
    4.3915021760E+04    5.2032767754E-09
    4.3928534070E+04    5.2009509098E-09
    4.3942046390E+04    5.1986098361E-09
    4.3955558700E+04    5.1962540701E-09
    4.3969071010E+04    5.1942020975E-09
    4.3982583330E+04    5.1922904300E-09
    4.3996095640E+04    5.1903644546E-09
    4.4009607960E+04    5.1884175369E-09
    4.4023120270E+04    5.1864531013E-09
    4.4036632590E+04    5.1844755058E-09
    4.4050144900E+04    5.1825676634E-09
    4.4063657220E+04    5.1861741319E-09
    4.4077169530E+04    5.1841560647E-09
    4.4090681840E+04    5.1821261264E-09
    4.4104194160E+04    5.1800776040E-09
    4.4117706470E+04    5.1780037038E-09
    4.4131218790E+04    5.1766375167E-09
    4.4144731100E+04    5.1797165459E-09
    4.4158243420E+04    5.1776092537E-09
    4.4171755730E+04    5.1754924301E-09
    4.4185268040E+04    5.1733665660E-09
    4.4198780360E+04    5.1712322927E-09
    4.4212292670E+04    5.1691107043E-09
    4.4225804990E+04    5.1669836092E-09
    4.4239317300E+04    5.1648494306E-09
    4.4252829620E+04    5.1627086815E-09
    4.4266341930E+04    5.1605618149E-09
    4.4279854250E+04    5.1584092374E-09
    4.4293366560E+04    5.1562517704E-09
    4.4306878870E+04    5.1540421375E-09
    4.4320391190E+04    5.1517825901E-09
    4.4333903500E+04    5.1495198659E-09
    4.4347415820E+04    5.1472538780E-09
    4.4360928130E+04    5.1449852772E-09
    4.4374440450E+04    5.1427150055E-09
    4.4387952760E+04    5.1404428325E-09
    4.4401465070E+04    5.1381762808E-09
    4.4414977390E+04    5.1359637951E-09
    4.4428489700E+04    5.1337506820E-09
    4.4442002020E+04    5.1315038995E-09
    4.4455514330E+04    5.1290610985E-09
    4.4469026650E+04    5.1266192495E-09
    4.4482538960E+04    5.1241800083E-09
    4.4496051280E+04    2.0192638852E-07
    4.4509563590E+04    1.5967334038E-07
    4.4523075900E+04    5.1167969237E-09
    4.4536588220E+04    5.1143222961E-09
    4.4550100530E+04    5.1118509949E-09
    4.4563612850E+04    5.1093854443E-09
    4.4577125160E+04    5.1069238428E-09
    4.4590637480E+04    5.1044668959E-09
    4.4604149790E+04    2.0555594919E-08
    4.4617662110E+04    2.6094900375E-06
    4.4631174420E+04    1.7245209805E-08
    4.4644686730E+04    5.0948197138E-09
    4.4658199050E+04    5.0924292024E-09
    4.4671711360E+04    5.0900457402E-09
    4.4685223680E+04    5.0876696147E-09
    4.4698735990E+04    5.0852996037E-09
    4.4712248310E+04    5.0829324084E-09
    4.4725760620E+04    5.0805721222E-09
    4.4739272930E+04    5.0782183849E-09
    4.4752785250E+04    5.0758736057E-09
    4.4766297560E+04    5.0770434089E-09
    4.4779809880E+04    5.0767721826E-09
    4.4793322190E+04    5.0744486739E-09
    4.4806834510E+04    5.0721313002E-09
    4.4820346820E+04    5.0698202279E-09
    4.4833859140E+04    5.0675187485E-09
    4.4847371450E+04    5.0694719115E-09
    4.4860883760E+04    5.0686969417E-09
    4.4874396080E+04    5.0664162542E-09
    4.4887908390E+04    5.0641422159E-09
    4.4901420710E+04    5.0618704894E-09
    4.4914933020E+04    5.0595608612E-09
    4.4928445340E+04    6.5138207285E-09
    4.4941957650E+04    3.8098850705E-07
    4.4955469960E+04    6.5353783773E-08
    4.4968982280E+04    5.0501629077E-09
    4.4982494590E+04    5.0477816327E-09
    4.4996006910E+04    1.7706924026E-07
    4.5009519220E+04    9.0296712389E-07
    4.5023031540E+04    6.1616812033E-09
    4.5036543850E+04    5.0385396356E-09
    4.5050056170E+04    2.9220198223E-08
    4.5063568480E+04    7.8287870900E-06
    4.5077080790E+04    2.5031342363E-08
    4.5090593110E+04    5.0294841214E-09
    4.5104105420E+04    6.3975247240E-09
    4.5117617740E+04    5.7890313999E-07
    4.5131130050E+04    1.0941140328E-07
    4.5144642370E+04    6.3326764882E-09
    4.5158154680E+04    5.1778571059E-08
    4.5171666990E+04    4.5833469488E-07
    4.5185179310E+04    4.6502970641E-07
    4.5198691620E+04    6.9869510222E-09
    4.5212203940E+04    8.6552310348E-08
    4.5225716250E+04    1.5403010525E-06
    4.5239228570E+04    1.6558858120E-06
    4.5252740880E+04    2.4871284572E-08
    4.5266253200E+04    2.3208622465E-08
    4.5279765510E+04    4.4266345200E-06
    4.5293277820E+04    2.4214905255E-08
    4.5306790140E+04    4.9936944178E-09
    4.5320302450E+04    4.9913977751E-09
    4.5333814770E+04    4.9890956632E-09
    4.5347327080E+04    4.9867869589E-09
    4.5360839400E+04    4.9844711679E-09
    4.5374351710E+04    4.9821477341E-09
    4.5387864030E+04    5.5635937548E-08
    4.5401376340E+04    1.2836127857E-06
    4.5414888650E+04    1.0386258670E-08
    4.5428400970E+04    4.9727719335E-09
    4.5441913280E+04    9.9038152748E-09
    4.5455425600E+04    1.7227183483E-06
    4.5468937910E+04    8.5139179246E-08
    4.5482450230E+04    4.9631641423E-09
    4.5495962540E+04    4.9607190579E-09
    4.5509474850E+04    1.7178719639E-07
    4.5522987170E+04    9.8639407170E-07
    4.5536499480E+04    6.8518586971E-09
    4.5550011800E+04    4.9510645749E-09
    4.5563524110E+04    1.6839940882E-08
    4.5577036430E+04    3.2904194358E-06
    4.5590548740E+04    4.3503228070E-08
    4.5604061060E+04    1.7430959110E-08
    4.5617573370E+04    2.4265869542E-06
    4.5631085680E+04    4.5329958267E-06
    4.5644598000E+04    4.7328405349E-07
    4.5658110310E+04    5.3365915612E-09
    4.5671622630E+04    4.9336239497E-09
    4.5685134940E+04    1.8219518284E-08
    4.5698647260E+04    1.6104527107E-06
    4.5712159570E+04    2.1074073018E-08
    4.5725671880E+04    3.0271559677E-08
    4.5739184200E+04    8.1129990338E-06
    4.5752696510E+04    3.4116293088E-06
    4.5766208830E+04    1.9738318678E-07
    4.5779721140E+04    4.9839126037E-09
    4.5793233460E+04    1.6024190516E-07
    4.5806745770E+04    1.4364713707E-07
    4.5820258090E+04    4.9084080642E-09
    4.5833770400E+04    4.9054614825E-09
    4.5847282710E+04    3.0604404512E-08
    4.5860795030E+04    5.4673096741E-06
    4.5874307340E+04    2.6506065167E-08
    4.5887819660E+04    4.8933876650E-09
    4.5901331970E+04    4.9889601255E-09
    4.5914844290E+04    5.5732982091E-07
    4.5928356600E+04    5.2182449412E-07
    4.5941868910E+04    4.8805710141E-09
    4.5955381230E+04    4.8772696486E-09
    4.5968893540E+04    1.6063883562E-08
    4.5982405860E+04    8.4718563212E-07
    4.5995918170E+04    1.7853662826E-08
    4.6009430490E+04    4.8637469968E-09
    4.6022942800E+04    4.8602815019E-09
    4.6036455120E+04    1.1642903192E-07
    4.6049967430E+04    1.7728508336E-07
    4.6063479740E+04    5.3628507413E-09
    4.6076992060E+04    4.8460979777E-09
    4.6090504370E+04    1.7622059618E-08
    4.6104016690E+04    2.5586635159E-06
    4.6117529000E+04    4.1496937087E-08
    4.6131041320E+04    1.0111718866E-08
    4.6144553630E+04    2.9445008603E-07
    4.6158065950E+04    9.5594590458E-07
    4.6171578260E+04    3.3329517879E-07
    4.6185090570E+04    6.7466138074E-09
    4.6198602890E+04    4.6124689978E-08
    4.6212115200E+04    2.0850456866E-07
    4.6225627520E+04    7.0705910365E-09
    4.6239139830E+04    4.8055430098E-09
    4.6252652150E+04    8.0676058218E-09
    4.6266164460E+04    4.0063980243E-07
    4.6279676770E+04    5.7968936566E-08
    4.6293189090E+04    4.7891477279E-09
    4.6306701400E+04    4.7849898059E-09
    4.6320213720E+04    5.9761771159E-08
    4.6333726030E+04    2.8223095107E-06
    4.6347238350E+04    1.6541907735E-08
    4.6360750660E+04    4.7681329756E-09
    4.6374262980E+04    5.4150384516E-09
    4.6387775290E+04    3.5350925367E-07
    4.6401287600E+04    2.5557516898E-07
    4.6414799920E+04    4.7870305237E-09
    4.6428312230E+04    4.7464847384E-09
    4.6441824550E+04    1.7820504617E-08
    4.6455336860E+04    1.9098027625E-06
    4.6468849180E+04    3.5893564707E-08
    4.6482361490E+04    4.7287599539E-09
    4.6495873800E+04    4.7242681263E-09
    4.6509386120E+04    8.8414505044E-08
    4.6522898430E+04    6.3799428208E-07
    4.6536410750E+04    8.4603915767E-09
    4.6549923060E+04    7.2649304592E-08
    4.6563435380E+04    4.4576299808E-06
    4.6576947690E+04    6.8536083557E-06
    4.6590460010E+04    2.2412245304E-07
    4.6603972320E+04    5.7641921777E-09
    4.6617484630E+04    4.6176559711E-07
    4.6630996950E+04    5.2421565899E-06
    4.6644509260E+04    6.4813894873E-06
    4.6658021580E+04    3.3715753188E-08
    4.6671533890E+04    2.0522773537E-08
    4.6685046210E+04    3.9655198724E-06
    4.6698558520E+04    6.3183349885E-06
    4.6712070830E+04    9.8880916050E-07
    4.6725583150E+04    8.1570017181E-09
    4.6739095460E+04    6.6392521554E-08
    4.6752607780E+04    9.5596612194E-07
    4.6766120090E+04    1.1088570363E-08
    4.6779632410E+04    4.6304262968E-09
    4.6793144720E+04    5.6604194109E-09
    4.6806657040E+04    6.1376762427E-07
    4.6820169350E+04    4.4061333472E-07
    4.6833681660E+04    4.9277243405E-09
    4.6847193980E+04    4.6058666816E-09
    4.6860706290E+04    1.5376623616E-08
    4.6874218610E+04    2.2583645379E-06
    4.6887730920E+04    7.4124020672E-08
    4.6901243240E+04    4.5860110289E-09
    4.6914755550E+04    4.5810906174E-09
    4.6928267870E+04    7.1896146366E-08
    4.6941780180E+04    4.4796161818E-06
    4.6955292490E+04    2.1375430682E-08
    4.6968804810E+04    1.9619987422E-08
    4.6982317120E+04    1.3069570267E-06
    4.6995829440E+04    4.8787198717E-06
    4.7009341750E+04    1.1218036642E-06
    4.7022854070E+04    7.2077412494E-09
    4.7036366380E+04    4.5420695450E-09
    4.7049878690E+04    4.5371953753E-09
    4.7063391010E+04    4.5323271737E-09
    4.7076903320E+04    4.5274630776E-09
    4.7090415640E+04    4.5226037568E-09
    4.7103927950E+04    4.5179255289E-09
    4.7117440270E+04    1.9349042705E-08
    4.7130952580E+04    2.0417069930E-06
    4.7144464900E+04    4.2331219905E-08
    4.7157977210E+04    1.0649066226E-08
    4.7171489520E+04    1.1867101894E-06
    4.7185001840E+04    5.6517500071E-06
    4.7198514150E+04    3.3733463472E-06
    4.7212026470E+04    1.9051453616E-08
    4.7225538780E+04    3.4835215219E-08
    4.7239051100E+04    7.8352859275E-06
    4.7252563410E+04    7.8655883558E-06
    4.7266075720E+04    9.7652200743E-07
    4.7279588040E+04    7.8577926717E-09
    4.7293100350E+04    1.0658725075E-07
    4.7306612670E+04    8.1541433587E-06
    4.7320124980E+04    3.9671965656E-06
    4.7333637300E+04    1.8867203635E-07
    4.7347149610E+04    4.5734242205E-09
    4.7360661930E+04    3.7421742122E-07
    4.7374174240E+04    9.3126825220E-06
    4.7387686550E+04    4.7102141733E-06
    4.7401198870E+04    2.3452075204E-06
    4.7414711180E+04    1.6888606206E-06
    4.7428223500E+04    7.0468595474E-06
    4.7441735810E+04    5.6030874091E-06
    4.7455248130E+04    1.2777200666E-06
    4.7468760440E+04    2.4543688553E-08
    4.7482272760E+04    1.2610607922E-08
    4.7495785070E+04    1.9648432328E-06
    4.7509297380E+04    1.4715875671E-07
    4.7522809700E+04    4.3812065126E-09
    4.7536322010E+04    4.3767161562E-09
    4.7549834330E+04    2.7928607810E-08
    4.7563346640E+04    5.7674784196E-06
    4.7576858960E+04    7.0842306385E-08
    4.7590371270E+04    9.2533471704E-09
    4.7603883580E+04    9.7646768283E-07
    4.7617395900E+04    6.9396904611E-06
    4.7630908210E+04    8.0374771312E-06
    4.7644420530E+04    3.5100284373E-08
    4.7657932840E+04    1.7304505370E-08
    4.7671445160E+04    2.7587538280E-06
    4.7684957470E+04    7.6892376342E-06
    4.7698469790E+04    2.9192876852E-06
    4.7711982100E+04    1.7135846073E-08
    4.7725494410E+04    3.4655979719E-08
    4.7739006730E+04    7.3184916756E-06
    4.7752519040E+04    8.2020355040E-06
    4.7766031360E+04    1.3695430526E-06
    4.7779543670E+04    1.0218779322E-08
    4.7793055990E+04    5.0162167682E-08
    4.7806568300E+04    5.5774024040E-06
    4.7820080610E+04    2.9448244507E-06
    4.7833592930E+04    3.1108860720E-07
    4.7847105240E+04    6.4564238098E-09
    4.7860617560E+04    1.0759823050E-07
    4.7874129870E+04    9.3945903962E-06
    4.7887642190E+04    5.3499953249E-06
    4.7901154500E+04    1.9592582039E-06
    4.7914666820E+04    4.7865459963E-07
    4.7928179130E+04    2.2125451292E-06
    4.7941691440E+04    2.5968084274E-06
    4.7955203760E+04    1.4847332949E-08
    4.7968716070E+04    4.2328939953E-09
    4.7982228390E+04    4.2284299842E-09
    4.7995740700E+04    2.5720434360E-07
    4.8009253020E+04    1.8935855912E-06
    4.8022765330E+04    1.1223359935E-08
    4.8036277640E+04    2.8424940289E-08
    4.8049789960E+04    1.8250954194E-06
    4.8063302270E+04    5.5454206389E-06
    4.8076814590E+04    1.4565275218E-06
    4.8090326900E+04    9.0935045875E-09
    4.8103839220E+04    4.7226277398E-08
    4.8117351530E+04    3.9038814117E-06
    4.8130863850E+04    7.0120151115E-06
    4.8144376160E+04    1.2054314121E-06
    4.8157888470E+04    9.8032432681E-09
    4.8171400790E+04    6.1979216075E-08
    4.8184913100E+04    4.8048850747E-06
    4.8198425420E+04    5.6894909698E-06
    4.8211937730E+04    6.3935668649E-07
    4.8225450050E+04    6.7658751678E-09
    4.8238962360E+04    9.4049841187E-08
    4.8252474680E+04    9.1376132821E-06
    4.8265986990E+04    8.9837778770E-06
    4.8279499300E+04    7.5890455576E-07
    4.8293011620E+04    6.6314531937E-09
    4.8306523930E+04    1.1001516475E-07
    4.8320036250E+04    1.0968184688E-05
    4.8333548560E+04    7.9521107148E-06
    4.8347060880E+04    6.1196495948E-07
    4.8360573190E+04    6.4824718570E-09
    4.8374085500E+04    1.3663993073E-07
    4.8387597820E+04    9.0845675348E-06
    4.8401110130E+04    6.1176854920E-06
    4.8414622450E+04    4.4345422379E-06
    4.8428134760E+04    3.0146522443E-06
    4.8441647080E+04    5.6845273710E-06
    4.8455159390E+04    1.1264593659E-05
    4.8468671710E+04    3.7237029382E-06
    4.8482184020E+04    1.8742733627E-06
    4.8495696330E+04    1.6239644289E-06
    4.8509208650E+04    4.4290342558E-06
    4.8522720960E+04    1.6539171663E-05
    4.8536233280E+04    8.0043272645E-06
    4.8549745590E+04    5.2451804004E-06
    4.8563257910E+04    4.5667738252E-06
    4.8576770220E+04    6.8366649435E-06
    4.8590282530E+04    1.3931071450E-05
    4.8603794850E+04    5.2026843884E-06
    4.8617307160E+04    3.6159045865E-06
    4.8630819480E+04    6.3395537835E-06
    4.8644331790E+04    9.1388374254E-06
    4.8657844110E+04    1.5299363178E-05
    4.8671356420E+04    1.0760687018E-07
    4.8684868740E+04    7.9955433617E-09
    4.8698381050E+04    8.0398319304E-07
    4.8711893360E+04    7.9508297074E-06
    4.8725405680E+04    1.1713712283E-05
    4.8738917990E+04    5.8964951481E-06
    4.8752430310E+04    3.6992006633E-06
    4.8765942620E+04    8.9640523264E-06
    4.8779454940E+04    1.4352950752E-05
    4.8792967250E+04    1.5141914820E-05
    4.8806479560E+04    8.6125041225E-06
    4.8819991880E+04    4.7934210877E-06
    4.8833504190E+04    8.7914024423E-06
    4.8847016510E+04    1.1738722297E-05
    4.8860528820E+04    9.7015599258E-06
    4.8874041140E+04    5.5072519253E-06
    4.8887553450E+04    2.6518538327E-06
    4.8901065770E+04    7.3677980720E-06
    4.8914578080E+04    1.4458239649E-05
    4.8928090390E+04    1.0659966923E-05
    4.8941602710E+04    5.0660124194E-06
    4.8955115020E+04    1.7151110599E-06
    4.8968627340E+04    4.0742211120E-06
    4.8982139650E+04    1.1036107993E-05
    4.8995651970E+04    5.3051433637E-06
    4.9009164280E+04    3.7534369964E-06
    4.9022676600E+04    3.7170529663E-06
    4.9036188910E+04    6.9399872433E-06
    4.9049701220E+04    2.2512443552E-05
    4.9063213540E+04    1.0310314038E-05
    4.9076725850E+04    7.5290163703E-06
    4.9090238170E+04    7.6304134589E-06
    4.9103750480E+04    9.5902435247E-06
    4.9117262800E+04    1.7473415966E-05
    4.9130775110E+04    5.1584569772E-06
    4.9144287420E+04    1.7514473826E-06
    4.9157799740E+04    2.5624005385E-06
    4.9171312050E+04    5.0477627814E-06
    4.9184824370E+04    1.1057017180E-05
    4.9198336680E+04    4.7410400749E-07
    4.9211849000E+04    4.4305441694E-09
    4.9225361310E+04    1.5445638059E-07
    4.9238873630E+04    8.4430846353E-06
    4.9252385940E+04    1.2074266801E-05
    4.9265898250E+04    8.9274401657E-06
    4.9279410570E+04    3.1662179382E-06
    4.9292922880E+04    4.5870238479E-06
    4.9306435200E+04    1.6336625347E-05
    4.9319947510E+04    1.8019789003E-05
    4.9333459830E+04    9.7698251137E-06
    4.9346972140E+04    1.9750614835E-06
    4.9360484450E+04    2.0689899905E-06
    4.9373996770E+04    7.9248745256E-06
    4.9387509080E+04    1.0706504788E-05
    4.9401021400E+04    9.7849232574E-06
    4.9414533710E+04    3.7441285319E-06
    4.9428046030E+04    2.8312826586E-06
    4.9441558340E+04    8.0028192377E-06
    4.9455070660E+04    1.3430747482E-05
    4.9468582970E+04    8.5102069741E-06
    4.9482095280E+04    1.6219227740E-07
    4.9495607600E+04    4.8630394195E-09
    4.9509119910E+04    5.2023518788E-07
    4.9522632230E+04    8.8369769141E-06
    4.9536144540E+04    5.3716024332E-06
    4.9549656860E+04    4.1437536591E-06
    4.9563169170E+04    3.4898036742E-06
    4.9576681480E+04    6.6793005365E-06
    4.9590193800E+04    1.8617794209E-05
    4.9603706110E+04    7.8123008811E-06
    4.9617218430E+04    5.2753677113E-06
    4.9630730740E+04    4.7448208600E-06
    4.9644243060E+04    6.3434605390E-06
    4.9657755370E+04    1.4641907774E-05
    4.9671267690E+04    7.4360604012E-06
    4.9684780000E+04    3.8512670259E-06
    4.9698292310E+04    5.4349550733E-06
    4.9711804630E+04    7.8383283261E-06
    4.9725316940E+04    1.2345564590E-05
    4.9738829260E+04    1.0660584993E-05
    4.9752341570E+04    5.3023272007E-06
    4.9765853890E+04    5.9728039533E-06
    4.9779366200E+04    8.6891684250E-06
    4.9792878520E+04    1.1242746057E-05
    4.9806390830E+04    1.1992624985E-05
    4.9819903140E+04    4.9271386650E-06
    4.9833415460E+04    3.9949566634E-06
    4.9846927770E+04    7.5510997812E-06
    4.9860440090E+04    1.2427638701E-05
    4.9873952400E+04    1.6305658423E-05
    4.9887464720E+04    6.3236939168E-06
    4.9900977030E+04    3.8116022711E-06
    4.9914489340E+04    7.6567749858E-06
    4.9928001660E+04    1.4412350759E-05
    4.9941513970E+04    1.3155540669E-05
    4.9955026290E+04    9.2055024472E-06
    4.9968538600E+04    5.7832530341E-06
    4.9982050920E+04    8.0803736691E-06
    4.9995563230E+04    1.5373593182E-05
    5.0009075550E+04    1.1315589433E-05
    5.0022587860E+04    8.4895128212E-06
    5.0036100170E+04    4.8640694663E-06
    5.0049612490E+04    4.9151289027E-06
    5.0063124800E+04    1.1002555883E-05
    5.0076637120E+04    1.1843978070E-05
    5.0090149430E+04    8.9907843120E-06
    5.0103661750E+04    5.9118813107E-06
    5.0117174060E+04    4.0434852702E-06
    5.0130686370E+04    8.0255727244E-06
    5.0144198690E+04    1.2336137099E-05
    5.0157711000E+04    9.3378298139E-06
    5.0171223320E+04    7.8056586137E-06
    5.0184735630E+04    7.2974057763E-06
    5.0198247950E+04    9.0047485702E-06
    5.0211760260E+04    1.4207434255E-05
    5.0225272580E+04    5.4439557158E-06
    5.0238784890E+04    2.0930659346E-06
    5.0252297200E+04    2.2292179509E-06
    5.0265809520E+04    2.8901272684E-06
    5.0279321830E+04    6.5245333408E-06
    5.0292834150E+04    4.1588683172E-06
    5.0306346460E+04    5.7333141608E-07
    5.0319858780E+04    7.1659899671E-07
    5.0333371090E+04    2.7040194108E-06
    5.0346883410E+04    5.4513241626E-06
    5.0360395720E+04    1.0627866362E-05
    5.0373908030E+04    3.8408722016E-06
    5.0387420350E+04    2.3445449075E-06
    5.0400932660E+04    5.0263858134E-06
    5.0414444980E+04    8.4454776629E-06
    5.0427957290E+04    1.0157303623E-05
    5.0441469610E+04    6.0575844749E-06
    5.0454981920E+04    2.2957110519E-06
    5.0468494230E+04    3.3563855478E-06
    5.0482006550E+04    7.0123621207E-06
    5.0495518860E+04    7.3867484578E-06
    5.0509031180E+04    7.2133846336E-06
    5.0522543490E+04    3.3324698387E-06
    5.0536055810E+04    2.8328584326E-06
    5.0549568120E+04    7.3243345612E-06
    5.0563080440E+04    1.1240519294E-05
    5.0576592750E+04    1.0412017556E-05
    5.0590105060E+04    6.7776583404E-06
    5.0603617380E+04    3.7466127243E-06
    5.0617129690E+04    5.7803192004E-06
    5.0630642010E+04    1.0316667100E-05
    5.0644154320E+04    7.1250229698E-06
    5.0657666640E+04    4.4060692923E-06
    5.0671178950E+04    1.7357239877E-06
    5.0684691260E+04    1.5422836252E-06
    5.0698203580E+04    5.6478938178E-06
    5.0711715890E+04    9.0289128613E-06
    5.0725228210E+04    6.9328271073E-06
    5.0738740520E+04    5.6062024320E-06
    5.0752252840E+04    4.6379322502E-06
    5.0765765150E+04    6.8964065114E-06
    5.0779277470E+04    1.2854101824E-05
    5.0792789780E+04    6.6527740375E-06
    5.0806302090E+04    4.4491187672E-06
    5.0819814410E+04    4.9761292062E-06
    5.0833326720E+04    6.0683413151E-06
    5.0846839040E+04    8.8639515519E-06
    5.0860351350E+04    6.0384970419E-06
    5.0873863670E+04    1.8262162419E-06
    5.0887375980E+04    1.8598086775E-06
    5.0900888290E+04    3.7076522517E-06
    5.0914400610E+04    6.4215124472E-06
    5.0927912920E+04    1.1704152005E-05
    5.0941425240E+04    6.5289641885E-06
    5.0954937550E+04    4.0754175455E-06
    5.0968449870E+04    6.1269418791E-06
    5.0981962180E+04    8.6579255585E-06
    5.0995474500E+04    1.0027002904E-05
