###   Wavelength (A)        Transmission
    2.0004663860E+04    5.0704495754E-12
    2.0020744780E+04    5.7199567530E-12
    2.0036825700E+04    6.2904726073E-12
    2.0052906620E+04    4.7298158349E-12
    2.0068987540E+04    3.7844552925E-12
    2.0085068460E+04    3.5621373496E-12
    2.0101149380E+04    3.1753831663E-12
    2.0117230300E+04    2.4336526620E-12
    2.0133311220E+04    2.1706520370E-12
    2.0149392140E+04    2.0393376899E-12
    2.0165473060E+04    2.1031989959E-12
    2.0181553980E+04    2.5490716975E-12
    2.0197634900E+04    2.7985907459E-12
    2.0213715820E+04    2.4244302508E-12
    2.0229796740E+04    2.2973450046E-12
    2.0245877660E+04    2.4290138993E-12
    2.0261958580E+04    1.9076909645E-12
    2.0278039490E+04    1.5901971201E-12
    2.0294120410E+04    1.7256066117E-12
    2.0310201330E+04    2.3824075390E-12
    2.0326282250E+04    2.5023249181E-12
    2.0342363170E+04    1.9931144252E-12
    2.0358444090E+04    1.5948947285E-12
    2.0374525010E+04    1.3568064465E-12
    2.0390605930E+04    1.3200865056E-12
    2.0406686850E+04    1.4172229601E-12
    2.0422767770E+04    1.5210677233E-12
    2.0438848690E+04    1.6791575230E-12
    2.0454929610E+04    1.8372130376E-12
    2.0471010530E+04    2.1480772118E-12
    2.0487091450E+04    1.9049159881E-12
    2.0503172370E+04    1.4456617787E-12
    2.0519253290E+04    1.3411365062E-12
    2.0535334210E+04    1.5536598956E-12
    2.0551415130E+04    2.0615160848E-13
    2.0567496050E+04    8.2945825450E-15
    2.0583576970E+04    1.0192503780E-14
    2.0599657880E+04    1.4952679713E-13
    2.0615738800E+04    4.2838974036E-13
    2.0631819720E+04    6.1843373608E-13
    2.0647900640E+04    8.6509602531E-13
    2.0663981560E+04    1.1711034254E-12
    2.0680062480E+04    1.7641040644E-12
    2.0696143400E+04    2.3769901784E-12
    2.0712224320E+04    2.0792971798E-12
    2.0728305240E+04    1.2314032194E-12
    2.0744386160E+04    2.0473898784E-12
    2.0760467080E+04    3.8518381728E-12
    2.0776548000E+04    4.5457558753E-12
    2.0792628920E+04    2.3588729062E-12
    2.0808709840E+04    1.7242226403E-12
    2.0824790760E+04    2.6553820182E-12
    2.0840871680E+04    4.9536034842E-12
    2.0856952600E+04    4.6572720582E-12
    2.0873033520E+04    4.5553715548E-12
    2.0889114440E+04    4.5686553050E-12
    2.0905195360E+04    6.5490693792E-12
    2.0921276270E+04    9.7170766830E-12
    2.0937357190E+04    1.4725614310E-11
    2.0953438110E+04    1.5332715958E-11
    2.0969519030E+04    1.5563155245E-11
    2.0985599950E+04    2.2357822807E-11
    2.1001680870E+04    3.5799202330E-11
    2.1017761790E+04    2.7769003446E-11
    2.1033842710E+04    1.9420338056E-11
    2.1049923630E+04    1.8487809876E-11
    2.1066004550E+04    2.1936031812E-11
    2.1082085470E+04    2.3894842214E-11
    2.1098166390E+04    2.6819949558E-11
    2.1114247310E+04    3.2376286406E-11
    2.1130328230E+04    3.1011348344E-11
    2.1146409150E+04    3.7347764391E-11
    2.1162490070E+04    3.3250822075E-11
    2.1178570990E+04    2.8864427719E-11
    2.1194651910E+04    2.7497664616E-11
    2.1210732830E+04    2.5866511830E-11
    2.1226813750E+04    3.4871252185E-11
    2.1242894660E+04    5.6589663275E-11
    2.1258975580E+04    4.6037149492E-11
    2.1275056500E+04    3.0806521922E-11
    2.1291137420E+04    3.1363062583E-11
    2.1307218340E+04    4.8852237549E-11
    2.1323299260E+04    7.8681342656E-11
    2.1339380180E+04    6.5811914886E-11
    2.1355461100E+04    5.8194948533E-11
    2.1371542020E+04    7.0144632903E-11
    2.1387622940E+04    8.4543493814E-11
    2.1403703860E+04    6.6367220541E-11
    2.1419784780E+04    6.3709803451E-11
    2.1435865700E+04    5.9161456521E-11
    2.1451946620E+04    5.3967003149E-11
    2.1468027540E+04    4.1990750431E-11
    2.1484108460E+04    3.0589142495E-11
    2.1500189380E+04    3.6983232835E-11
    2.1516270300E+04    2.4562706296E-11
    2.1532351220E+04    2.1832233448E-11
    2.1548432140E+04    3.8161014930E-11
    2.1564513050E+04    1.0464868322E-10
    2.1580593970E+04    6.2812442986E-11
    2.1596674890E+04    4.3145541996E-11
    2.1612755810E+04    5.0815300555E-11
    2.1628836730E+04    7.7967394259E-11
    2.1644917650E+04    1.0140660553E-10
    2.1660998570E+04    1.1310028917E-10
    2.1677079490E+04    1.5037325709E-10
    2.1693160410E+04    1.5485266073E-10
    2.1709241330E+04    1.6411937023E-10
    2.1725322250E+04    1.9641589321E-10
    2.1741403170E+04    2.4255161130E-10
    2.1757484090E+04    2.2806907266E-10
    2.1773565010E+04    1.8683529461E-10
    2.1789645930E+04    1.6810592404E-10
    2.1805726850E+04    1.7297764600E-10
    2.1821807770E+04    1.5703431607E-10
    2.1837888690E+04    5.5916948915E-11
    2.1853969610E+04    3.1351347943E-11
    2.1870050530E+04    3.6986388156E-11
    2.1886131450E+04    7.5893938366E-11
    2.1902212360E+04    1.4344887507E-10
    2.1918293280E+04    1.5102640477E-10
    2.1934374200E+04    1.7803686756E-10
    2.1950455120E+04    1.8273867294E-10
    2.1966536040E+04    1.8990205871E-10
    2.1982616960E+04    2.1768950494E-10
    2.1998697880E+04    2.5351833878E-10
    2.2014778800E+04    2.6838771213E-10
    2.2030859720E+04    2.6339501495E-10
    2.2046940640E+04    2.7726084271E-10
    2.2063021560E+04    3.5998955475E-10
    2.2079102480E+04    4.7024364050E-10
    2.2095183400E+04    4.6245523193E-10
    2.2111264320E+04    4.4384734232E-10
    2.2127345240E+04    4.7313618357E-10
    2.2143426160E+04    5.7007272101E-10
    2.2159507080E+04    8.4623762605E-10
    2.2175588000E+04    8.7041814470E-10
    2.2191668920E+04    9.7379886193E-10
    2.2207749840E+04    1.3785176472E-09
    2.2223830750E+04    2.0147691174E-09
    2.2239911670E+04    2.8470451781E-09
    2.2255992590E+04    3.8275366608E-09
    2.2272073510E+04    4.8639329516E-09
    2.2288154430E+04    4.8596642833E-09
    2.2304235350E+04    4.7651241395E-09
    2.2320316270E+04    4.8074702115E-09
    2.2336397190E+04    5.1655120977E-09
    2.2352478110E+04    4.7331371379E-09
    2.2368559030E+04    3.6914499625E-09
    2.2384639950E+04    3.5150039776E-09
    2.2400720870E+04    4.1815814510E-09
    2.2416801790E+04    5.4464150573E-09
    2.2432882710E+04    6.7488367186E-09
    2.2448963630E+04    6.2987059762E-09
    2.2465044550E+04    6.1992415337E-09
    2.2481125470E+04    8.0042393079E-09
    2.2497206390E+04    1.0769034290E-08
    2.2513287310E+04    1.1536328086E-08
    2.2529368230E+04    1.1717987643E-08
    2.2545449140E+04    1.1825708410E-08
    2.2561530060E+04    1.0294507826E-08
    2.2577610980E+04    8.9269351558E-09
    2.2593691900E+04    1.2920310340E-08
    2.2609772820E+04    2.2043642558E-08
    2.2625853740E+04    3.2446600822E-08
    2.2641934660E+04    3.4480249527E-08
    2.2658015580E+04    3.7312649005E-08
    2.2674096500E+04    3.9691587812E-08
    2.2690177420E+04    4.3170722252E-08
    2.2706258340E+04    3.7291377349E-08
    2.2722339260E+04    2.6471061621E-08
    2.2738420180E+04    1.9577594460E-08
    2.2754501100E+04    1.8906357933E-08
    2.2770582020E+04    2.2110516985E-08
    2.2786662940E+04    2.9236206311E-08
    2.2802743860E+04    2.5002606496E-08
    2.2818824780E+04    2.3323355969E-08
    2.2834905700E+04    3.1228318542E-08
    2.2850986620E+04    4.2459789253E-08
    2.2867067530E+04    5.3165991979E-08
    2.2883148450E+04    6.2412585300E-08
    2.2899229370E+04    7.7457935940E-08
    2.2915310290E+04    5.7098541318E-08
    2.2931391210E+04    4.1609438706E-08
    2.2947472130E+04    4.0603532605E-08
    2.2963553050E+04    5.7842344720E-08
    2.2979633970E+04    9.1916547502E-08
    2.2995714890E+04    4.9669963872E-08
    2.3011795810E+04    3.7033388495E-08
    2.3027876730E+04    3.9984444244E-08
    2.3043957650E+04    6.2648855353E-08
    2.3060038570E+04    1.0058260438E-07
    2.3076119490E+04    3.7053578499E-08
    2.3092200410E+04    1.9819415283E-08
    2.3108281330E+04    3.8061629295E-08
    2.3124362250E+04    5.8889995885E-08
    2.3140443170E+04    1.0792940788E-07
    2.3156524090E+04    1.7635321423E-07
    2.3172605010E+04    2.6192060293E-07
    2.3188685920E+04    3.6862911147E-07
    2.3204766840E+04    2.4191042720E-07
    2.3220847760E+04    1.6246526611E-07
    2.3236928680E+04    2.0123149448E-07
    2.3253009600E+04    4.1163060058E-07
    2.3269090520E+04    8.3343995675E-07
    2.3285171440E+04    6.8664730654E-07
    2.3301252360E+04    7.4325062770E-07
    2.3317333280E+04    8.6336785983E-07
    2.3333414200E+04    1.1066278414E-06
    2.3349495120E+04    1.9175405030E-06
    2.3365576040E+04    2.2298642772E-06
    2.3381656960E+04    1.8310758109E-06
    2.3397737880E+04    1.5956190993E-06
    2.3413818800E+04    1.7503971965E-06
    2.3429899720E+04    2.1528128735E-06
    2.3445980640E+04    2.4417500658E-06
    2.3462061560E+04    2.1480206148E-06
    2.3478142480E+04    1.9279504362E-06
    2.3494223400E+04    1.1761442576E-06
    2.3510304310E+04    1.0068600842E-06
    2.3526385230E+04    1.0743313537E-06
    2.3542466150E+04    1.2665311350E-06
    2.3558547070E+04    1.5781276251E-06
    2.3574627990E+04    9.8405344074E-07
    2.3590708910E+04    7.5483275950E-07
    2.3606789830E+04    7.6819825943E-07
    2.3622870750E+04    1.1794484227E-06
    2.3638951670E+04    2.1176934776E-06
    2.3655032590E+04    4.4185274095E-06
    2.3671113510E+04    2.9335832445E-06
    2.3687194430E+04    2.0449002654E-06
    2.3703275350E+04    1.8733781167E-06
    2.3719356270E+04    2.3599484755E-06
    2.3735437190E+04    3.3534211623E-06
    2.3751518110E+04    3.5445199667E-06
    2.3767599030E+04    3.5362311378E-06
    2.3783679950E+04    3.5495894524E-06
    2.3799760870E+04    2.3941822511E-06
    2.3815841790E+04    1.9901004051E-06
    2.3831922710E+04    1.9044304669E-06
    2.3848003620E+04    2.2577568332E-06
    2.3864084540E+04    2.9612122311E-06
    2.3880165460E+04    2.2354602885E-06
    2.3896246380E+04    1.3462002371E-06
    2.3912327300E+04    8.9384163365E-07
    2.3928408220E+04    1.3717721240E-06
    2.3944489140E+04    2.3779160361E-06
    2.3960570060E+04    3.5024162170E-06
    2.3976650980E+04    1.5785535731E-06
    2.3992731900E+04    9.4178562416E-07
    2.4008812820E+04    6.6132249449E-07
    2.4024893740E+04    5.9839850411E-07
    2.4040974660E+04    1.0033387552E-06
    2.4057055580E+04    1.0738482446E-06
    2.4073136500E+04    7.8967277390E-07
    2.4089217420E+04    6.8628978223E-07
    2.4105298340E+04    8.0301592431E-07
    2.4121379260E+04    9.8834266613E-07
    2.4137460180E+04    1.2037794365E-06
    2.4153541100E+04    1.2499909980E-06
    2.4169622010E+04    1.5861666783E-06
    2.4185702930E+04    2.9972455695E-06
    2.4201783850E+04    2.0620456958E-06
    2.4217864770E+04    1.4425983197E-06
    2.4233945690E+04    1.5153993634E-06
    2.4250026610E+04    2.6119454439E-06
    2.4266107530E+04    4.4979763556E-06
    2.4282188450E+04    2.9479061072E-06
    2.4298269370E+04    1.5889649004E-06
    2.4314350290E+04    9.7461780017E-07
    2.4330431210E+04    1.3488934320E-06
    2.4346512130E+04    2.3526407772E-06
    2.4362593050E+04    4.5506154089E-06
    2.4378673970E+04    4.4885244977E-06
    2.4394754890E+04    4.3539664154E-06
    2.4410835810E+04    4.4309065314E-06
    2.4426916730E+04    5.2248154088E-06
    2.4442997650E+04    6.1724239549E-06
    2.4459078570E+04    7.0042446462E-06
    2.4475159490E+04    6.9160557769E-06
    2.4491240400E+04    6.8462697601E-06
    2.4507321320E+04    6.2856791094E-06
    2.4523402240E+04    5.0324395353E-06
    2.4539483160E+04    4.0552631236E-06
    2.4555564080E+04    4.0739015624E-06
    2.4571645000E+04    5.2272972192E-06
    2.4587725920E+04    6.7187492776E-06
    2.4603806840E+04    6.4534536465E-06
    2.4619887760E+04    5.0179560094E-06
    2.4635968680E+04    3.9352942459E-06
    2.4652049600E+04    4.2615500739E-06
    2.4668130520E+04    5.4592659890E-06
    2.4684211440E+04    7.0699746472E-06
    2.4700292360E+04    4.4484912722E-06
    2.4716373280E+04    3.0141416524E-06
    2.4732454200E+04    2.2841538444E-06
    2.4748535120E+04    2.1024452238E-06
    2.4764616040E+04    2.0810018806E-06
    2.4780696960E+04    2.6565519418E-06
    2.4796777880E+04    2.8979431920E-06
    2.4812858790E+04    2.9923701415E-06
    2.4828939710E+04    3.1672677690E-06
    2.4845020630E+04    3.7523365326E-06
    2.4861101550E+04    4.5003051219E-06
    2.4877182470E+04    5.4220277237E-06
    2.4893263390E+04    6.7635608791E-06
    2.4909344310E+04    8.4772392998E-06
    2.4925425230E+04    1.0661848861E-05
    2.4941506150E+04    7.9360338578E-06
    2.4957587070E+04    6.1365965834E-06
    2.4973667990E+04    4.9118651622E-06
    2.4989748910E+04    5.8307934832E-06
    2.4997781620E+04    1.2745441312E-05
    2.5011293930E+04    1.0256731534E-05
    2.5024806240E+04    8.2572939908E-06
    2.5038318560E+04    8.3301583188E-06
    2.5051830870E+04    7.9375490716E-06
    2.5065343190E+04    7.2009336378E-06
    2.5078855500E+04    7.4876182534E-06
    2.5092367820E+04    9.9690869082E-06
    2.5105880130E+04    6.3369630311E-06
    2.5119392440E+04    6.3388201659E-06
    2.5132904760E+04    4.5754175586E-06
    2.5146417070E+04    3.7918034046E-06
    2.5159929390E+04    4.8943713604E-06
    2.5173441700E+04    5.0960268934E-06
    2.5186954020E+04    1.9581548890E-06
    2.5200466330E+04    4.9582362117E-06
    2.5213978650E+04    4.0990073175E-06
    2.5227490960E+04    5.9722642151E-06
    2.5241003270E+04    8.6046554203E-06
    2.5254515590E+04    8.8941681711E-06
    2.5268027900E+04    8.6609671728E-06
    2.5281540220E+04    7.8644423522E-06
    2.5295052530E+04    1.0187278332E-05
    2.5308564850E+04    1.1043996853E-05
    2.5322077160E+04    6.3241956307E-06
    2.5335589480E+04    4.2510854143E-06
    2.5349101790E+04    4.3879318701E-06
    2.5362614100E+04    1.6946948881E-06
    2.5376126420E+04    6.3893809253E-06
    2.5389638730E+04    7.4557973821E-06
    2.5403151050E+04    4.0613995403E-06
    2.5416663360E+04    5.4100669779E-06
    2.5430175680E+04    7.2671660382E-06
    2.5443687990E+04    4.2338340210E-06
    2.5457200300E+04    8.8809867936E-07
    2.5470712620E+04    4.5012214339E-06
    2.5484224930E+04    9.8906142756E-06
    2.5497737250E+04    7.5620906559E-06
    2.5511249560E+04    3.4515718709E-06
    2.5524761880E+04    2.5244736944E-06
    2.5538274190E+04    5.1746018397E-06
    2.5551786510E+04    4.8556975355E-06
    2.5565298820E+04    5.9735650987E-06
    2.5578811130E+04    5.3004266040E-06
    2.5592323450E+04    3.5396787075E-06
    2.5605835760E+04    3.4190979848E-06
    2.5619348080E+04    5.3602564136E-06
    2.5632860390E+04    8.0069138797E-06
    2.5646372710E+04    4.4954927674E-06
    2.5659885020E+04    4.5446333920E-06
    2.5673397330E+04    3.1795529841E-06
    2.5686909650E+04    8.1865699393E-06
    2.5700421960E+04    7.5953079987E-06
    2.5713934280E+04    4.6076351496E-06
    2.5727446590E+04    5.4020886029E-06
    2.5740958910E+04    4.6771446529E-06
    2.5754471220E+04    4.1687987050E-06
    2.5767983540E+04    2.8841121300E-06
    2.5781495850E+04    6.5433597011E-06
    2.5795008160E+04    5.5771248816E-06
    2.5808520480E+04    8.7189416168E-06
    2.5822032790E+04    6.8661412929E-06
    2.5835545110E+04    7.0264893823E-06
    2.5849057420E+04    1.0085037533E-05
    2.5862569740E+04    1.0411164806E-05
    2.5876082050E+04    3.7631401555E-06
    2.5889594370E+04    4.5399347788E-06
    2.5903106680E+04    5.3137145289E-06
    2.5916618990E+04    4.9433220118E-06
    2.5930131310E+04    7.2826420861E-06
    2.5943643620E+04    3.6139033429E-06
    2.5957155940E+04    2.7911796054E-06
    2.5970668250E+04    3.7378943937E-06
    2.5984180570E+04    5.6800720337E-06
    2.5997692880E+04    3.3162751619E-06
    2.6011205190E+04    7.2740885789E-06
    2.6024717510E+04    7.2853275372E-06
    2.6038229820E+04    5.7395274664E-06
    2.6051742140E+04    6.0428883309E-06
    2.6065254450E+04    5.0486337905E-06
    2.6078766770E+04    4.0126177223E-06
    2.6092279080E+04    5.7004854159E-06
    2.6105791400E+04    3.4491455838E-06
    2.6119303710E+04    1.5115626901E-06
    2.6132816020E+04    7.8982143685E-06
    2.6146328340E+04    8.5275166025E-06
    2.6159840650E+04    3.2203006721E-06
    2.6173352970E+04    1.8435956191E-06
    2.6186865280E+04    2.2627939107E-06
    2.6200377600E+04    2.9932846934E-06
    2.6213889910E+04    4.2678976600E-06
    2.6227402220E+04    7.1111057380E-06
    2.6240914540E+04    6.8561630937E-06
    2.6254426850E+04    4.0926828497E-06
    2.6267939170E+04    2.9640780900E-06
    2.6281451480E+04    3.7535443643E-06
    2.6294963800E+04    2.9090066582E-06
    2.6308476110E+04    2.6391594842E-06
    2.6321988430E+04    3.5464659942E-06
    2.6335500740E+04    4.9066184463E-06
    2.6349013050E+04    6.5015650830E-06
    2.6362525370E+04    2.3770813159E-06
    2.6376037680E+04    5.2961694662E-06
    2.6389550000E+04    6.0345143465E-06
    2.6403062310E+04    5.2873842190E-06
    2.6416574630E+04    4.6376972388E-06
    2.6430086940E+04    7.4266553616E-06
    2.6443599250E+04    3.5344592809E-06
    2.6457111570E+04    4.1278732913E-06
    2.6470623880E+04    5.7432005326E-06
    2.6484136200E+04    7.5313221786E-06
    2.6497648510E+04    6.4721703573E-06
    2.6511160830E+04    6.1405600489E-06
    2.6524673140E+04    4.2162828906E-06
    2.6538185460E+04    3.5633961323E-06
    2.6551697770E+04    5.5095899444E-06
    2.6565210080E+04    3.2305208099E-06
    2.6578722400E+04    2.0741363812E-06
    2.6592234710E+04    1.4135306252E-06
    2.6605747030E+04    3.6704395998E-06
    2.6619259340E+04    5.1413818485E-06
    2.6632771660E+04    3.1488225707E-06
    2.6646283970E+04    3.3629176094E-06
    2.6659796290E+04    1.9589339459E-06
    2.6673308600E+04    4.2899370489E-07
    2.6686820910E+04    1.3215862528E-06
    2.6700333230E+04    2.8807234283E-06
    2.6713845540E+04    3.8290360107E-06
    2.6727357860E+04    3.2234814494E-06
    2.6740870170E+04    3.6868748071E-06
    2.6754382490E+04    1.9383500214E-06
    2.6767894800E+04    1.3081254124E-06
    2.6781407110E+04    3.3170241625E-08
    2.6794919430E+04    6.3404598039E-07
    2.6808431740E+04    4.5652735594E-07
    2.6821944060E+04    6.4048000497E-09
    2.6835456370E+04    2.3593491019E-06
    2.6848968690E+04    4.1604362100E-06
    2.6862481000E+04    2.4338071430E-06
    2.6875993320E+04    1.3984274750E-06
    2.6889505630E+04    1.1611234459E-06
    2.6903017940E+04    2.5703800338E-06
    2.6916530260E+04    1.6011270859E-06
    2.6930042570E+04    2.8116653152E-06
    2.6943554890E+04    3.4048113884E-06
    2.6957067200E+04    3.1138693291E-06
    2.6970579520E+04    1.0165264515E-06
    2.6984091830E+04    5.8875514297E-07
    2.6997604140E+04    4.1475015713E-06
    2.7011116460E+04    1.9431564741E-06
    2.7024628770E+04    1.0755519390E-07
    2.7038141090E+04    3.4071759124E-07
    2.7051653400E+04    2.5002845506E-06
    2.7065165720E+04    3.9301246350E-06
    2.7078678030E+04    1.3749195269E-06
    2.7092190350E+04    3.6181527762E-06
    2.7105702660E+04    2.4783501062E-06
    2.7119214970E+04    2.1137475081E-06
    2.7132727290E+04    3.7519426185E-06
    2.7146239600E+04    1.6085479078E-06
    2.7159751920E+04    3.0647881747E-06
    2.7173264230E+04    4.0065800044E-06
    2.7186776550E+04    4.6989641582E-06
    2.7200288860E+04    3.0074171789E-06
    2.7213801170E+04    4.1137381423E-07
    2.7227313490E+04    1.9678767732E-06
    2.7240825800E+04    1.8012375915E-06
    2.7254338120E+04    1.4731810269E-06
    2.7267850430E+04    6.1562053248E-07
    2.7281362750E+04    7.8239635029E-09
    2.7294875060E+04    1.3398248824E-06
    2.7308387380E+04    3.5723916792E-07
    2.7321899690E+04    6.2903027253E-09
    2.7335412000E+04    4.2382777286E-07
    2.7348924320E+04    2.1749477377E-06
    2.7362436630E+04    1.1187418851E-06
    2.7375948950E+04    3.6268545164E-07
    2.7389461260E+04    5.7250809564E-07
    2.7402973580E+04    4.3497749438E-09
    2.7416485890E+04    4.3528426809E-09
    2.7429998210E+04    2.0624271639E-07
    2.7443510520E+04    4.3500427083E-09
    2.7457022830E+04    4.3461676675E-09
    2.7470535150E+04    2.1957897541E-08
    2.7484047460E+04    4.3449600392E-09
    2.7497559780E+04    4.3443607628E-09
    2.7511072090E+04    4.3436489495E-09
    2.7524584410E+04    4.3406221553E-09
    2.7538096720E+04    4.3372272973E-09
    2.7551609030E+04    4.3366563004E-09
    2.7565121350E+04    4.3335740345E-09
    2.7578633660E+04    4.3307081023E-09
    2.7592145980E+04    4.3314921181E-09
    2.7605658290E+04    4.3353725661E-09
    2.7619170610E+04    4.3310783204E-09
    2.7632682920E+04    4.3311759188E-09
    2.7646195240E+04    4.3318409463E-09
    2.7659707550E+04    4.3326505538E-09
    2.7673219860E+04    4.3285506219E-09
    2.7686732180E+04    4.3296906689E-09
    2.7700244490E+04    4.3308523278E-09
    2.7713756810E+04    4.3268194623E-09
    2.7727269120E+04    4.3279040414E-09
    2.7740781440E+04    4.3291458319E-09
    2.7754293750E+04    4.3283699800E-09
    2.7767806060E+04    4.3270144759E-09
    2.7781318380E+04    4.3293601149E-09
    2.7794830690E+04    4.3354704748E-09
    2.7808343010E+04    4.3332472560E-09
    2.7821855320E+04    4.3346061085E-09
    2.7835367640E+04    4.3369218419E-09
    2.7848879950E+04    4.3393273518E-09
    2.7862392270E+04    4.3367011064E-09
    2.7875904580E+04    4.3392607979E-09
    2.7889416890E+04    4.3418725395E-09
    2.7902929210E+04    4.3431135677E-09
    2.7916441520E+04    4.3425681160E-09
    2.7929953840E+04    4.3456600112E-09
    2.7943466150E+04    4.3469637247E-09
    2.7956978470E+04    4.3466665863E-09
    2.7970490780E+04    4.3496932253E-09
    2.7984003090E+04    4.3546374955E-09
    2.7997515410E+04    4.3566274128E-09
    2.8011027720E+04    4.3575671784E-09
    2.8024540040E+04    4.3595492615E-09
    2.8038052350E+04    4.3614280037E-09
    2.8051564670E+04    4.3580117424E-09
    2.8065076980E+04    4.3596230986E-09
    2.8078589300E+04    4.3610994499E-09
    2.8092101610E+04    4.3613268912E-09
    2.8105613920E+04    4.3584396639E-09
    2.8119126240E+04    4.3595539297E-09
    2.8132638550E+04    4.3604815695E-09
    2.8146150870E+04    4.3580501878E-09
    2.8159663180E+04    4.3566436278E-09
    2.8173175500E+04    4.3570328518E-09
    2.8186687810E+04    4.3605533366E-09
    2.8200200130E+04    4.3570470985E-09
    2.8213712440E+04    4.3562887598E-09
    2.8227224750E+04    4.3553769410E-09
    2.8240737070E+04    4.3543115415E-09
    2.8254249380E+04    4.3530842739E-09
    2.8267761700E+04    4.3517274139E-09
    2.8281274010E+04    4.3502417064E-09
    2.8294786330E+04    4.3486330915E-09
    2.8308298640E+04    4.3465985241E-09
    2.8321810950E+04    4.3442639240E-09
    2.8335323270E+04    4.3418516717E-09
    2.8348835580E+04    4.3393823673E-09
    2.8362347900E+04    4.3356518287E-09
    2.8375860210E+04    4.3291543288E-09
    2.8389372530E+04    4.3265924246E-09
    2.8402884840E+04    4.3254420750E-09
    2.8416397160E+04    4.3263812283E-09
    2.8429909470E+04    4.3238645725E-09
    2.8443421780E+04    4.3213930524E-09
    2.8456934100E+04    4.3189721650E-09
    2.8470446410E+04    4.3166135242E-09
    2.8483958730E+04    4.3143387742E-09
    2.8497471040E+04    4.3121451670E-09
    2.8510983360E+04    4.3075111998E-09
    2.8524495670E+04    4.3024050813E-09
    2.8538007980E+04    4.2974025541E-09
    2.8551520300E+04    4.2925178923E-09
    2.8565032610E+04    4.2877583783E-09
    2.8578544930E+04    4.2831137047E-09
    2.8592057240E+04    4.2785991669E-09
    2.8605569560E+04    4.2719104027E-09
    2.8619081870E+04    4.2666846273E-09
    2.8632594190E+04    4.2638478291E-09
    2.8646106500E+04    4.2640670475E-09
    2.8659618810E+04    4.2633259923E-09
    2.8673131130E+04    4.2608299068E-09
    2.8686643440E+04    4.2584313948E-09
    2.8700155760E+04    4.2561294643E-09
    2.8713668070E+04    4.2545029123E-09
    2.8727180390E+04    4.2529487903E-09
    2.8740692700E+04    4.2514610580E-09
    2.8754205010E+04    4.2500358789E-09
    2.8767717330E+04    4.2486536825E-09
    2.8781229640E+04    4.2473063451E-09
    2.8794741960E+04    4.2459828284E-09
    2.8808254270E+04    4.2446320068E-09
    2.8821766590E+04    4.2432553221E-09
    2.8835278900E+04    4.1008940446E-07
    2.8848791220E+04    1.0253648401E-08
    2.8862303530E+04    4.2339229489E-09
    2.8875815840E+04    4.2324084446E-09
    2.8889328160E+04    4.2308325408E-09
    2.8902840470E+04    4.2294439004E-09
    2.8916352790E+04    4.2289915515E-09
    2.8929865100E+04    4.2331542369E-09
    2.8943377420E+04    4.2325484639E-09
    2.8956889730E+04    4.2317643647E-09
    2.8970402050E+04    4.2308565560E-09
    2.8983914360E+04    4.2297963099E-09
    2.8997426670E+04    4.2286003162E-09
    2.9010938990E+04    4.2263351262E-09
    2.9024451300E+04    4.2236852479E-09
    2.9037963620E+04    4.2208856509E-09
    2.9051475930E+04    4.2179206048E-09
    2.9064988250E+04    4.2147834079E-09
    2.9078500560E+04    1.0553422404E-07
    2.9092012870E+04    4.2080298694E-09
    2.9105525190E+04    4.2018942817E-09
    2.9119037500E+04    4.1965259307E-09
    2.9132549820E+04    4.1932405295E-09
    2.9146062130E+04    1.3527907174E-06
    2.9159574450E+04    1.4976814346E-06
    2.9173086760E+04    1.2679584511E-08
    2.9186599080E+04    1.1958907908E-08
    2.9200111390E+04    3.5109994133E-07
    2.9213623700E+04    4.7499028555E-08
    2.9227136020E+04    5.1415192123E-07
    2.9240648330E+04    1.5289152897E-06
    2.9254160650E+04    2.3241076938E-06
    2.9267672960E+04    1.7157024235E-06
    2.9281185280E+04    1.3329015258E-06
    2.9294697590E+04    2.0866990974E-06
    2.9308209900E+04    1.9069130641E-06
    2.9321722220E+04    3.5447142949E-06
    2.9335234530E+04    4.9503111690E-06
    2.9348746850E+04    5.2021702148E-06
    2.9362259160E+04    6.2038172347E-06
    2.9375771480E+04    5.0198263882E-06
    2.9389283790E+04    4.4454452704E-06
    2.9402796110E+04    4.8235578720E-06
    2.9416308420E+04    7.3929896108E-06
    2.9429820730E+04    7.9349250415E-06
    2.9443333050E+04    8.5843627075E-06
    2.9456845360E+04    1.0488455434E-05
    2.9470357680E+04    8.9132431745E-06
    2.9483869990E+04    1.2315331786E-05
    2.9497382310E+04    1.2508419304E-05
    2.9510894620E+04    1.2384469064E-05
    2.9524406940E+04    1.5720817141E-05
    2.9537919250E+04    1.6773784559E-05
    2.9551431560E+04    1.5583195704E-05
    2.9564943880E+04    1.3339902906E-05
    2.9578456190E+04    1.6421596744E-05
    2.9591968510E+04    2.0885881180E-05
    2.9605480820E+04    2.1121277036E-05
    2.9618993140E+04    2.2519137339E-05
    2.9632505450E+04    2.2519672903E-05
    2.9646017760E+04    2.5610641704E-05
    2.9659530080E+04    2.8798807837E-05
    2.9673042390E+04    2.9645062738E-05
    2.9686554710E+04    3.0249554342E-05
    2.9700067020E+04    3.4135569159E-05
    2.9713579340E+04    3.1686049396E-05
    2.9727091650E+04    3.3000563884E-05
    2.9740603970E+04    3.5268320157E-05
    2.9754116280E+04    3.9850803695E-05
    2.9767628590E+04    3.9987268328E-05
    2.9781140910E+04    4.3368666138E-05
    2.9794653220E+04    4.5138753537E-05
    2.9808165540E+04    4.4485199643E-05
    2.9821677850E+04    4.5152315321E-05
    2.9835190170E+04    4.8290439826E-05
    2.9848702480E+04    5.2920712763E-05
    2.9862214790E+04    5.5526731242E-05
    2.9875727110E+04    6.1763197807E-05
    2.9889239420E+04    6.7767611694E-05
    2.9902751740E+04    7.1228865337E-05
    2.9916264050E+04    7.0801160757E-05
    2.9929776370E+04    7.2351723340E-05
    2.9943288680E+04    7.6408776643E-05
    2.9956801000E+04    7.8025816493E-05
    2.9970313310E+04    8.5212690144E-05
    2.9983825620E+04    9.2509548076E-05
    2.9997337940E+04    9.8938407038E-05
    3.0010850250E+04    1.0582589873E-04
    3.0024362570E+04    1.1579334368E-04
    3.0037874880E+04    1.1779507462E-04
    3.0051387200E+04    1.1739673867E-04
    3.0064899510E+04    1.0989295156E-04
    3.0078411820E+04    1.1353460378E-04
    3.0091924140E+04    1.2089644244E-04
    3.0105436450E+04    1.2158691042E-04
    3.0118948770E+04    1.2350277882E-04
    3.0132461080E+04    1.2711760400E-04
    3.0145973400E+04    1.2720593934E-04
    3.0159485710E+04    1.1880569121E-04
    3.0172998030E+04    1.1824896802E-04
    3.0186510340E+04    1.1628975426E-04
    3.0200022650E+04    1.1327543049E-04
    3.0213534970E+04    1.0778084822E-04
    3.0227047280E+04    1.0979461055E-04
    3.0240559600E+04    1.0812052400E-04
    3.0254071910E+04    1.1029135469E-04
    3.0267584230E+04    1.1442678615E-04
    3.0281096540E+04    1.1939409340E-04
    3.0294608860E+04    1.2382852589E-04
    3.0308121170E+04    1.2602171125E-04
    3.0321633480E+04    1.2789367108E-04
    3.0335145800E+04    1.2661341632E-04
    3.0348658110E+04    1.2657473758E-04
    3.0362170430E+04    1.3033058747E-04
    3.0375682740E+04    1.3519708042E-04
    3.0389195060E+04    1.3463605657E-04
    3.0402707370E+04    1.3791135367E-04
    3.0416219680E+04    1.3810723820E-04
    3.0429732000E+04    1.4382441481E-04
    3.0443244310E+04    1.4742027249E-04
    3.0456756630E+04    1.5328469945E-04
    3.0470268940E+04    1.5721718889E-04
    3.0483781260E+04    1.6507841654E-04
    3.0497293570E+04    1.6943446791E-04
    3.0510805890E+04    1.7669388318E-04
    3.0524318200E+04    1.8534948278E-04
    3.0537830510E+04    1.9369266268E-04
    3.0551342830E+04    2.0170776184E-04
    3.0564855140E+04    2.0661620301E-04
    3.0578367460E+04    2.1292300934E-04
    3.0591879770E+04    2.1785384755E-04
    3.0605392090E+04    2.2822114754E-04
    3.0618904400E+04    2.3709557254E-04
    3.0632416710E+04    2.5044325240E-04
    3.0645929030E+04    2.6347450752E-04
    3.0659441340E+04    2.7763022678E-04
    3.0672953660E+04    2.8819050669E-04
    3.0686465970E+04    3.0497931904E-04
    3.0699978290E+04    3.1423445548E-04
    3.0713490600E+04    3.2952461302E-04
    3.0727002920E+04    3.4603244301E-04
    3.0740515230E+04    3.6409825653E-04
    3.0754027540E+04    3.7500382953E-04
    3.0767539860E+04    3.9510952648E-04
    3.0781052170E+04    4.1167308002E-04
    3.0794564490E+04    4.3195665004E-04
    3.0808076800E+04    4.5374301903E-04
    3.0821589120E+04    4.7863678703E-04
    3.0835101430E+04    4.9818932415E-04
    3.0848613740E+04    5.2760377726E-04
    3.0862126060E+04    5.5426915475E-04
    3.0875638370E+04    5.8143379097E-04
    3.0889150690E+04    6.0780733654E-04
    3.0902663000E+04    6.4188248727E-04
    3.0916175320E+04    6.7596621963E-04
    3.0929687630E+04    7.1526675074E-04
    3.0943199950E+04    7.5113019267E-04
    3.0956712260E+04    7.9320840534E-04
    3.0970224570E+04    8.3814565422E-04
    3.0983736890E+04    8.8913737717E-04
    3.0997249200E+04    9.4523892223E-04
    3.1010761520E+04    1.0075232136E-03
    3.1024273830E+04    1.0660925135E-03
    3.1037786150E+04    1.1315115812E-03
    3.1051298460E+04    1.2008312105E-03
    3.1064810780E+04    1.2758652783E-03
    3.1078323090E+04    1.3574803159E-03
    3.1091835400E+04    1.4494521940E-03
    3.1105347720E+04    1.5516353495E-03
    3.1118860030E+04    1.6608501425E-03
    3.1132372350E+04    1.7783598759E-03
    3.1145884660E+04    1.9147490622E-03
    3.1159396980E+04    2.0615787069E-03
    3.1172909290E+04    2.2210901354E-03
    3.1186421600E+04    2.3942405446E-03
    3.1199933920E+04    2.5839913938E-03
    3.1213446230E+04    2.8011367302E-03
    3.1226958550E+04    3.0392327392E-03
    3.1240470860E+04    3.2996658250E-03
    3.1253983180E+04    3.5911005302E-03
    3.1267495490E+04    3.9114039762E-03
    3.1281007810E+04    4.2662133373E-03
    3.1294520120E+04    4.6566955348E-03
    3.1308032430E+04    5.0879128538E-03
    3.1321544750E+04    5.5658885113E-03
    3.1335057060E+04    6.1043820710E-03
    3.1348569380E+04    6.6969372425E-03
    3.1362081690E+04    7.3587268715E-03
    3.1375594010E+04    8.0887194232E-03
    3.1389106320E+04    8.9100967227E-03
    3.1402618630E+04    9.8215111488E-03
    3.1416130950E+04    1.0847094133E-02
    3.1429643260E+04    1.1984796063E-02
    3.1443155580E+04    1.3268587566E-02
    3.1456667890E+04    1.4694113126E-02
    3.1470180210E+04    1.6290604267E-02
    3.1483692520E+04    1.8082607160E-02
    3.1497204840E+04    2.0074926500E-02
    3.1510717150E+04    2.2286979126E-02
    3.1524229460E+04    2.4765164710E-02
    3.1537741780E+04    2.7518254293E-02
    3.1551254090E+04    3.0597697655E-02
    3.1564766410E+04    3.4001922909E-02
    3.1578278720E+04    3.7794013948E-02
    3.1591791040E+04    4.1972626341E-02
    3.1605303350E+04    4.6596896672E-02
    3.1618815660E+04    5.1674039100E-02
    3.1632327980E+04    5.7263250930E-02
    3.1645840290E+04    6.3345310345E-02
    3.1659352610E+04    6.9987427754E-02
    3.1672864920E+04    7.7164496684E-02
    3.1686377240E+04    8.4900225557E-02
    3.1699889550E+04    9.3186648984E-02
    3.1713401870E+04    1.0206142361E-01
    3.1726914180E+04    1.1156228227E-01
    3.1740426490E+04    1.2150343666E-01
    3.1753938810E+04    1.3181308321E-01
    3.1767451120E+04    1.4253008175E-01
    3.1780963440E+04    1.5349168807E-01
    3.1794475750E+04    1.6469057206E-01
    3.1807988070E+04    1.7600034077E-01
    3.1821500380E+04    1.8726500946E-01
    3.1835012700E+04    1.9854717966E-01
    3.1848525010E+04    2.0964099059E-01
    3.1862037320E+04    2.2053550992E-01
    3.1875549640E+04    2.3120190642E-01
    3.1889061950E+04    2.4145855623E-01
    3.1902574270E+04    2.5139155371E-01
    3.1916086580E+04    2.6093399634E-01
    3.1929598900E+04    2.6999906601E-01
    3.1943111210E+04    2.7867804666E-01
    3.1956623520E+04    2.8686733693E-01
    3.1970135840E+04    2.9463150767E-01
    3.1983648150E+04    3.0236523003E-01
    3.1997160470E+04    3.0926077064E-01
    3.2010672780E+04    3.1577941407E-01
    3.2024185100E+04    3.2191803906E-01
    3.2037697410E+04    3.2765556066E-01
    3.2051209730E+04    3.3308543773E-01
    3.2064722040E+04    3.3819881265E-01
    3.2078234350E+04    3.4299158280E-01
    3.2091746670E+04    3.4753658492E-01
    3.2105258980E+04    3.5178356602E-01
    3.2118771300E+04    3.5579043490E-01
    3.2132283610E+04    3.5919297061E-01
    3.2145795930E+04    3.6274711240E-01
    3.2159308240E+04    3.6612163574E-01
    3.2172820550E+04    3.6929487706E-01
    3.2186332870E+04    3.7227058661E-01
    3.2199845180E+04    3.7508640189E-01
    3.2213357500E+04    3.7801767567E-01
    3.2226869810E+04    3.8093401636E-01
    3.2240382130E+04    3.8343173324E-01
    3.2253894440E+04    3.8577054514E-01
    3.2267406760E+04    3.8796293019E-01
    3.2280919070E+04    3.9003563595E-01
    3.2294431380E+04    3.9200429998E-01
    3.2307943700E+04    3.9372681497E-01
    3.2321456010E+04    3.9525071290E-01
    3.2334968330E+04    3.9666886348E-01
    3.2348480640E+04    3.9798717215E-01
    3.2361992960E+04    3.9923949345E-01
    3.2375505270E+04    4.0038042456E-01
    3.2389017590E+04    4.0144628271E-01
    3.2402529900E+04    4.0241448545E-01
    3.2416042210E+04    4.0327102816E-01
    3.2429554530E+04    4.0405803810E-01
    3.2443066840E+04    4.0494858333E-01
    3.2456579160E+04    4.0596441363E-01
    3.2470091470E+04    4.0660234635E-01
    3.2483603790E+04    4.0718202461E-01
    3.2497116100E+04    4.0768788366E-01
    3.2510628410E+04    4.0826615784E-01
    3.2524140730E+04    4.0885450669E-01
    3.2537653040E+04    4.0943422875E-01
    3.2551165360E+04    4.0998248006E-01
    3.2564677670E+04    4.1051889922E-01
    3.2578189990E+04    4.1103531865E-01
    3.2591702300E+04    4.1156824161E-01
    3.2605214620E+04    4.1205679196E-01
    3.2618726930E+04    4.1249755463E-01
    3.2632239240E+04    4.1294001498E-01
    3.2645751560E+04    4.1338290621E-01
    3.2659263870E+04    4.1384107801E-01
    3.2672776190E+04    4.1444882611E-01
    3.2686288500E+04    4.1529771380E-01
    3.2699800820E+04    4.1580530370E-01
    3.2713313130E+04    4.1622983899E-01
    3.2726825440E+04    4.1664435677E-01
    3.2740337760E+04    4.1708380436E-01
    3.2753850070E+04    4.1754181988E-01
    3.2767362390E+04    4.1802998786E-01
    3.2780874700E+04    4.1854120054E-01
    3.2794387020E+04    4.1907342542E-01
    3.2807899330E+04    4.1962618823E-01
    3.2821411650E+04    4.2018024426E-01
    3.2834923960E+04    4.2074561549E-01
    3.2848436270E+04    4.2131255382E-01
    3.2861948590E+04    4.2191660263E-01
    3.2875460900E+04    4.2251878378E-01
    3.2888973220E+04    4.2312619402E-01
    3.2902485530E+04    4.2423905870E-01
    3.2915997850E+04    4.2486438337E-01
    3.2929510160E+04    4.2548996482E-01
    3.2943022470E+04    4.2610276535E-01
    3.2956534790E+04    4.2671000301E-01
    3.2970047100E+04    4.2729777489E-01
    3.2983559420E+04    4.2790626758E-01
    3.2997071730E+04    4.2848744428E-01
    3.3010584050E+04    4.2894125350E-01
    3.3024096360E+04    4.2935542780E-01
    3.3037608680E+04    4.2977091978E-01
    3.3051120990E+04    4.3017397822E-01
    3.3064633300E+04    4.3055480892E-01
    3.3078145620E+04    4.3091359106E-01
    3.3091657930E+04    4.3124854903E-01
    3.3105170250E+04    4.3156952443E-01
    3.3118682560E+04    4.3228091001E-01
    3.3132194880E+04    4.3261569108E-01
    3.3145707190E+04    4.3286937088E-01
    3.3159219510E+04    4.3311621910E-01
    3.3172731820E+04    4.3335302631E-01
    3.3186244130E+04    4.3357384971E-01
    3.3199756450E+04    4.3379482454E-01
    3.3213268760E+04    4.3394519611E-01
    3.3226781080E+04    4.3409810194E-01
    3.3240293390E+04    4.3425478878E-01
    3.3253805710E+04    4.3442646290E-01
    3.3267318020E+04    4.3461026929E-01
    3.3280830330E+04    4.3480080868E-01
    3.3294342650E+04    4.3499017493E-01
    3.3307854960E+04    4.3485379666E-01
    3.3321367280E+04    4.3450682726E-01
    3.3334879590E+04    4.3417914782E-01
    3.3348391910E+04    4.3431330885E-01
    3.3361904220E+04    4.3410940065E-01
    3.3375416540E+04    4.3383203006E-01
    3.3388928850E+04    4.3357112600E-01
    3.3402441160E+04    4.3311811263E-01
    3.3415953480E+04    4.3173635503E-01
    3.3429465790E+04    4.3035202661E-01
    3.3442978110E+04    4.2899579698E-01
    3.3456490420E+04    4.2765649063E-01
    3.3470002740E+04    4.2633624982E-01
    3.3483515050E+04    4.2502463120E-01
    3.3497027360E+04    4.2371582238E-01
    3.3510539680E+04    4.2089819850E-01
    3.3524051990E+04    4.1764914361E-01
    3.3537564310E+04    4.1440940114E-01
    3.3551076620E+04    4.1115520726E-01
    3.3564588940E+04    4.0789444239E-01
    3.3578101250E+04    4.0462565308E-01
    3.3591613570E+04    4.0135149045E-01
    3.3605125880E+04    3.9954100615E-01
    3.3618638190E+04    4.0010815712E-01
    3.3632150510E+04    4.0065558651E-01
    3.3645662820E+04    4.0118256195E-01
    3.3659175140E+04    4.0169930643E-01
    3.3672687450E+04    4.0220473587E-01
    3.3686199770E+04    4.0270154566E-01
    3.3699712080E+04    4.0318483604E-01
    3.3713224390E+04    4.0696838529E-01
    3.3726736710E+04    4.1112440815E-01
    3.3740249020E+04    4.1558579469E-01
    3.3753761340E+04    4.1939589364E-01
    3.3767273650E+04    4.2319064452E-01
    3.3780785970E+04    4.2697555899E-01
    3.3794298280E+04    4.3074546558E-01
    3.3807810600E+04    4.3296413838E-01
    3.3821322910E+04    4.3405522247E-01
    3.3834835220E+04    4.3514483855E-01
    3.3848347540E+04    4.3623998728E-01
    3.3861859850E+04    4.3732182242E-01
    3.3875372170E+04    4.3839241798E-01
    3.3888884480E+04    4.3945929684E-01
    3.3902396800E+04    4.4027109253E-01
    3.3915909110E+04    4.3992022452E-01
    3.3929421430E+04    4.3956954242E-01
    3.3942933740E+04    4.3921988051E-01
    3.3956446050E+04    4.3886856570E-01
    3.3969958370E+04    4.3851218387E-01
    3.3983470680E+04    4.3815932707E-01
    3.3996983000E+04    4.3781755984E-01
    3.4010495310E+04    4.3746645341E-01
    3.4024007630E+04    4.3712223471E-01
    3.4037519940E+04    4.3679287836E-01
    3.4051032250E+04    4.3648476497E-01
    3.4064544570E+04    4.3619386762E-01
    3.4078056880E+04    4.3593104472E-01
    3.4091569200E+04    4.3577213180E-01
    3.4105081510E+04    4.3605292527E-01
    3.4118593830E+04    4.3604092579E-01
    3.4132106140E+04    4.3604245056E-01
    3.4145618460E+04    4.3605442732E-01
    3.4159130770E+04    4.3652516572E-01
    3.4172643080E+04    4.3660371469E-01
    3.4186155400E+04    4.3665580475E-01
    3.4199667710E+04    4.3671151422E-01
    3.4213180030E+04    4.3712880767E-01
    3.4226692340E+04    4.3756309108E-01
    3.4240204660E+04    4.3799478522E-01
    3.4253716970E+04    4.3841777790E-01
    3.4267229280E+04    4.3883074583E-01
    3.4280741600E+04    4.3925473470E-01
    3.4294253910E+04    4.3967183290E-01
    3.4307766230E+04    4.4000165053E-01
    3.4321278540E+04    4.4030066081E-01
    3.4334790860E+04    4.4058141796E-01
    3.4348303170E+04    4.4079441165E-01
    3.4361815490E+04    4.4090021173E-01
    3.4375327800E+04    4.4090119136E-01
    3.4388840110E+04    4.4088183965E-01
    3.4402352430E+04    4.4081145710E-01
    3.4415864740E+04    4.4056906228E-01
    3.4429377060E+04    4.4030273934E-01
    3.4442889370E+04    4.4051893634E-01
    3.4456401690E+04    4.4020333797E-01
    3.4469914000E+04    4.3984069551E-01
    3.4483426310E+04    4.3963385563E-01
    3.4496938630E+04    4.3957754355E-01
    3.4510450940E+04    4.3937477619E-01
    3.4523963260E+04    4.3923044471E-01
    3.4537475570E+04    4.3907278728E-01
    3.4550987890E+04    4.3892714097E-01
    3.4564500200E+04    4.3878921860E-01
    3.4578012520E+04    4.3866205004E-01
    3.4591524830E+04    4.3856757745E-01
    3.4605037140E+04    4.3862947456E-01
    3.4618549460E+04    4.3897402813E-01
    3.4632061770E+04    4.3934973922E-01
    3.4645574090E+04    4.3975922520E-01
    3.4659086400E+04    4.4023378084E-01
    3.4672598720E+04    4.4075132698E-01
    3.4686111030E+04    4.4133413577E-01
    3.4699623350E+04    4.4196058638E-01
    3.4713135660E+04    4.4234367570E-01
    3.4726647970E+04    4.4279540209E-01
    3.4740160290E+04    4.4326931423E-01
    3.4753672600E+04    4.4379467642E-01
    3.4767184920E+04    4.4473065177E-01
    3.4780697230E+04    4.4547227282E-01
    3.4794209550E+04    4.4630613632E-01
    3.4807721860E+04    4.4738345622E-01
    3.4821234170E+04    4.4831363856E-01
    3.4834746490E+04    4.4919366263E-01
    3.4848258800E+04    4.5001038228E-01
    3.4861771120E+04    4.5074763785E-01
    3.4875283430E+04    4.5133593116E-01
    3.4888795750E+04    4.5178435707E-01
    3.4902308060E+04    4.5202508401E-01
    3.4915820380E+04    4.5212725424E-01
    3.4929332690E+04    4.5197292898E-01
    3.4942845000E+04    4.5148988042E-01
    3.4956357320E+04    4.5067373067E-01
    3.4969869630E+04    4.4943656514E-01
    3.4983381950E+04    4.4774630263E-01
    3.4996894260E+04    4.4556289386E-01
    3.5010406580E+04    4.4276611337E-01
    3.5023918890E+04    4.3942083396E-01
    3.5037431200E+04    4.3549972595E-01
    3.5050943520E+04    4.3096657383E-01
    3.5064455830E+04    4.2585797376E-01
    3.5077968150E+04    4.2048807010E-01
    3.5091480460E+04    4.1414031137E-01
    3.5104992780E+04    4.0732817081E-01
    3.5118505090E+04    3.9992260246E-01
    3.5132017410E+04    3.9179013250E-01
    3.5145529720E+04    3.8318371021E-01
    3.5159042030E+04    3.7420171524E-01
    3.5172554350E+04    3.6490904045E-01
    3.5186066660E+04    3.5522283028E-01
    3.5199578980E+04    3.4523278283E-01
    3.5213091290E+04    3.3493690943E-01
    3.5226603610E+04    3.2446060789E-01
    3.5240115920E+04    3.1388942917E-01
    3.5253628240E+04    3.0325039776E-01
    3.5267140550E+04    2.9265431659E-01
    3.5280652860E+04    2.8211444858E-01
    3.5294165180E+04    2.7165663548E-01
    3.5307677490E+04    2.6137963844E-01
    3.5321189810E+04    2.5127520021E-01
    3.5334702120E+04    2.4142960078E-01
    3.5348214440E+04    2.3207647210E-01
    3.5361726750E+04    2.2281133023E-01
    3.5375239060E+04    2.1383104672E-01
    3.5388751380E+04    2.0513700303E-01
    3.5402263690E+04    1.9675983834E-01
    3.5415776010E+04    1.8868278377E-01
    3.5429288320E+04    1.8109842634E-01
    3.5442800640E+04    1.7368359417E-01
    3.5456312950E+04    1.6657247805E-01
    3.5469825270E+04    1.5977396630E-01
    3.5483337580E+04    1.5329631000E-01
    3.5496849890E+04    1.4708608656E-01
    3.5510362210E+04    1.4117209673E-01
    3.5523874520E+04    1.3567116423E-01
    3.5537386840E+04    1.3024475814E-01
    3.5550899150E+04    1.2508553781E-01
    3.5564411470E+04    1.2014336824E-01
    3.5577923780E+04    1.1542365086E-01
    3.5591436090E+04    1.1091906963E-01
    3.5604948410E+04    1.0659554611E-01
    3.5618460720E+04    1.0247797436E-01
    3.5631973040E+04    9.8513415942E-02
    3.5645485350E+04    9.4690874885E-02
    3.5658997670E+04    9.1030416779E-02
    3.5672509980E+04    8.7483976761E-02
    3.5686022300E+04    8.4129926048E-02
    3.5699534610E+04    8.0868438738E-02
    3.5713046920E+04    7.7652759914E-02
    3.5726559240E+04    7.4552908634E-02
    3.5740071550E+04    7.1536310513E-02
    3.5753583870E+04    6.8613697013E-02
    3.5767096180E+04    6.5787451763E-02
    3.5780608500E+04    6.3084323924E-02
    3.5794120810E+04    6.0395898911E-02
    3.5807633120E+04    5.7772599753E-02
    3.5821145440E+04    5.5208496275E-02
    3.5834657750E+04    5.2734017053E-02
    3.5848170070E+04    5.0365032988E-02
    3.5861682380E+04    4.8023751654E-02
    3.5875194700E+04    4.5746526998E-02
    3.5888707010E+04    4.3527443161E-02
    3.5902219330E+04    4.1389384866E-02
    3.5915731640E+04    3.9308584613E-02
    3.5929243950E+04    3.7289225985E-02
    3.5942756270E+04    3.5356880097E-02
    3.5956268580E+04    3.3482114188E-02
    3.5969780900E+04    3.1685887994E-02
    3.5983293210E+04    2.9968535381E-02
    3.5996805530E+04    2.8310321465E-02
    3.6010317840E+04    2.6732051327E-02
    3.6023830160E+04    2.5221516427E-02
    3.6037342470E+04    2.3800918254E-02
    3.6050854780E+04    2.2445162553E-02
    3.6064367100E+04    2.1136312232E-02
    3.6077879410E+04    1.9902382005E-02
    3.6091391730E+04    1.8741199322E-02
    3.6104904040E+04    1.7625521646E-02
    3.6118416360E+04    1.6584325524E-02
    3.6131928670E+04    1.5600683001E-02
    3.6145440980E+04    1.4669667585E-02
    3.6158953300E+04    1.3803091685E-02
    3.6172465610E+04    1.2979911354E-02
    3.6185977930E+04    1.2211556856E-02
    3.6199490240E+04    1.1506383047E-02
    3.6213002560E+04    1.0821149677E-02
    3.6226514870E+04    1.0185078797E-02
    3.6240027190E+04    9.5861271567E-03
    3.6253539500E+04    9.0241298398E-03
    3.6267051810E+04    8.5130976948E-03
    3.6280564130E+04    8.0176667076E-03
    3.6294076440E+04    7.5504310479E-03
    3.6307588760E+04    7.1267507341E-03
    3.6321101070E+04    6.7192316818E-03
    3.6334613390E+04    6.3466302112E-03
    3.6348125700E+04    6.0014796395E-03
    3.6361638010E+04    5.6660389773E-03
    3.6375150330E+04    5.3563367529E-03
    3.6388662640E+04    5.0659895920E-03
    3.6402174960E+04    4.7993695398E-03
    3.6415687270E+04    4.5579745692E-03
    3.6429199590E+04    4.3182226275E-03
    3.6442711900E+04    4.0952307297E-03
    3.6456224220E+04    3.8919384792E-03
    3.6469736530E+04    3.6935374038E-03
    3.6483248840E+04    3.5149900044E-03
    3.6496761160E+04    3.3444802753E-03
    3.6510273470E+04    3.1749959806E-03
    3.6523785790E+04    3.0305251579E-03
    3.6537298100E+04    2.8873618139E-03
    3.6550810420E+04    2.7506720779E-03
    3.6564322730E+04    2.6319132149E-03
    3.6577835040E+04    2.5083166894E-03
    3.6591347360E+04    2.3960584105E-03
    3.6604859670E+04    2.2984182133E-03
    3.6618371990E+04    2.1977157040E-03
    3.6631884300E+04    2.1074013991E-03
    3.6645396620E+04    2.0215719449E-03
    3.6658908930E+04    1.9343960965E-03
    3.6672421250E+04    1.8582775907E-03
    3.6685933560E+04    1.7820181232E-03
    3.6699445870E+04    1.7118023985E-03
    3.6712958190E+04    1.6510935964E-03
    3.6726470500E+04    1.5845571082E-03
    3.6739982820E+04    1.5228278158E-03
    3.6753495130E+04    1.4686873957E-03
    3.6767007450E+04    1.4092426878E-03
    3.6780519760E+04    1.3598262068E-03
    3.6794032080E+04    1.3153514486E-03
    3.6807544390E+04    1.2674173074E-03
    3.6821056700E+04    1.2304714168E-03
    3.6834569020E+04    1.1889949810E-03
    3.6848081330E+04    1.1439531345E-03
    3.6861593650E+04    1.1125423492E-03
    3.6875105960E+04    1.0714522078E-03
    3.6888618280E+04    1.0284326769E-03
    3.6902130590E+04    9.9812218378E-04
    3.6915642900E+04    9.6360171105E-04
    3.6929155220E+04    9.3304401715E-04
    3.6942667530E+04    9.0920702855E-04
    3.6956179850E+04    8.7772337820E-04
    3.6969692160E+04    8.5143111932E-04
    3.6983204480E+04    8.2583197311E-04
    3.6996716790E+04    7.9345683344E-04
    3.7010229110E+04    7.6751945474E-04
    3.7023741420E+04    7.4241181197E-04
    3.7037253730E+04    7.1647833301E-04
    3.7050766050E+04    6.9804146075E-04
    3.7064278360E+04    6.7611179657E-04
    3.7077790680E+04    6.5197743363E-04
    3.7091302990E+04    6.3182162173E-04
    3.7104815310E+04    6.0808419067E-04
    3.7118327620E+04    5.8720448917E-04
    3.7131839930E+04    5.6917950296E-04
    3.7145352250E+04    5.4692314457E-04
    3.7158864560E+04    5.3112576438E-04
    3.7172376880E+04    5.1731813052E-04
    3.7185889190E+04    4.9645060218E-04
    3.7199401510E+04    4.7956305394E-04
    3.7212913820E+04    4.6438037418E-04
    3.7226426140E+04    4.4722579632E-04
    3.7239938450E+04    4.3297844412E-04
    3.7253450760E+04    4.1367194372E-04
    3.7266963080E+04    3.9358904816E-04
    3.7280475390E+04    3.8065190141E-04
    3.7293987710E+04    3.6494865139E-04
    3.7307500020E+04    3.5033064374E-04
    3.7321012340E+04    3.3956371488E-04
    3.7334524650E+04    3.2271298119E-04
    3.7348036960E+04    3.0862757149E-04
    3.7361549280E+04    2.9878673848E-04
    3.7375061590E+04    2.8281895334E-04
    3.7388573910E+04    2.7145451273E-04
    3.7402086220E+04    2.6298948698E-04
    3.7415598540E+04    2.4848634893E-04
    3.7429110850E+04    2.3756009780E-04
    3.7442623170E+04    2.2640625009E-04
    3.7456135480E+04    2.0986785023E-04
    3.7469647790E+04    1.9911996908E-04
    3.7483160110E+04    1.8803439187E-04
    3.7496672420E+04    1.7387110024E-04
    3.7510184740E+04    1.6706639744E-04
    3.7523697050E+04    1.5935822548E-04
    3.7537209370E+04    1.4858219964E-04
    3.7550721680E+04    1.4244014551E-04
    3.7564234000E+04    1.3184247654E-04
    3.7577746310E+04    1.1838991744E-04
    3.7591258620E+04    1.1108366026E-04
    3.7604770940E+04    1.0125559461E-04
    3.7618283250E+04    9.0336455232E-05
    3.7631795570E+04    8.5003684446E-05
    3.7645307880E+04    7.9292066010E-05
    3.7658820200E+04    7.4966422874E-05
    3.7672332510E+04    7.3298494183E-05
    3.7685844820E+04    6.7452196906E-05
    3.7699357140E+04    6.2827347330E-05
    3.7712869450E+04    6.1264160041E-05
    3.7726381770E+04    5.5289483567E-05
    3.7739894080E+04    5.0394538358E-05
    3.7753406400E+04    4.8211822772E-05
    3.7766918710E+04    4.2138810633E-05
    3.7780431030E+04    3.8535773178E-05
    3.7793943340E+04    3.5353113331E-05
    3.7807455650E+04    3.1448422380E-05
    3.7820967970E+04    3.0819821290E-05
    3.7834480280E+04    3.1667792418E-05
    3.7847992600E+04    2.9041668631E-05
    3.7861504910E+04    2.8062545438E-05
    3.7875017230E+04    2.7506383009E-05
    3.7888529540E+04    2.2899557403E-05
    3.7902041850E+04    2.2005721551E-05
    3.7915554170E+04    2.2827999552E-05
    3.7929066480E+04    1.7914757491E-05
    3.7942578800E+04    1.6216746231E-05
    3.7956091110E+04    1.8415063633E-05
    3.7969603430E+04    1.6389968635E-05
    3.7983115740E+04    1.7556702855E-05
    3.7996628060E+04    2.0698933037E-05
    3.8010140370E+04    1.8803668797E-05
    3.8023652680E+04    1.9276760546E-05
    3.8037165000E+04    1.8274058847E-05
    3.8050677310E+04    1.5312896260E-05
    3.8064189630E+04    1.8874156502E-05
    3.8077701940E+04    1.8179261655E-05
    3.8091214260E+04    1.1540129018E-05
    3.8104726570E+04    1.3007841337E-05
    3.8118238890E+04    1.5775130079E-05
    3.8131751200E+04    1.4238455408E-05
    3.8145263510E+04    1.3699651804E-05
    3.8158775830E+04    1.1895274084E-05
    3.8172288140E+04    9.2138943092E-06
    3.8185800460E+04    1.0218938710E-05
    3.8199312770E+04    1.1201045719E-05
    3.8212825090E+04    9.9343875009E-06
    3.8226337400E+04    9.9199256769E-06
    3.8239849710E+04    1.1513141079E-05
    3.8253362030E+04    1.0746785517E-05
    3.8266874340E+04    1.2850227181E-05
    3.8280386660E+04    1.6321905642E-05
    3.8293898970E+04    1.5824264890E-05
    3.8307411290E+04    1.5757494534E-05
    3.8320923600E+04    1.6469834159E-05
    3.8334435920E+04    1.4466264084E-05
    3.8347948230E+04    1.6446076024E-05
    3.8361460540E+04    1.7675827423E-05
    3.8374972860E+04    1.1600673227E-05
    3.8388485170E+04    1.0576631447E-05
    3.8401997490E+04    1.3844076101E-05
    3.8415509800E+04    1.3318326367E-05
    3.8429022120E+04    1.6215983918E-05
    3.8442534430E+04    1.4696740221E-05
    3.8456046740E+04    8.2733727939E-06
    3.8469559060E+04    7.5615711342E-06
    3.8483071370E+04    9.1129866483E-06
    3.8496583690E+04    9.4737871765E-06
    3.8510096000E+04    1.0679302907E-05
    3.8523608320E+04    1.1322266508E-05
    3.8537120630E+04    4.1426240486E-06
    3.8550632950E+04    2.1520616203E-06
    3.8564145260E+04    5.3514719313E-06
    3.8577657570E+04    8.6121781736E-06
    3.8591169890E+04    1.2116916136E-05
    3.8604682200E+04    1.7630719985E-05
    3.8618194520E+04    1.4396446500E-05
    3.8631706830E+04    1.4173205213E-05
    3.8645219150E+04    1.8864290484E-05
    3.8658731460E+04    1.8661701875E-05
    3.8672243770E+04    1.8824177307E-05
    3.8685756090E+04    1.9913354980E-05
    3.8699268400E+04    1.7503861804E-05
    3.8712780720E+04    1.6215167961E-05
    3.8726293030E+04    1.6316587973E-05
    3.8739805350E+04    1.3473112585E-05
    3.8753317660E+04    1.0746857751E-05
    3.8766829980E+04    1.1511834976E-05
    3.8780342290E+04    1.0527114026E-05
    3.8793854600E+04    8.2366158547E-06
    3.8807366920E+04    1.2080045816E-05
    3.8820879230E+04    1.5309917456E-05
    3.8834391550E+04    1.4285927790E-05
    3.8847903860E+04    1.5490124594E-05
    3.8861416180E+04    1.4653917975E-05
    3.8874928490E+04    1.2110043356E-05
    3.8888440810E+04    1.1415610717E-05
    3.8901953120E+04    1.2047854187E-05
    3.8915465430E+04    1.1371754997E-05
    3.8928977750E+04    1.4668697902E-05
    3.8942490060E+04    2.1142895339E-05
    3.8956002380E+04    2.1755100157E-05
    3.8969514690E+04    2.1604013160E-05
    3.8983027010E+04    2.1931455696E-05
    3.8996539320E+04    1.9797167311E-05
    3.9010051630E+04    2.1717990750E-05
    3.9023563950E+04    2.1270594374E-05
    3.9037076260E+04    1.5823238426E-05
    3.9050588580E+04    1.5125669420E-05
    3.9064100890E+04    1.7793190256E-05
    3.9077613210E+04    1.8618094458E-05
    3.9091125520E+04    2.0610618917E-05
    3.9104637840E+04    2.3115854203E-05
    3.9118150150E+04    2.1030301939E-05
    3.9131662460E+04    1.9265726871E-05
    3.9145174780E+04    2.4698020169E-05
    3.9158687090E+04    2.3883082546E-05
    3.9172199410E+04    1.7300630767E-05
    3.9185711720E+04    2.0473365735E-05
    3.9199224040E+04    2.3518601319E-05
    3.9212736350E+04    2.3655093705E-05
    3.9226248660E+04    2.3969803697E-05
    3.9239760980E+04    2.1601367260E-05
    3.9253273290E+04    1.9059847106E-05
    3.9266785610E+04    2.0685799111E-05
    3.9280297920E+04    2.4811109753E-05
    3.9293810240E+04    2.3961336349E-05
    3.9307322550E+04    2.4556014522E-05
    3.9320834870E+04    2.6450290856E-05
    3.9334347180E+04    2.5829238020E-05
    3.9347859490E+04    2.8552492577E-05
    3.9361371810E+04    3.2927020368E-05
    3.9374884120E+04    3.4934866810E-05
    3.9388396440E+04    3.5917798612E-05
    3.9401908750E+04    3.7692883161E-05
    3.9415421070E+04    3.8112346173E-05
    3.9428933380E+04    3.6729215486E-05
    3.9442445690E+04    3.7697604223E-05
    3.9455958010E+04    3.6554240659E-05
    3.9469470320E+04    3.4355198887E-05
    3.9482982640E+04    3.6812896331E-05
    3.9496494950E+04    3.5988738553E-05
    3.9510007270E+04    3.3983331759E-05
    3.9523519580E+04    3.6774207596E-05
    3.9537031900E+04    4.2898565441E-05
    3.9550544210E+04    4.5809027476E-05
    3.9564056520E+04    4.6909288231E-05
    3.9577568840E+04    4.7688113467E-05
    3.9591081150E+04    4.0443693450E-05
    3.9604593470E+04    3.7589059585E-05
    3.9618105780E+04    4.1750002379E-05
    3.9631618100E+04    4.2251244828E-05
    3.9645130410E+04    4.2157685816E-05
    3.9658642730E+04    4.5372128855E-05
    3.9672155040E+04    4.8304544326E-05
    3.9685667350E+04    4.5660547888E-05
    3.9699179670E+04    4.4880401218E-05
    3.9712691980E+04    4.7745689218E-05
    3.9726204300E+04    4.5669700909E-05
    3.9739716610E+04    4.8674661200E-05
    3.9753228930E+04    5.3325790640E-05
    3.9766741240E+04    5.3155937103E-05
    3.9780253550E+04    5.1172133030E-05
    3.9793765870E+04    5.1644601503E-05
    3.9807278180E+04    5.2250144463E-05
    3.9820790500E+04    4.9733011818E-05
    3.9834302810E+04    5.2034664471E-05
    3.9847815130E+04    5.3710819155E-05
    3.9861327440E+04    5.2894935678E-05
    3.9874839760E+04    5.5272179234E-05
    3.9888352070E+04    5.7442439664E-05
    3.9901864380E+04    5.5969657170E-05
    3.9915376700E+04    5.3630697226E-05
    3.9928889010E+04    5.5372055737E-05
    3.9942401330E+04    5.5127809514E-05
    3.9955913640E+04    5.1787796476E-05
    3.9969425960E+04    5.1364762510E-05
    3.9982938270E+04    5.0724624665E-05
    3.9996450580E+04    5.0427162362E-05
    4.0009962900E+04    5.0697396297E-05
    4.0023475210E+04    4.9252241156E-05
    4.0036987530E+04    4.4484751270E-05
    4.0050499840E+04    4.2229076279E-05
    4.0064012160E+04    4.3190076165E-05
    4.0077524470E+04    4.4015104469E-05
    4.0091036790E+04    4.9121964420E-05
    4.0104549100E+04    5.4383540675E-05
    4.0118061410E+04    5.4797842698E-05
    4.0131573730E+04    5.2157840275E-05
    4.0145086040E+04    5.3594800073E-05
    4.0158598360E+04    5.3290232772E-05
    4.0172110670E+04    4.6486715574E-05
    4.0185622990E+04    4.4753919061E-05
    4.0199135300E+04    4.3854296836E-05
    4.0212647610E+04    4.1061433760E-05
    4.0226159930E+04    3.9171547952E-05
    4.0239672240E+04    4.1717781053E-05
    4.0253184560E+04    4.3483153496E-05
    4.0266696870E+04    4.1453662125E-05
    4.0280209190E+04    4.1389798064E-05
    4.0293721500E+04    3.9737865794E-05
    4.0307233820E+04    3.8745533506E-05
    4.0320746130E+04    4.0457365272E-05
    4.0334258440E+04    4.3184352755E-05
    4.0347770760E+04    4.1056554047E-05
    4.0361283070E+04    4.0722717069E-05
    4.0374795390E+04    4.7027842533E-05
    4.0388307700E+04    5.0659780464E-05
    4.0401820020E+04    5.1453167828E-05
    4.0415332330E+04    5.0512437350E-05
    4.0428844650E+04    4.8230094257E-05
    4.0442356960E+04    4.5116524250E-05
    4.0455869270E+04    4.8650498897E-05
    4.0469381590E+04    5.2505328267E-05
    4.0482893900E+04    5.1128433965E-05
    4.0496406220E+04    5.0821595778E-05
    4.0509918530E+04    5.2728137181E-05
    4.0523430850E+04    5.3934312432E-05
    4.0536943160E+04    5.2395171373E-05
    4.0550455470E+04    5.4761208672E-05
    4.0563967790E+04    5.4662741143E-05
    4.0577480100E+04    5.2122118160E-05
    4.0590992420E+04    5.2090263903E-05
    4.0604504730E+04    5.3058328847E-05
    4.0618017050E+04    5.0766920633E-05
    4.0631529360E+04    4.6821063269E-05
    4.0645041680E+04    5.1826260357E-05
    4.0658553990E+04    5.5979518633E-05
    4.0672066300E+04    5.7298907889E-05
    4.0685578620E+04    5.7452599426E-05
    4.0699090930E+04    5.6492203907E-05
    4.0712603250E+04    5.2901873970E-05
    4.0726115560E+04    5.2220520604E-05
    4.0739627880E+04    5.6088293502E-05
    4.0753140190E+04    5.5977163338E-05
    4.0766652500E+04    5.4938280773E-05
    4.0780164820E+04    5.5182665052E-05
    4.0793677130E+04    5.5533077183E-05
    4.0807189450E+04    5.1538252751E-05
    4.0820701760E+04    5.1913304146E-05
    4.0834214080E+04    5.4253733483E-05
    4.0847726390E+04    5.2763206515E-05
    4.0861238710E+04    5.0429871491E-05
    4.0874751020E+04    5.0120064152E-05
    4.0888263330E+04    4.9961993487E-05
    4.0901775650E+04    4.5511776892E-05
    4.0915287960E+04    4.6995106210E-05
    4.0928800280E+04    5.0205660073E-05
    4.0942312590E+04    5.1720826230E-05
    4.0955824910E+04    5.1838665837E-05
    4.0969337220E+04    5.4781508826E-05
    4.0982849530E+04    5.5241619519E-05
    4.0996361850E+04    5.2738410668E-05
    4.1009874160E+04    5.4201945555E-05
    4.1023386480E+04    5.7028680510E-05
    4.1036898790E+04    5.8136274050E-05
    4.1050411110E+04    5.7233302893E-05
    4.1063923420E+04    5.9118807206E-05
    4.1077435740E+04    5.7264744927E-05
    4.1090948050E+04    5.4927843881E-05
    4.1104460360E+04    5.4872008365E-05
    4.1117972680E+04    5.6438144130E-05
    4.1131484990E+04    5.5010064161E-05
    4.1144997310E+04    5.4052418927E-05
    4.1158509620E+04    5.4912197001E-05
    4.1172021940E+04    5.2204319058E-05
    4.1185534250E+04    4.8588568300E-05
    4.1199046570E+04    4.7587280445E-05
    4.1212558880E+04    5.0591327099E-05
    4.1226071190E+04    5.0004312715E-05
    4.1239583510E+04    5.1801906006E-05
    4.1253095820E+04    5.5213502922E-05
    4.1266608140E+04    5.8036259015E-05
    4.1280120450E+04    5.7962408797E-05
    4.1293632770E+04    5.8853535520E-05
    4.1307145080E+04    5.7267174748E-05
    4.1320657390E+04    5.2955237156E-05
    4.1334169710E+04    5.0666264013E-05
    4.1347682020E+04    5.0696227321E-05
    4.1361194340E+04    4.9160619554E-05
    4.1374706650E+04    4.4545802695E-05
    4.1388218970E+04    4.6775555022E-05
    4.1401731280E+04    5.0857551489E-05
    4.1415243600E+04    5.3506911302E-05
    4.1428755910E+04    5.3054731361E-05
    4.1442268220E+04    5.2485885241E-05
    4.1455780540E+04    4.8795842295E-05
    4.1469292850E+04    4.6261555149E-05
    4.1482805170E+04    4.6798155015E-05
    4.1496317480E+04    4.9275538692E-05
    4.1509829800E+04    4.9188982955E-05
    4.1523342110E+04    5.0244104398E-05
    4.1536854420E+04    5.3633025276E-05
    4.1550366740E+04    5.3656101766E-05
    4.1563879050E+04    5.0615942190E-05
    4.1577391370E+04    4.7531514377E-05
    4.1590903680E+04    4.7723659712E-05
    4.1604416000E+04    4.5836152969E-05
    4.1617928310E+04    4.4810308368E-05
    4.1631440630E+04    4.5001675344E-05
    4.1644952940E+04    4.5570326758E-05
    4.1658465250E+04    4.4656680373E-05
    4.1671977570E+04    4.7734974387E-05
    4.1685489880E+04    5.0263046668E-05
    4.1699002200E+04    4.9643163029E-05
    4.1712514510E+04    4.6853362299E-05
    4.1726026830E+04    4.7002299644E-05
    4.1739539140E+04    4.7367123903E-05
    4.1753051460E+04    4.6621066731E-05
    4.1766563770E+04    4.7091037669E-05
    4.1780076080E+04    4.8579938256E-05
    4.1793588400E+04    4.7201796099E-05
    4.1807100710E+04    4.4967451578E-05
    4.1820613030E+04    4.7476584208E-05
    4.1834125340E+04    5.0430312518E-05
    4.1847637660E+04    5.1024690546E-05
    4.1861149970E+04    4.8903451446E-05
    4.1874662280E+04    4.7689963581E-05
    4.1888174600E+04    4.3083529013E-05
    4.1901686910E+04    3.9125659208E-05
    4.1915199230E+04    3.8310554589E-05
    4.1928711540E+04    4.3369268587E-05
    4.1942223860E+04    4.5058777599E-05
    4.1955736170E+04    4.5552944262E-05
    4.1969248490E+04    4.5180965225E-05
    4.1982760800E+04    4.3312751390E-05
    4.1996273110E+04    3.7686933854E-05
    4.2009785430E+04    3.7701428805E-05
    4.2023297740E+04    4.1377747910E-05
    4.2036810060E+04    4.4350950292E-05
    4.2050322370E+04    4.2802698308E-05
    4.2063834690E+04    3.9746686450E-05
    4.2077347000E+04    3.6775245605E-05
    4.2090859310E+04    3.3258195660E-05
    4.2104371630E+04    3.1164280890E-05
    4.2117883940E+04    3.2571310203E-05
    4.2131396260E+04    3.4652667545E-05
    4.2144908570E+04    3.4084752667E-05
    4.2158420890E+04    3.5386260602E-05
    4.2171933200E+04    3.8459985279E-05
    4.2185445520E+04    4.2408426533E-05
    4.2198957830E+04    4.5317466970E-05
    4.2212470140E+04    4.7970974158E-05
    4.2225982460E+04    4.7302253769E-05
    4.2239494770E+04    4.3356861365E-05
    4.2253007090E+04    3.9726096885E-05
    4.2266519400E+04    4.1797105524E-05
    4.2280031720E+04    4.1476287374E-05
    4.2293544030E+04    3.9172299469E-05
    4.2307056340E+04    3.6396990823E-05
    4.2320568660E+04    3.6801791632E-05
    4.2334080970E+04    3.4473584971E-05
    4.2347593290E+04    3.1665745627E-05
    4.2361105600E+04    3.0138389164E-05
    4.2374617920E+04    3.0947177857E-05
    4.2388130230E+04    3.0751679973E-05
    4.2401642550E+04    3.2596651735E-05
    4.2415154860E+04    3.5223601980E-05
    4.2428667170E+04    3.7026616705E-05
    4.2442179490E+04    3.4346513463E-05
    4.2455691800E+04    3.3089883228E-05
    4.2469204120E+04    3.2620668017E-05
    4.2482716430E+04    3.2763816295E-05
    4.2496228750E+04    3.2481979513E-05
    4.2509741060E+04    3.5908157175E-05
    4.2523253380E+04    3.6359575570E-05
    4.2536765690E+04    3.2823195972E-05
    4.2550278000E+04    2.7323363037E-05
    4.2563790320E+04    2.6015770583E-05
    4.2577302630E+04    2.5659592251E-05
    4.2590814950E+04    2.5659351997E-05
    4.2604327260E+04    2.6834284703E-05
    4.2617839580E+04    3.1407248612E-05
    4.2631351890E+04    3.1765722148E-05
    4.2644864200E+04    3.0158651110E-05
    4.2658376520E+04    2.9501962841E-05
    4.2671888830E+04    3.0961857439E-05
    4.2685401150E+04    2.9356369990E-05
    4.2698913460E+04    2.7469245036E-05
    4.2712425780E+04    2.6783842035E-05
    4.2725938090E+04    2.7584580792E-05
    4.2739450410E+04    2.5376381943E-05
    4.2752962720E+04    2.4511867324E-05
    4.2766475030E+04    2.5898993987E-05
    4.2779987350E+04    2.7142805424E-05
    4.2793499660E+04    2.4386886906E-05
    4.2807011980E+04    2.2260500667E-05
    4.2820524290E+04    2.2649808837E-05
    4.2834036610E+04    2.4110002192E-05
    4.2847548920E+04    2.4462769251E-05
    4.2861061230E+04    2.6352956639E-05
    4.2874573550E+04    2.8037244886E-05
    4.2888085860E+04    2.8297648352E-05
    4.2901598180E+04    2.6541160381E-05
    4.2915110490E+04    2.5726652198E-05
    4.2928622810E+04    2.2835433227E-05
    4.2942135120E+04    1.8811110245E-05
    4.2955647440E+04    1.7667765213E-05
    4.2969159750E+04    2.0858590943E-05
    4.2982672060E+04    2.3709575658E-05
    4.2996184380E+04    2.3467942961E-05
    4.3009696690E+04    2.1434433888E-05
    4.3023209010E+04    2.1864529377E-05
    4.3036721320E+04    2.1619515991E-05
    4.3050233640E+04    2.0214718399E-05
    4.3063745950E+04    2.0088836301E-05
    4.3077258260E+04    2.3675953815E-05
    4.3090770580E+04    2.6380364818E-05
    4.3104282890E+04    2.9323664472E-05
    4.3117795210E+04    3.2527296375E-05
    4.3131307520E+04    3.5823054125E-05
    4.3144819840E+04    3.2435557406E-05
    4.3158332150E+04    2.8333106200E-05
    4.3171844470E+04    2.4619668525E-05
    4.3185356780E+04    2.3883983195E-05
    4.3198869090E+04    2.0635517120E-05
    4.3212381410E+04    1.8929168587E-05
    4.3225893720E+04    1.8535906878E-05
    4.3239406040E+04    2.2721600692E-05
    4.3252918350E+04    2.4670272588E-05
    4.3266430670E+04    2.5977741191E-05
    4.3279942980E+04    2.7107954024E-05
    4.3293455300E+04    2.6653515714E-05
    4.3306967610E+04    2.0366505336E-05
    4.3320479920E+04    1.6298692663E-05
    4.3333992240E+04    1.3556272385E-05
    4.3347504550E+04    1.3502755999E-05
    4.3361016870E+04    1.4246299150E-05
    4.3374529180E+04    1.7019686839E-05
    4.3388041500E+04    1.9933094137E-05
    4.3401553810E+04    1.9566541685E-05
    4.3415066120E+04    1.6230952121E-05
    4.3428578440E+04    1.5313879409E-05
    4.3442090750E+04    1.6324367625E-05
    4.3455603070E+04    1.8295759250E-05
    4.3469115380E+04    1.9729739969E-05
    4.3482627700E+04    2.1609457816E-05
    4.3496140010E+04    2.3404139816E-05
    4.3509652330E+04    2.1536398015E-05
    4.3523164640E+04    1.8214958480E-05
    4.3536676950E+04    1.6607528826E-05
    4.3550189270E+04    1.6237325567E-05
    4.3563701580E+04    1.4313393820E-05
    4.3577213900E+04    1.2885666433E-05
    4.3590726210E+04    1.3266241151E-05
    4.3604238530E+04    1.5426955625E-05
    4.3617750840E+04    1.5520995825E-05
    4.3631263150E+04    1.4827552619E-05
    4.3644775470E+04    1.3874165317E-05
    4.3658287780E+04    1.3234855354E-05
    4.3671800100E+04    1.1459857661E-05
    4.3685312410E+04    1.2262677938E-05
    4.3698824730E+04    1.1211353859E-05
    4.3712337040E+04    1.3326362423E-05
    4.3725849360E+04    1.4452568173E-05
    4.3739361670E+04    1.4564941849E-05
    4.3752873980E+04    1.4008272933E-05
    4.3766386300E+04    1.3953563145E-05
    4.3779898610E+04    1.3800223488E-05
    4.3793410930E+04    1.4126795052E-05
    4.3806923240E+04    1.5065166288E-05
    4.3820435560E+04    1.3262721998E-05
    4.3833947870E+04    1.1879308402E-05
    4.3847460180E+04    1.1245794243E-05
    4.3860972500E+04    1.2211256996E-05
    4.3874484810E+04    1.4155372928E-05
    4.3887997130E+04    1.6148690379E-05
    4.3901509440E+04    1.7820161606E-05
    4.3915021760E+04    1.8411029236E-05
    4.3928534070E+04    1.6055750515E-05
    4.3942046390E+04    1.2547599797E-05
    4.3955558700E+04    8.9852282997E-06
    4.3969071010E+04    8.7998941998E-06
    4.3982583330E+04    9.6599956311E-06
    4.3996095640E+04    1.1242216403E-05
    4.4009607960E+04    1.2776525830E-05
    4.4023120270E+04    1.3463667247E-05
    4.4036632590E+04    1.2845752112E-05
    4.4050144900E+04    1.1256567385E-05
    4.4063657220E+04    1.0579786622E-05
    4.4077169530E+04    1.1180618889E-05
    4.4090681840E+04    1.1763078199E-05
    4.4104194160E+04    1.1153694610E-05
    4.4117706470E+04    1.0295067579E-05
    4.4131218790E+04    9.7010474399E-06
    4.4144731100E+04    9.0348091676E-06
    4.4158243420E+04    7.1888757200E-06
    4.4171755730E+04    6.9803141330E-06
    4.4185268040E+04    8.0493315952E-06
    4.4198780360E+04    1.1168506022E-05
    4.4212292670E+04    1.2135210231E-05
    4.4225804990E+04    1.1875940398E-05
    4.4239317300E+04    1.0755901125E-05
    4.4252829620E+04    9.4436100024E-06
    4.4266341930E+04    7.7004874164E-06
    4.4279854250E+04    6.2631188695E-06
    4.4293366560E+04    5.9341620136E-06
    4.4306878870E+04    5.3329783586E-06
    4.4320391190E+04    5.9156008924E-06
    4.4333903500E+04    6.9034474297E-06
    4.4347415820E+04    7.8946701188E-06
    4.4360928130E+04    7.9801810301E-06
    4.4374440450E+04    7.7889483564E-06
    4.4387952760E+04    7.5685722662E-06
    4.4401465070E+04    7.3329637295E-06
    4.4414977390E+04    6.4199830256E-06
    4.4428489700E+04    5.5649568676E-06
    4.4442002020E+04    6.6396055429E-06
    4.4455514330E+04    9.2498315339E-06
    4.4469026650E+04    1.2275156897E-05
    4.4482538960E+04    1.2376107478E-05
    4.4496051280E+04    8.9338505808E-06
    4.4509563590E+04    7.2216267356E-06
    4.4523075900E+04    7.2385626660E-06
    4.4536588220E+04    8.0968164308E-06
    4.4550100530E+04    9.1089721113E-06
    4.4563612850E+04    1.0075860173E-05
    4.4577125160E+04    1.0967777714E-05
    4.4590637480E+04    1.0613551415E-05
    4.4604149790E+04    1.1725608926E-05
    4.4617662110E+04    1.3801810946E-05
    4.4631174420E+04    1.4479133667E-05
    4.4644686730E+04    1.2975657879E-05
    4.4658199050E+04    1.0338812392E-05
    4.4671711360E+04    9.0982558151E-06
    4.4685223680E+04    9.4895763226E-06
    4.4698735990E+04    1.0062550820E-05
    4.4712248310E+04    9.8962740795E-06
    4.4725760620E+04    1.0696743959E-05
    4.4739272930E+04    1.0889667113E-05
    4.4752785250E+04    9.7133094397E-06
    4.4766297560E+04    7.1408377728E-06
    4.4779809880E+04    7.7904415205E-06
    4.4793322190E+04    9.2493651200E-06
    4.4806834510E+04    1.0852835148E-05
    4.4820346820E+04    1.1851136858E-05
    4.4833859140E+04    1.1969798557E-05
    4.4847371450E+04    1.2086190956E-05
    4.4860883760E+04    1.0460872481E-05
    4.4874396080E+04    1.0843264598E-05
    4.4887908390E+04    1.0320965860E-05
    4.4901420710E+04    8.4266703219E-06
    4.4914933020E+04    7.9675810411E-06
    4.4928445340E+04    9.3716218799E-06
    4.4941957650E+04    1.0029157844E-05
    4.4955469960E+04    1.1036077587E-05
    4.4968982280E+04    1.1803279338E-05
    4.4982494590E+04    1.0627607310E-05
    4.4996006910E+04    1.0267465537E-05
    4.5009519220E+04    1.0349494991E-05
    4.5023031540E+04    1.0852263978E-05
    4.5036543850E+04    9.4928862398E-06
    4.5050056170E+04    8.9112872170E-06
    4.5063568480E+04    9.5721195294E-06
    4.5077080790E+04    1.1204371823E-05
    4.5090593110E+04    1.1726908281E-05
    4.5104105420E+04    1.1317509231E-05
    4.5117617740E+04    1.2077052182E-05
    4.5131130050E+04    1.2722791892E-05
    4.5144642370E+04    1.2549729754E-05
    4.5158154680E+04    9.8293330061E-06
    4.5171666990E+04    8.5117027635E-06
    4.5185179310E+04    8.5303118907E-06
    4.5198691620E+04    1.0432710287E-05
    4.5212203940E+04    1.2083531166E-05
    4.5225716250E+04    1.3612866636E-05
    4.5239228570E+04    1.5921048868E-05
    4.5252740880E+04    1.5947667114E-05
    4.5266253200E+04    1.3780230672E-05
    4.5279765510E+04    1.2178044195E-05
    4.5293277820E+04    1.1898589118E-05
    4.5306790140E+04    1.1768066207E-05
    4.5320302450E+04    1.2444142903E-05
    4.5333814770E+04    1.4886657659E-05
    4.5347327080E+04    1.8234904417E-05
    4.5360839400E+04    2.1762196385E-05
    4.5374351710E+04    2.0841266578E-05
    4.5387864030E+04    1.9587989751E-05
    4.5401376340E+04    1.8313946338E-05
    4.5414888650E+04    1.7763104689E-05
    4.5428400970E+04    1.4836631524E-05
    4.5441913280E+04    1.2051291756E-05
    4.5455425600E+04    1.1178186099E-05
    4.5468937910E+04    1.1599900039E-05
    4.5482450230E+04    1.1301301502E-05
    4.5495962540E+04    9.1253434628E-06
    4.5509474850E+04    7.9298729737E-06
    4.5522987170E+04    7.3011466453E-06
    4.5536499480E+04    7.4835989345E-06
    4.5550011800E+04    6.3364796773E-06
    4.5563524110E+04    6.8839050719E-06
    4.5577036430E+04    9.0962717671E-06
    4.5590548740E+04    1.1436991873E-05
    4.5604061060E+04    1.2430837997E-05
    4.5617573370E+04    1.0665753082E-05
    4.5631085680E+04    1.1207031183E-05
    4.5644598000E+04    1.1728369637E-05
    4.5658110310E+04    1.1759573116E-05
    4.5671622630E+04    9.4027251355E-06
    4.5685134940E+04    9.8493581014E-06
    4.5698647260E+04    1.3764414832E-05
    4.5712159570E+04    1.4503067592E-05
    4.5725671880E+04    1.1406482920E-05
    4.5739184200E+04    8.5652046803E-06
    4.5752696510E+04    7.8543624440E-06
    4.5766208830E+04    6.5455973881E-06
    4.5779721140E+04    6.5616207395E-06
    4.5793233460E+04    6.5223096344E-06
    4.5806745770E+04    6.7362710636E-06
    4.5820258090E+04    9.6699471060E-06
    4.5833770400E+04    7.6800078308E-06
    4.5847282710E+04    5.6132881154E-06
    4.5860795030E+04    4.6013030748E-06
    4.5874307340E+04    4.3194552900E-06
    4.5887819660E+04    5.2019402486E-06
    4.5901331970E+04    4.6459514578E-06
    4.5914844290E+04    3.8280898451E-06
    4.5928356600E+04    5.6597614874E-06
    4.5941868910E+04    7.2726228761E-06
    4.5955381230E+04    5.6434898440E-06
    4.5968893540E+04    4.3808480838E-06
    4.5982405860E+04    4.8655719445E-06
    4.5995918170E+04    3.6765386144E-06
    4.6009430490E+04    3.0940776650E-06
    4.6022942800E+04    2.3880176629E-06
    4.6036455120E+04    2.6723906999E-06
    4.6049967430E+04    2.7777269090E-06
    4.6063479740E+04    4.0791746813E-06
    4.6076992060E+04    3.1876275308E-06
    4.6090504370E+04    2.7627880101E-06
    4.6104016690E+04    2.9121809416E-06
    4.6117529000E+04    3.6038001510E-06
    4.6131041320E+04    3.6368956015E-06
    4.6144553630E+04    2.5943601578E-06
    4.6158065950E+04    2.4010042953E-06
    4.6171578260E+04    2.5964563122E-06
    4.6185090570E+04    5.2205353654E-06
    4.6198602890E+04    6.4866463957E-06
    4.6212115200E+04    4.3269235392E-06
    4.6225627520E+04    4.3928436554E-06
    4.6239139830E+04    4.7353905741E-06
    4.6252652150E+04    5.0877486763E-06
    4.6266164460E+04    4.8197776812E-06
    4.6279676770E+04    6.6822296949E-06
    4.6293189090E+04    1.1038841280E-05
    4.6306701400E+04    1.2355586181E-05
    4.6320213720E+04    1.1909165262E-05
    4.6333726030E+04    1.0889481310E-05
    4.6347238350E+04    1.1056561803E-05
    4.6360750660E+04    1.0331450534E-05
    4.6374262980E+04    9.2359936999E-06
    4.6387775290E+04    8.5466066247E-06
    4.6401287600E+04    9.0734794524E-06
    4.6414799920E+04    1.0868998303E-05
    4.6428312230E+04    9.0786779306E-06
    4.6441824550E+04    7.1551077559E-06
    4.6455336860E+04    8.3064845317E-06
    4.6468849180E+04    1.0143825180E-05
    4.6482361490E+04    1.0868298451E-05
    4.6495873800E+04    1.0548480303E-05
    4.6509386120E+04    1.1434945575E-05
    4.6522898430E+04    1.1070490970E-05
    4.6536410750E+04    9.8108358318E-06
    4.6549923060E+04    6.4080547531E-06
    4.6563435380E+04    6.6337970602E-06
    4.6576947690E+04    7.9172864336E-06
    4.6590460010E+04    8.9780866705E-06
    4.6603972320E+04    1.0500230369E-05
    4.6617484630E+04    8.8434736574E-06
    4.6630996950E+04    7.8088555235E-06
    4.6644509260E+04    7.9444330076E-06
    4.6658021580E+04    7.4478993298E-06
    4.6671533890E+04    7.3985242300E-06
    4.6685046210E+04    6.2190402933E-06
    4.6698558520E+04    6.8824298885E-06
    4.6712070830E+04    8.4302853108E-06
    4.6725583150E+04    1.0235521326E-05
    4.6739095460E+04    1.1281198609E-05
    4.6752607780E+04    1.2532635241E-05
    4.6766120090E+04    1.3946980886E-05
    4.6779632410E+04    1.4154860663E-05
    4.6793144720E+04    1.3523878152E-05
    4.6806657040E+04    1.1068407788E-05
    4.6820169350E+04    9.5396410959E-06
    4.6833681660E+04    9.2789593722E-06
    4.6847193980E+04    8.8664235553E-06
    4.6860706290E+04    7.8050042750E-06
    4.6874218610E+04    7.8181726130E-06
    4.6887730920E+04    8.3377671059E-06
    4.6901243240E+04    7.8995150022E-06
    4.6914755550E+04    6.1766571294E-06
    4.6928267870E+04    4.9849671940E-06
    4.6941780180E+04    4.0053878828E-06
    4.6955292490E+04    3.6621426173E-06
    4.6968804810E+04    5.5934237091E-06
    4.6982317120E+04    6.0572630608E-06
    4.6995829440E+04    6.8244287296E-06
    4.7009341750E+04    6.5564420112E-06
    4.7022854070E+04    8.7220250015E-06
    4.7036366380E+04    9.4492499499E-06
    4.7049878690E+04    9.4243455900E-06
    4.7063391010E+04    9.6000323537E-06
    4.7076903320E+04    8.2461566868E-06
    4.7090415640E+04    6.5118218693E-06
    4.7103927950E+04    1.5500200769E-06
    4.7117440270E+04    8.6686712887E-07
    4.7130952580E+04    5.0931593016E-07
    4.7144464900E+04    6.9410172297E-07
    4.7157977210E+04    1.1937551031E-06
    4.7171489520E+04    1.4992863693E-06
    4.7185001840E+04    2.4795902961E-06
    4.7198514150E+04    4.8226024475E-06
    4.7212026470E+04    4.7334093588E-06
    4.7225538780E+04    2.1993083025E-06
    4.7239051100E+04    1.2750823922E-06
    4.7252563410E+04    1.2601556422E-06
    4.7266075720E+04    1.4046778972E-06
    4.7279588040E+04    1.9758570970E-06
    4.7293100350E+04    2.2387435880E-06
    4.7306612670E+04    2.6459858650E-06
    4.7320124980E+04    3.4731098297E-06
    4.7333637300E+04    3.8922249573E-06
    4.7347149610E+04    3.9255542511E-06
    4.7360661930E+04    3.5348784739E-06
    4.7374174240E+04    3.7987700779E-06
    4.7387686550E+04    4.4072360708E-06
    4.7401198870E+04    3.1154909862E-06
    4.7414711180E+04    2.9834095281E-06
    4.7428223500E+04    4.6400359878E-06
    4.7441735810E+04    6.8826654571E-06
    4.7455248130E+04    9.4681451076E-06
    4.7468760440E+04    7.9573684530E-06
    4.7482272760E+04    6.4090913732E-06
    4.7495785070E+04    5.0278179813E-06
    4.7509297380E+04    4.6694920838E-06
    4.7522809700E+04    5.3181032946E-06
    4.7536322010E+04    4.7860600166E-06
    4.7549834330E+04    3.2675204638E-06
    4.7563346640E+04    4.0516639947E-06
    4.7576858960E+04    4.2315041501E-06
    4.7590371270E+04    4.5439558053E-06
    4.7603883580E+04    3.1341933537E-06
    4.7617395900E+04    2.1626456215E-06
    4.7630908210E+04    1.4694457053E-06
    4.7644420530E+04    8.7928858596E-07
    4.7657932840E+04    1.1773842600E-06
    4.7671445160E+04    1.0806093076E-06
    4.7684957470E+04    4.5923130224E-08
    4.7698469790E+04    6.0993719180E-09
    4.7711982100E+04    2.5785536005E-08
    4.7725494410E+04    2.1229628362E-07
    4.7739006730E+04    2.1054548284E-06
    4.7752519040E+04    2.5235151208E-06
    4.7766031360E+04    1.8780321223E-06
    4.7779543670E+04    6.5845622905E-07
    4.7793055990E+04    4.7847132296E-08
    4.7806568300E+04    5.1869669849E-09
    4.7820080610E+04    5.1840969868E-09
    4.7833592930E+04    5.1812444432E-09
    4.7847105240E+04    5.1784046701E-09
    4.7860617560E+04    5.1755779682E-09
    4.7874129870E+04    6.8196263608E-09
    4.7887642190E+04    2.5053112011E-07
    4.7901154500E+04    1.4204042320E-06
    4.7914666820E+04    7.7568371222E-07
    4.7928179130E+04    3.1408253317E-08
    4.7941691440E+04    5.1589792773E-09
    4.7955203760E+04    5.1562665728E-09
    4.7968716070E+04    5.1535621234E-09
    4.7982228390E+04    5.1508674296E-09
    4.7995740700E+04    1.1925540456E-07
    4.8009253020E+04    1.8048938273E-06
    4.8022765330E+04    3.0411738795E-06
    4.8036277640E+04    2.1772195803E-06
    4.8049789960E+04    2.4238482307E-06
    4.8063302270E+04    2.7415189888E-06
    4.8076814590E+04    3.1421456693E-06
    4.8090326900E+04    3.6862326794E-06
    4.8103839220E+04    3.0609713922E-06
    4.8117351530E+04    1.6681130615E-06
    4.8130863850E+04    2.4844478075E-08
    4.8144376160E+04    5.1248222491E-09
    4.8157888470E+04    5.1221281267E-09
    4.8171400790E+04    5.1194341845E-09
    4.8184913100E+04    6.1560699771E-09
    4.8198425420E+04    2.2967219858E-07
    4.8211937730E+04    3.0643966668E-06
    4.8225450050E+04    4.6333409389E-06
    4.8238962360E+04    4.0290823991E-06
    4.8252474680E+04    2.9523676292E-06
    4.8265986990E+04    1.6046709868E-06
    4.8279499300E+04    1.8839014626E-07
    4.8293011620E+04    7.0664788262E-09
    4.8306523930E+04    5.0931456114E-09
    4.8320036250E+04    5.0904585264E-09
    4.8333548560E+04    5.0877638630E-09
    4.8347060880E+04    5.0850608503E-09
    4.8360573190E+04    5.0823489472E-09
    4.8374085500E+04    5.0796274268E-09
    4.8387597820E+04    7.1111783207E-09
    4.8401110130E+04    2.1181623855E-07
    4.8414622450E+04    1.7890900402E-06
    4.8428134760E+04    3.1738510403E-06
    4.8441647080E+04    4.0703313042E-06
    4.8455159390E+04    4.5933311504E-06
    4.8468671710E+04    4.1060045548E-06
    4.8482184020E+04    2.5832073207E-06
    4.8495696330E+04    1.0324925734E-06
    4.8509208650E+04    5.3725090436E-08
    4.8522720960E+04    5.5146268944E-09
    4.8536233280E+04    5.2234593487E-08
    4.8549745590E+04    9.6342010208E-08
    4.8563257910E+04    7.4580633062E-09
    4.8576770220E+04    5.0377572189E-09
    4.8590282530E+04    5.2347226227E-09
    4.8603794850E+04    8.3134914196E-08
    4.8617307160E+04    2.5995208421E-07
    4.8630819480E+04    9.4096862110E-09
    4.8644331790E+04    5.0232727286E-09
    4.8657844110E+04    5.0203088107E-09
    4.8671356420E+04    6.4793994734E-08
    4.8684868740E+04    9.3895873549E-07
    4.8698381050E+04    1.3198026474E-06
    4.8711893360E+04    8.6825453447E-07
    4.8725405680E+04    1.7260761492E-06
    4.8738917990E+04    1.2782063369E-06
    4.8752430310E+04    4.3648981954E-07
    4.8765942620E+04    1.3998375971E-08
    4.8779454940E+04    4.9976952110E-09
    4.8792967250E+04    4.9924215546E-09
    4.8806479560E+04    4.9870742772E-09
    4.8819991880E+04    5.8041100322E-09
    4.8833504190E+04    1.4274293748E-07
    4.8847016510E+04    1.9189428919E-06
    4.8860528820E+04    3.1414246569E-06
    4.8874041140E+04    3.8760852920E-06
    4.8887553450E+04    4.2233405882E-06
    4.8901065770E+04    3.9927347503E-06
    4.8914578080E+04    3.7883307755E-06
    4.8928090390E+04    3.8843903150E-06
    4.8941602710E+04    3.8439733838E-06
    4.8955115020E+04    2.6401351851E-06
    4.8968627340E+04    8.9318302318E-08
    4.8982139650E+04    4.9159536471E-09
    4.8995651970E+04    4.9103215467E-09
    4.9009164280E+04    4.9046614527E-09
    4.9022676600E+04    4.8989750964E-09
    4.9036188910E+04    4.8932678577E-09
    4.9049701220E+04    4.8875405231E-09
    4.9063213540E+04    4.8817903653E-09
    4.9076725850E+04    4.8760200181E-09
    4.9090238170E+04    4.8702296174E-09
    4.9103750480E+04    2.0155498594E-08
    4.9117262800E+04    1.0200919474E-06
    4.9130775110E+04    1.9244358245E-06
    4.9144287420E+04    1.1662340691E-06
    4.9157799740E+04    2.2066660334E-08
    4.9171312050E+04    4.8351717288E-09
    4.9184824370E+04    4.8292603573E-09
    4.9198336680E+04    4.8233302664E-09
    4.9211849000E+04    4.8173372898E-09
    4.9225361310E+04    4.8113187745E-09
    4.9238873630E+04    4.8052822451E-09
    4.9252385940E+04    4.7992261117E-09
    4.9265898250E+04    4.7931515719E-09
    4.9279410570E+04    4.7870596934E-09
    4.9292922880E+04    4.7809485946E-09
    4.9306435200E+04    4.7748146423E-09
    4.9319947510E+04    4.7686579696E-09
    4.9333459830E+04    4.7624826007E-09
    4.9346972140E+04    4.7562911611E-09
    4.9360484450E+04    4.7500836141E-09
    4.9373996770E+04    4.7438585954E-09
    4.9387509080E+04    4.7376183531E-09
    4.9401021400E+04    4.7313652483E-09
    4.9414533710E+04    4.7274655194E-09
    4.9428046030E+04    4.7240250289E-09
    4.9441558340E+04    4.7177527552E-09
    4.9455070660E+04    1.8137886024E-08
    4.9468582970E+04    7.2609226794E-07
    4.9482095280E+04    5.6618951728E-08
    4.9495607600E+04    4.6925200392E-09
    4.9509119910E+04    4.6861845867E-09
    4.9522632230E+04    4.6798384871E-09
    4.9536144540E+04    4.6734797904E-09
    4.9549656860E+04    4.6671091685E-09
    4.9563169170E+04    4.6607255749E-09
    4.9576681480E+04    4.6543305168E-09
    4.9590193800E+04    4.6479243217E-09
    4.9603706110E+04    4.6415046737E-09
    4.9617218430E+04    6.9769091226E-09
    4.9630730740E+04    6.9155685364E-08
    4.9644243060E+04    3.7271022416E-07
    4.9657755370E+04    8.9074791056E-07
    4.9671267690E+04    1.3504120202E-06
    4.9684780000E+04    2.4412301219E-06
    4.9698292310E+04    1.2290795549E-06
    4.9711804630E+04    9.9247063891E-07
    4.9725316940E+04    1.2312261216E-06
    4.9738829260E+04    1.8960896616E-06
    4.9752341570E+04    3.1576619355E-06
    4.9765853890E+04    3.2123627489E-06
    4.9779366200E+04    2.8280194910E-06
    4.9792878520E+04    2.1647350758E-06
    4.9806390830E+04    1.7628516353E-06
    4.9819903140E+04    1.7917295579E-06
    4.9833415460E+04    2.3469916255E-06
    4.9846927770E+04    2.3609103626E-06
    4.9860440090E+04    2.6671354967E-06
    4.9873952400E+04    3.3009791545E-06
    4.9887464720E+04    1.3042094429E-06
    4.9900977030E+04    6.7808220605E-07
    4.9914489340E+04    4.4711843038E-07
    4.9928001660E+04    4.7211745139E-07
    4.9941513970E+04    1.0398827514E-06
    4.9955026290E+04    1.0518282513E-06
    4.9968538600E+04    1.5538612829E-06
    4.9982050920E+04    5.1663748611E-07
    4.9995563230E+04    1.1016772382E-07
    5.0009075550E+04    2.1667369784E-07
    5.0022587860E+04    8.5070534795E-07
    5.0036100170E+04    1.1430251738E-06
    5.0049612490E+04    3.0982742399E-07
    5.0063124800E+04    1.1500444198E-08
    5.0076637120E+04    4.4171647619E-09
    5.0090149430E+04    4.4160043285E-09
    5.0103661750E+04    1.0183836939E-08
    5.0117174060E+04    4.8593155719E-08
    5.0130686370E+04    1.7334002642E-07
    5.0144198690E+04    5.2180777918E-07
    5.0157711000E+04    9.0261817906E-07
    5.0171223320E+04    1.2575119015E-06
    5.0184735630E+04    1.3712950664E-06
    5.0198247950E+04    1.4456376656E-06
    5.0211760260E+04    1.4991417504E-06
    5.0225272580E+04    1.0339869865E-06
    5.0238784890E+04    1.3282923514E-06
    5.0252297200E+04    3.9431923787E-08
    5.0265809520E+04    4.3376430224E-09
    5.0279321830E+04    4.3315575616E-09
    5.0292834150E+04    4.3254629328E-09
    5.0306346460E+04    4.3193594464E-09
    5.0319858780E+04    4.3132471065E-09
    5.0333371090E+04    4.3071249398E-09
    5.0346883410E+04    4.3009935404E-09
    5.0360395720E+04    4.4835111905E-09
    5.0373908030E+04    2.7915296810E-08
    5.0387420350E+04    2.5828050519E-07
    5.0400932660E+04    6.7208944305E-07
    5.0414444980E+04    1.3560438361E-06
    5.0427957290E+04    2.0503213970E-06
    5.0441469610E+04    1.9731282354E-06
    5.0454981920E+04    1.5240667086E-06
    5.0468494230E+04    7.3858002900E-08
    5.0482006550E+04    4.3938230335E-09
    5.0495518860E+04    4.2328605498E-09
    5.0509031180E+04    4.2265966475E-09
    5.0522543490E+04    4.2203187842E-09
    5.0536055810E+04    4.2140281480E-09
    5.0549568120E+04    4.2077249396E-09
    5.0563080440E+04    4.2014073626E-09
    5.0576592750E+04    4.1950764213E-09
    5.0590105060E+04    4.1887320098E-09
    5.0603617380E+04    4.1823720435E-09
    5.0617129690E+04    2.6657000722E-08
    5.0630642010E+04    6.0986639711E-07
    5.0644154320E+04    8.7041249652E-07
    5.0657666640E+04    5.6350064993E-07
    5.0671178950E+04    1.7023337875E-08
    5.0684691260E+04    4.1492125145E-09
    5.0698203580E+04    4.1440477898E-09
    5.0711715890E+04    4.1388618750E-09
    5.0725228210E+04    4.1336543398E-09
    5.0738740520E+04    4.1284262591E-09
    5.0752252840E+04    4.1231754575E-09
    5.0765765150E+04    4.1179023937E-09
    5.0779277470E+04    4.1167595521E-09
    5.0792789780E+04    4.1117582033E-09
    5.0806302090E+04    4.1064106445E-09
    5.0819814410E+04    4.1010405576E-09
    5.0833326720E+04    4.0956444768E-09
    5.0846839040E+04    4.0902250106E-09
    5.0860351350E+04    4.0847817093E-09
    5.0873863670E+04    4.0793113978E-09
    5.0887375980E+04    4.0738169365E-09
    5.0900888290E+04    4.0682970981E-09
    5.0914400610E+04    4.0627496855E-09
    5.0927912920E+04    4.0571771989E-09
    5.0941425240E+04    4.0515777535E-09
    5.0954937550E+04    4.0459502835E-09
    5.0968449870E+04    4.0402968435E-09
    5.0981962180E+04    4.0346148585E-09
    5.0995474500E+04    4.0289044876E-09
