###   Wavelength (A)        Transmission
    2.0004663860E+04    3.5473304385E-12
    2.0026105090E+04    3.0197632321E-12
    2.0047546320E+04    2.5645620191E-12
    2.0068987540E+04    2.1509973228E-12
    2.0090428770E+04    1.7825036321E-12
    2.0111869990E+04    1.5267244141E-12
    2.0133311220E+04    1.2273692180E-12
    2.0154752450E+04    1.0815353391E-12
    2.0176193670E+04    1.0361952902E-12
    2.0197634900E+04    1.0847698270E-12
    2.0219076120E+04    1.2625418063E-12
    2.0240517350E+04    1.2880076708E-12
    2.0261958580E+04    1.2789714279E-12
    2.0283399800E+04    1.3231924089E-12
    2.0304841030E+04    1.5006293284E-12
    2.0326282250E+04    1.6233401667E-12
    2.0347723480E+04    1.5853772715E-12
    2.0369164710E+04    1.5205036318E-12
    2.0390605930E+04    1.3973195420E-12
    2.0412047160E+04    1.4607769254E-12
    2.0433488380E+04    1.4692653203E-12
    2.0454929610E+04    1.4135107868E-12
    2.0476370840E+04    1.3968542676E-12
    2.0497812060E+04    1.4593228110E-12
    2.0519253290E+04    1.6160722097E-12
    2.0540694510E+04    1.7827916347E-12
    2.0562135740E+04    1.9572897358E-12
    2.0583576970E+04    2.1576053463E-12
    2.0605018190E+04    2.4441817155E-12
    2.0626459420E+04    2.7502539179E-12
    2.0647900640E+04    2.9772061641E-12
    2.0669341870E+04    3.2778245521E-12
    2.0690783100E+04    3.5829931982E-12
    2.0712224320E+04    3.9686376594E-12
    2.0733665550E+04    4.6018364201E-12
    2.0755106770E+04    5.3645099859E-12
    2.0776548000E+04    6.6459094129E-12
    2.0797989230E+04    8.3200262924E-12
    2.0819430450E+04    1.0389185438E-11
    2.0840871680E+04    1.2690048600E-11
    2.0862312900E+04    1.4706335411E-11
    2.0883754130E+04    1.6751828087E-11
    2.0905195360E+04    1.8299413590E-11
    2.0926636580E+04    1.8927891403E-11
    2.0948077810E+04    1.9374323081E-11
    2.0969519030E+04    2.2526178032E-11
    2.0990960260E+04    2.9004499738E-11
    2.1012401490E+04    3.9617755697E-11
    2.1033842710E+04    5.8891022173E-11
    2.1055283940E+04    8.6214603375E-11
    2.1076725160E+04    1.1977094087E-10
    2.1098166390E+04    1.6051031696E-10
    2.1119607620E+04    2.0011976381E-10
    2.1141048840E+04    2.2767572623E-10
    2.1162490070E+04    2.3755819912E-10
    2.1183931290E+04    2.2843725546E-10
    2.1205372520E+04    2.1156690785E-10
    2.1226813750E+04    1.9393856439E-10
    2.1248254970E+04    1.8005245052E-10
    2.1269696200E+04    1.6788926654E-10
    2.1291137420E+04    1.5930078338E-10
    2.1312578650E+04    1.5106763411E-10
    2.1334019880E+04    1.4530440464E-10
    2.1355461100E+04    1.4140237328E-10
    2.1376902330E+04    1.2974942372E-10
    2.1398343550E+04    1.1370167798E-10
    2.1419784780E+04    9.5198703980E-11
    2.1441226010E+04    7.7039645175E-11
    2.1462667230E+04    6.2018987219E-11
    2.1484108460E+04    5.6972508275E-11
    2.1505549680E+04    6.0662960298E-11
    2.1526990910E+04    6.5581516028E-11
    2.1548432140E+04    7.3966274403E-11
    2.1569873360E+04    8.6598154005E-11
    2.1591314590E+04    1.0455564536E-10
    2.1612755810E+04    1.2868655577E-10
    2.1634197040E+04    1.4531856929E-10
    2.1655638270E+04    1.4899457686E-10
    2.1677079490E+04    1.3821563025E-10
    2.1698520720E+04    1.2915045289E-10
    2.1719961940E+04    1.3403743930E-10
    2.1741403170E+04    1.3934897962E-10
    2.1762844400E+04    1.4096034306E-10
    2.1784285620E+04    1.3727149135E-10
    2.1805726850E+04    1.4117302628E-10
    2.1827168070E+04    1.4910000654E-10
    2.1848609300E+04    1.5948901336E-10
    2.1870050530E+04    1.6659760029E-10
    2.1891491750E+04    1.6489812545E-10
    2.1912932980E+04    1.6683060913E-10
    2.1934374200E+04    1.7386262447E-10
    2.1955815430E+04    1.7919043862E-10
    2.1977256660E+04    1.7894811752E-10
    2.1998697880E+04    1.7261749398E-10
    2.2020139110E+04    1.8273399881E-10
    2.2041580330E+04    2.1867735112E-10
    2.2063021560E+04    2.8069928401E-10
    2.2084462790E+04    3.5305963070E-10
    2.2105904010E+04    3.9930070314E-10
    2.2127345240E+04    4.6222225288E-10
    2.2148786460E+04    5.6044918849E-10
    2.2170227690E+04    7.5609635658E-10
    2.2191668920E+04    1.0226222638E-09
    2.2213110140E+04    1.5354195582E-09
    2.2234551370E+04    2.1970777958E-09
    2.2255992590E+04    2.7537250769E-09
    2.2277433820E+04    3.3406474730E-09
    2.2298875050E+04    3.7174081717E-09
    2.2320316270E+04    4.0773695375E-09
    2.2341757500E+04    4.4729253459E-09
    2.2363198720E+04    5.0330912647E-09
    2.2384639950E+04    5.2888458891E-09
    2.2406081180E+04    5.4592955012E-09
    2.2427522400E+04    5.9916693336E-09
    2.2448963630E+04    7.1535250834E-09
    2.2470404850E+04    8.9257237297E-09
    2.2491846080E+04    1.1014282012E-08
    2.2513287310E+04    1.3813418831E-08
    2.2534728530E+04    1.6623139696E-08
    2.2556169760E+04    1.9264426372E-08
    2.2577610980E+04    2.0900537386E-08
    2.2599052210E+04    2.2650210059E-08
    2.2620493440E+04    2.3712421847E-08
    2.2641934660E+04    2.5003004434E-08
    2.2663375890E+04    2.5945396906E-08
    2.2684817110E+04    2.5169398871E-08
    2.2706258340E+04    2.5219175555E-08
    2.2727699570E+04    2.7651787634E-08
    2.2749140790E+04    3.3648981285E-08
    2.2770582020E+04    3.9382999834E-08
    2.2792023240E+04    4.3640262876E-08
    2.2813464470E+04    4.3678470347E-08
    2.2834905700E+04    4.1741248299E-08
    2.2856346920E+04    3.9421640466E-08
    2.2877788150E+04    3.6814834124E-08
    2.2899229370E+04    3.2932983502E-08
    2.2920670600E+04    3.0854505738E-08
    2.2942111830E+04    2.9929350777E-08
    2.2963553050E+04    2.9766282072E-08
    2.2984994280E+04    3.4996371374E-08
    2.3006435500E+04    4.5032458061E-08
    2.3027876730E+04    6.0541405285E-08
    2.3049317960E+04    8.8991988725E-08
    2.3070759180E+04    1.2859078219E-07
    2.3092200410E+04    1.7604343093E-07
    2.3113641630E+04    2.4247404577E-07
    2.3135082860E+04    3.2509470278E-07
    2.3156524090E+04    4.3215535056E-07
    2.3177965310E+04    5.7943625287E-07
    2.3199406540E+04    7.8453479493E-07
    2.3220847760E+04    1.0391103104E-06
    2.3242288990E+04    1.3763438914E-06
    2.3263730220E+04    1.7517184707E-06
    2.3285171440E+04    2.1286282918E-06
    2.3306612670E+04    2.5019365599E-06
    2.3328053890E+04    2.8580026575E-06
    2.3349495120E+04    3.1377937567E-06
    2.3370936350E+04    3.2547768974E-06
    2.3392377570E+04    3.1513068937E-06
    2.3413818800E+04    2.8888960911E-06
    2.3435260020E+04    2.6106546630E-06
    2.3456701250E+04    2.3923488034E-06
    2.3478142480E+04    2.2946711748E-06
    2.3499583700E+04    2.3700346897E-06
    2.3521024930E+04    2.5564240921E-06
    2.3542466150E+04    2.8943090994E-06
    2.3563907380E+04    3.1943674653E-06
    2.3585348610E+04    3.3996173156E-06
    2.3606789830E+04    3.4626856394E-06
    2.3628231060E+04    3.4081768011E-06
    2.3649672280E+04    3.2995711171E-06
    2.3671113510E+04    3.0753692342E-06
    2.3692554740E+04    2.8539112854E-06
    2.3713995960E+04    2.5833466990E-06
    2.3735437190E+04    2.4933216770E-06
    2.3756878410E+04    2.4791001744E-06
    2.3778319640E+04    2.6525963149E-06
    2.3799760870E+04    3.0222891287E-06
    2.3821202090E+04    3.5051606224E-06
    2.3842643320E+04    4.0498683430E-06
    2.3864084540E+04    4.4214992102E-06
    2.3885525770E+04    4.5709503104E-06
    2.3906967000E+04    4.6308429607E-06
    2.3928408220E+04    4.6522692717E-06
    2.3949849450E+04    4.6203567649E-06
    2.3971290670E+04    4.4647318196E-06
    2.3992731900E+04    4.2188116242E-06
    2.4014173130E+04    3.8774598699E-06
    2.4035614350E+04    3.6816508381E-06
    2.4057055580E+04    3.6623922143E-06
    2.4078496800E+04    3.7310873680E-06
    2.4099938030E+04    3.8090120506E-06
    2.4121379260E+04    3.7690383468E-06
    2.4142820480E+04    3.5848703110E-06
    2.4164261710E+04    3.4153073461E-06
    2.4185702930E+04    3.1466875603E-06
    2.4207144160E+04    3.0715321616E-06
    2.4228585390E+04    3.0685640953E-06
    2.4250026610E+04    3.1347675408E-06
    2.4271467840E+04    3.2130270631E-06
    2.4292909060E+04    3.5356484798E-06
    2.4314350290E+04    4.0037931426E-06
    2.4335791520E+04    4.4519623147E-06
    2.4357232740E+04    4.8753210346E-06
    2.4378673970E+04    4.9055350001E-06
    2.4400115190E+04    4.4966188422E-06
    2.4421556420E+04    3.8941798721E-06
    2.4442997650E+04    3.3540354607E-06
    2.4464438870E+04    2.7414163621E-06
    2.4485880100E+04    2.2176397007E-06
    2.4507321320E+04    1.7958569361E-06
    2.4528762550E+04    1.6455543246E-06
    2.4550203780E+04    1.6411227743E-06
    2.4571645000E+04    2.0901637040E-06
    2.4593086230E+04    2.8092244903E-06
    2.4614527450E+04    3.5922798596E-06
    2.4635968680E+04    4.3679680623E-06
    2.4657409910E+04    4.9778130107E-06
    2.4678851130E+04    5.4660568175E-06
    2.4700292360E+04    5.5698720727E-06
    2.4721733580E+04    5.4825835073E-06
    2.4743174810E+04    5.2297691593E-06
    2.4764616040E+04    4.8659508401E-06
    2.4786057260E+04    4.4360147201E-06
    2.4807498490E+04    4.0906230528E-06
    2.4828939710E+04    3.8445651212E-06
    2.4850380940E+04    3.6237240653E-06
    2.4871822170E+04    3.5058460257E-06
    2.4893263390E+04    3.4269528132E-06
    2.4914704620E+04    3.2860556263E-06
    2.4936145840E+04    2.9982077434E-06
    2.4957587070E+04    2.6660771536E-06
    2.4979028300E+04    4.4596969568E-06
    2.5000469520E+04    6.1641283559E-06
    2.5021910750E+04    7.8428945219E-06
    2.5038318560E+04    1.0354569010E-05
    2.5051830870E+04    1.2453277631E-05
    2.5065343190E+04    1.4555221317E-05
    2.5078855500E+04    1.5907217035E-05
    2.5092367820E+04    1.8313667621E-05
    2.5105880130E+04    1.8551209150E-05
    2.5119392440E+04    1.8679061433E-05
    2.5132904760E+04    1.9214461991E-05
    2.5146417070E+04    2.0041919076E-05
    2.5159929390E+04    2.0254163943E-05
    2.5173441700E+04    1.9752873080E-05
    2.5186954020E+04    2.0770806684E-05
    2.5200466330E+04    2.0948762137E-05
    2.5213978650E+04    2.0817159035E-05
    2.5227490960E+04    2.0664772112E-05
    2.5241003270E+04    2.1181606792E-05
    2.5254515590E+04    2.0235177811E-05
    2.5268027900E+04    1.9910037812E-05
    2.5281540220E+04    2.1045552083E-05
    2.5295052530E+04    2.1820012648E-05
    2.5308564850E+04    2.1818848880E-05
    2.5322077160E+04    2.2226385433E-05
    2.5335589480E+04    2.3134714984E-05
    2.5349101790E+04    2.2595852061E-05
    2.5362614100E+04    2.2167022954E-05
    2.5376126420E+04    2.2720683541E-05
    2.5389638730E+04    2.3139337916E-05
    2.5403151050E+04    2.3698483860E-05
    2.5416663360E+04    2.4125708426E-05
    2.5430175680E+04    2.4376185213E-05
    2.5443687990E+04    2.4509065109E-05
    2.5457200300E+04    2.4896353463E-05
    2.5470712620E+04    2.6552093961E-05
    2.5484224930E+04    2.7509800114E-05
    2.5497737250E+04    2.6686515123E-05
    2.5511249560E+04    2.6074208939E-05
    2.5524761880E+04    2.6112426642E-05
    2.5538274190E+04    2.5457203541E-05
    2.5551786510E+04    2.4671369607E-05
    2.5565298820E+04    2.4007487777E-05
    2.5578811130E+04    2.2250112867E-05
    2.5592323450E+04    2.1444106273E-05
    2.5605835760E+04    2.1891611241E-05
    2.5619348080E+04    2.1668020789E-05
    2.5632860390E+04    2.1548134953E-05
    2.5646372710E+04    2.1780991090E-05
    2.5659885020E+04    2.2851652275E-05
    2.5673397330E+04    2.4347579548E-05
    2.5686909650E+04    2.5353649936E-05
    2.5700421960E+04    2.5970159124E-05
    2.5713934280E+04    2.6909105395E-05
    2.5727446590E+04    2.8046878783E-05
    2.5740958910E+04    2.9072223450E-05
    2.5754471220E+04    3.0220943325E-05
    2.5767983540E+04    2.9899355892E-05
    2.5781495850E+04    2.9392549954E-05
    2.5795008160E+04    3.0348262037E-05
    2.5808520480E+04    3.0913630535E-05
    2.5822032790E+04    3.1259134995E-05
    2.5835545110E+04    3.1010431109E-05
    2.5849057420E+04    3.0926547175E-05
    2.5862569740E+04    3.0032924229E-05
    2.5876082050E+04    2.9612869290E-05
    2.5889594370E+04    2.9108000559E-05
    2.5903106680E+04    2.7984207002E-05
    2.5916618990E+04    2.7144726826E-05
    2.5930131310E+04    2.5334230794E-05
    2.5943643620E+04    2.3160266044E-05
    2.5957155940E+04    2.0242053767E-05
    2.5970668250E+04    1.9209236027E-05
    2.5984180570E+04    1.8227621579E-05
    2.5997692880E+04    1.6889579184E-05
    2.6011205190E+04    1.5380392353E-05
    2.6024717510E+04    1.3445500761E-05
    2.6038229820E+04    1.2538947808E-05
    2.6051742140E+04    1.2091116894E-05
    2.6065254450E+04    1.2588627940E-05
    2.6078766770E+04    1.1991084803E-05
    2.6092279080E+04    1.1272854412E-05
    2.6105791400E+04    1.1410377023E-05
    2.6119303710E+04    1.1089218636E-05
    2.6132816020E+04    1.0546749060E-05
    2.6146328340E+04    1.0144314871E-05
    2.6159840650E+04    1.0311627782E-05
    2.6173352970E+04    9.8324928907E-06
    2.6186865280E+04    1.0827142204E-05
    2.6200377600E+04    1.1737964631E-05
    2.6213889910E+04    1.1631125378E-05
    2.6227402220E+04    1.1945102349E-05
    2.6240914540E+04    1.3333798796E-05
    2.6254426850E+04    1.4197158014E-05
    2.6267939170E+04    1.4310313078E-05
    2.6281451480E+04    1.4956652278E-05
    2.6294963800E+04    1.4729024595E-05
    2.6308476110E+04    1.4480000760E-05
    2.6321988430E+04    1.4147438330E-05
    2.6335500740E+04    1.3790333095E-05
    2.6349013050E+04    1.3045644994E-05
    2.6362525370E+04    1.2643800707E-05
    2.6376037680E+04    1.2665380377E-05
    2.6389550000E+04    1.2532921252E-05
    2.6403062310E+04    1.1952446990E-05
    2.6416574630E+04    1.1338478744E-05
    2.6430086940E+04    1.1112888886E-05
    2.6443599250E+04    1.0901387284E-05
    2.6457111570E+04    1.0749236047E-05
    2.6470623880E+04    1.0538013797E-05
    2.6484136200E+04    1.0180217466E-05
    2.6497648510E+04    1.0027446191E-05
    2.6511160830E+04    9.7639408023E-06
    2.6524673140E+04    9.5178080668E-06
    2.6538185460E+04    9.2729285642E-06
    2.6551697770E+04    9.0621053068E-06
    2.6565210080E+04    7.9675580307E-06
    2.6578722400E+04    7.5238060459E-06
    2.6592234710E+04    8.4985071813E-06
    2.6605747030E+04    8.7195315855E-06
    2.6619259340E+04    8.9157389001E-06
    2.6632771660E+04    9.6566050315E-06
    2.6646283970E+04    1.0325358487E-05
    2.6659796290E+04    1.0740990557E-05
    2.6673308600E+04    1.1902028287E-05
    2.6686820910E+04    1.2486166129E-05
    2.6700333230E+04    1.0942969531E-05
    2.6713845540E+04    9.9174784037E-06
    2.6727357860E+04    9.8336097663E-06
    2.6740870170E+04    8.9115964473E-06
    2.6754382490E+04    7.6851753559E-06
    2.6767894800E+04    6.6322219545E-06
    2.6781407110E+04    5.9310433741E-06
    2.6794919430E+04    4.7722497609E-06
    2.6808431740E+04    4.3503215698E-06
    2.6821944060E+04    4.1291258230E-06
    2.6835456370E+04    3.3076331054E-06
    2.6848968690E+04    3.1466154168E-06
    2.6862481000E+04    3.4312016150E-06
    2.6875993320E+04    3.7753576926E-06
    2.6889505630E+04    3.5120141215E-06
    2.6903017940E+04    3.2216720233E-06
    2.6916530260E+04    3.0781766284E-06
    2.6930042570E+04    3.4424370620E-06
    2.6943554890E+04    3.1726075770E-06
    2.6957067200E+04    2.6463078310E-06
    2.6970579520E+04    2.5388067014E-06
    2.6984091830E+04    2.2364984916E-06
    2.6997604140E+04    2.1416437662E-06
    2.7011116460E+04    2.6175402362E-06
    2.7024628770E+04    2.5973300362E-06
    2.7038141090E+04    1.9658683969E-06
    2.7051653400E+04    1.8723305982E-06
    2.7065165720E+04    1.8538789091E-06
    2.7078678030E+04    1.3986396031E-06
    2.7092190350E+04    1.1801892413E-06
    2.7105702660E+04    8.6965992782E-07
    2.7119214970E+04    4.2028968621E-07
    2.7132727290E+04    4.2027171725E-07
    2.7146239600E+04    4.1669314845E-07
    2.7159751920E+04    9.8807462188E-07
    2.7173264230E+04    9.7977958793E-07
    2.7186776550E+04    1.0906771459E-06
    2.7200288860E+04    1.0897171643E-06
    2.7213801170E+04    1.1211332998E-06
    2.7227313490E+04    1.1234789882E-06
    2.7240825800E+04    1.1225583386E-06
    2.7254338120E+04    9.4989542045E-07
    2.7267850430E+04    2.4659389371E-07
    2.7281362750E+04    2.4612568515E-07
    2.7294875060E+04    1.4064781635E-07
    2.7308387380E+04    2.9412763807E-07
    2.7321899690E+04    6.1819962667E-07
    2.7335412000E+04    5.9486563025E-07
    2.7348924320E+04    6.1001618250E-07
    2.7362436630E+04    6.1019141015E-07
    2.7375948950E+04    6.8581991251E-07
    2.7389461260E+04    9.1613464636E-07
    2.7402973580E+04    9.1018226045E-07
    2.7416485890E+04    1.0289714106E-06
    2.7429998210E+04    6.7604530121E-07
    2.7443510520E+04    6.7206662278E-07
    2.7457022830E+04    6.5675722814E-07
    2.7470535150E+04    8.5745823622E-07
    2.7484047460E+04    8.5536498770E-07
    2.7497559780E+04    1.1430828980E-06
    2.7511072090E+04    1.5913067670E-06
    2.7524584410E+04    1.4513319598E-06
    2.7538096720E+04    1.4458788556E-06
    2.7551609030E+04    1.5902334658E-06
    2.7565121350E+04    1.8825245445E-06
    2.7578633660E+04    1.8847913421E-06
    2.7592145980E+04    2.0500641536E-06
    2.7605658290E+04    1.6063213558E-06
    2.7619170610E+04    1.5864593257E-06
    2.7632682920E+04    2.3010564551E-06
    2.7646195240E+04    2.7024672680E-06
    2.7659707550E+04    2.8848326287E-06
    2.7673219860E+04    3.1438267127E-06
    2.7686732180E+04    3.4234399243E-06
    2.7700244490E+04    3.6766210360E-06
    2.7713756810E+04    3.6040936984E-06
    2.7727269120E+04    3.1908439923E-06
    2.7740781440E+04    2.5333419211E-06
    2.7754293750E+04    2.5498006531E-06
    2.7767806060E+04    2.8310430649E-06
    2.7781318380E+04    2.6115529082E-06
    2.7794830690E+04    2.7174226826E-06
    2.7808343010E+04    2.5775092254E-06
    2.7821855320E+04    2.9131916374E-06
    2.7835367640E+04    3.7056847050E-06
    2.7848879950E+04    4.1771749799E-06
    2.7862392270E+04    4.1142178240E-06
    2.7875904580E+04    4.0760529167E-06
    2.7889416890E+04    4.2105933286E-06
    2.7902929210E+04    4.2214769501E-06
    2.7916441520E+04    4.7186832396E-06
    2.7929953840E+04    5.2237137721E-06
    2.7943466150E+04    5.1953668693E-06
    2.7956978470E+04    5.4529622844E-06
    2.7970490780E+04    5.9210914551E-06
    2.7984003090E+04    6.5225715593E-06
    2.7997515410E+04    7.0133222536E-06
    2.8011027720E+04    6.8933999170E-06
    2.8024540040E+04    6.3252244412E-06
    2.8038052350E+04    5.9086925260E-06
    2.8051564670E+04    5.7645625984E-06
    2.8065076980E+04    5.3736312848E-06
    2.8078589300E+04    5.2965989666E-06
    2.8092101610E+04    4.6337752794E-06
    2.8105613920E+04    4.4300584066E-06
    2.8119126240E+04    4.7839541846E-06
    2.8132638550E+04    5.1752906550E-06
    2.8146150870E+04    5.6096604490E-06
    2.8159663180E+04    5.5385511739E-06
    2.8173175500E+04    5.3636726456E-06
    2.8186687810E+04    5.1051290209E-06
    2.8200200130E+04    5.6752961201E-06
    2.8213712440E+04    5.7550321740E-06
    2.8227224750E+04    5.8787701454E-06
    2.8240737070E+04    5.7406230646E-06
    2.8254249380E+04    5.8260262716E-06
    2.8267761700E+04    6.4122789288E-06
    2.8281274010E+04    6.7097419937E-06
    2.8294786330E+04    7.0228744420E-06
    2.8308298640E+04    6.7519093602E-06
    2.8321810950E+04    6.4359132074E-06
    2.8335323270E+04    6.0246166087E-06
    2.8348835580E+04    5.8576562735E-06
    2.8362347900E+04    5.2383007449E-06
    2.8375860210E+04    4.9915563563E-06
    2.8389372530E+04    5.1086560768E-06
    2.8402884840E+04    5.3159412520E-06
    2.8416397160E+04    5.4561127905E-06
    2.8429909470E+04    6.1033499426E-06
    2.8443421780E+04    6.6086533418E-06
    2.8456934100E+04    7.1431803434E-06
    2.8470446410E+04    7.6577718948E-06
    2.8483958730E+04    6.7954569992E-06
    2.8497471040E+04    6.4889191874E-06
    2.8510983360E+04    6.7941623926E-06
    2.8524495670E+04    6.9846944967E-06
    2.8538007980E+04    6.2332260552E-06
    2.8551520300E+04    5.5859849833E-06
    2.8565032610E+04    5.3709029469E-06
    2.8578544930E+04    5.0512177222E-06
    2.8592057240E+04    5.3526060057E-06
    2.8605569560E+04    5.6157015538E-06
    2.8619081870E+04    4.9020315964E-06
    2.8632594190E+04    3.9442207541E-06
    2.8646106500E+04    3.7156521855E-06
    2.8659618810E+04    4.3038667471E-06
    2.8673131130E+04    4.1902856341E-06
    2.8686643440E+04    3.9664568075E-06
    2.8700155760E+04    4.1052998438E-06
    2.8713668070E+04    3.6995964287E-06
    2.8727180390E+04    3.3601380280E-06
    2.8740692700E+04    3.7479632941E-06
    2.8754205010E+04    3.7577243276E-06
    2.8767717330E+04    3.1753949341E-06
    2.8781229640E+04    2.9580234137E-06
    2.8794741960E+04    3.3227473008E-06
    2.8808254270E+04    3.5905825306E-06
    2.8821766590E+04    3.8368924784E-06
    2.8835278900E+04    4.1199079703E-06
    2.8848791220E+04    4.3646897517E-06
    2.8862303530E+04    5.0594077610E-06
    2.8875815840E+04    5.4388642946E-06
    2.8889328160E+04    5.4219051310E-06
    2.8902840470E+04    5.7232354020E-06
    2.8916352790E+04    5.6915876706E-06
    2.8929865100E+04    5.5586651890E-06
    2.8943377420E+04    5.2107081235E-06
    2.8956889730E+04    4.9978306105E-06
    2.8970402050E+04    5.0619217083E-06
    2.8983914360E+04    5.1490529313E-06
    2.8997426670E+04    6.6202284921E-06
    2.9010938990E+04    7.4742307498E-06
    2.9024451300E+04    7.6856819292E-06
    2.9037963620E+04    8.2198515858E-06
    2.9051475930E+04    9.1354229745E-06
    2.9064988250E+04    9.8453639684E-06
    2.9078500560E+04    1.0097360109E-05
    2.9092012870E+04    1.0233305616E-05
    2.9105525190E+04    9.4529517282E-06
    2.9119037500E+04    8.9782550151E-06
    2.9132549820E+04    9.7944028787E-06
    2.9146062130E+04    1.0744011717E-05
    2.9159574450E+04    1.1393897414E-05
    2.9173086760E+04    1.1754543710E-05
    2.9186599080E+04    1.2320439752E-05
    2.9200111390E+04    1.2606685375E-05
    2.9213623700E+04    1.2953983293E-05
    2.9227136020E+04    1.3189306288E-05
    2.9240648330E+04    1.3105987753E-05
    2.9254160650E+04    1.3183022433E-05
    2.9267672960E+04    1.3525862633E-05
    2.9281185280E+04    1.3992014266E-05
    2.9294697590E+04    1.4008579629E-05
    2.9308209900E+04    1.4531231871E-05
    2.9321722220E+04    1.5001914959E-05
    2.9335234530E+04    1.5171190073E-05
    2.9348746850E+04    1.4744389713E-05
    2.9362259160E+04    1.4307180215E-05
    2.9375771480E+04    1.3848801648E-05
    2.9389283790E+04    1.3311097982E-05
    2.9402796110E+04    1.3625452076E-05
    2.9416308420E+04    1.4037454976E-05
    2.9429820730E+04    1.4094462655E-05
    2.9443333050E+04    1.4122212509E-05
    2.9456845360E+04    1.4358134158E-05
    2.9470357680E+04    1.4233032235E-05
    2.9483869990E+04    1.4115672108E-05
    2.9497382310E+04    1.4665813907E-05
    2.9510894620E+04    1.4701692194E-05
    2.9524406940E+04    1.4665838166E-05
    2.9537919250E+04    1.4548031493E-05
    2.9551431560E+04    1.4537932398E-05
    2.9564943880E+04    1.4456024381E-05
    2.9578456190E+04    1.4416898610E-05
    2.9591968510E+04    1.4967525132E-05
    2.9605480820E+04    1.5025714189E-05
    2.9618993140E+04    1.5156361213E-05
    2.9632505450E+04    1.5353399910E-05
    2.9646017760E+04    1.5929339070E-05
    2.9659530080E+04    1.6459653824E-05
    2.9673042390E+04    1.7971325997E-05
    2.9686554710E+04    1.9236125424E-05
    2.9700067020E+04    1.9615802770E-05
    2.9713579340E+04    2.0262548541E-05
    2.9727091650E+04    2.1255347273E-05
    2.9740603970E+04    2.1962620110E-05
    2.9754116280E+04    2.2972961576E-05
    2.9767628590E+04    2.4049390141E-05
    2.9781140910E+04    2.4778951308E-05
    2.9794653220E+04    2.6443224367E-05
    2.9808165540E+04    2.8449020786E-05
    2.9821677850E+04    3.0103809295E-05
    2.9835190170E+04    3.2055995695E-05
    2.9848702480E+04    3.5428628764E-05
    2.9862214790E+04    3.8541832414E-05
    2.9875727110E+04    4.2061492702E-05
    2.9889239420E+04    4.6047234709E-05
    2.9902751740E+04    4.9334847483E-05
    2.9916264050E+04    5.3181707080E-05
    2.9929776370E+04    5.7683024078E-05
    2.9943288680E+04    6.2215758669E-05
    2.9956801000E+04    6.5940076738E-05
    2.9970313310E+04    6.9897019035E-05
    2.9983825620E+04    7.4911376204E-05
    2.9997337940E+04    8.0204741709E-05
    3.0010850250E+04    8.6753529152E-05
    3.0024362570E+04    9.3634228536E-05
    3.0037874880E+04    1.0049167127E-04
    3.0051387200E+04    1.0812772627E-04
    3.0064899510E+04    1.1697517885E-04
    3.0078411820E+04    1.2638855380E-04
    3.0091924140E+04    1.3615603834E-04
    3.0105436450E+04    1.4653961758E-04
    3.0118948770E+04    1.5749445985E-04
    3.0132461080E+04    1.6889205956E-04
    3.0145973400E+04    1.8125500473E-04
    3.0159485710E+04    1.9427492694E-04
    3.0172998030E+04    2.0776747241E-04
    3.0186510340E+04    2.2223961680E-04
    3.0200022650E+04    2.3706582602E-04
    3.0213534970E+04    2.5278646966E-04
    3.0227047280E+04    2.6908690121E-04
    3.0240559600E+04    2.8688050635E-04
    3.0254071910E+04    3.0640290970E-04
    3.0267584230E+04    3.2638533527E-04
    3.0281096540E+04    3.4725918760E-04
    3.0294608860E+04    3.7044812488E-04
    3.0308121170E+04    3.9509857817E-04
    3.0321633480E+04    4.2148071630E-04
    3.0335145800E+04    4.4998352649E-04
    3.0348658110E+04    4.8014669442E-04
    3.0362170430E+04    5.1179970673E-04
    3.0375682740E+04    5.4647741208E-04
    3.0389195060E+04    5.8337718114E-04
    3.0402707370E+04    6.2298457290E-04
    3.0416219680E+04    6.6584584105E-04
    3.0429732000E+04    7.1144210595E-04
    3.0443244310E+04    7.6113579678E-04
    3.0456756630E+04    8.1434126514E-04
    3.0470268940E+04    8.7172028478E-04
    3.0483781260E+04    9.3414038796E-04
    3.0497293570E+04    1.0019406008E-03
    3.0510805890E+04    1.0733940815E-03
    3.0524318200E+04    1.1507455442E-03
    3.0537830510E+04    1.2346325870E-03
    3.0551342830E+04    1.3251406912E-03
    3.0564855140E+04    1.4235139307E-03
    3.0578367460E+04    1.5298564434E-03
    3.0591879770E+04    1.6447914182E-03
    3.0605392090E+04    1.7702324378E-03
    3.0618904400E+04    1.9075794756E-03
    3.0632416710E+04    2.0572599240E-03
    3.0645929030E+04    2.2195862750E-03
    3.0659441340E+04    2.3975758473E-03
    3.0672953660E+04    2.5880460898E-03
    3.0686465970E+04    2.7972235331E-03
    3.0699978290E+04    3.0236489253E-03
    3.0713490600E+04    3.2662989408E-03
    3.0727002920E+04    3.5301813213E-03
    3.0740515230E+04    3.8170702388E-03
    3.0754027540E+04    4.1293226714E-03
    3.0767539860E+04    4.4694316152E-03
    3.0781052170E+04    4.8403473956E-03
    3.0794564490E+04    5.2444176345E-03
    3.0808076800E+04    5.6881603359E-03
    3.0821589120E+04    6.1746180354E-03
    3.0835101430E+04    6.7058575218E-03
    3.0848613740E+04    7.2859446216E-03
    3.0862126060E+04    7.9201035123E-03
    3.0875638370E+04    8.6126897204E-03
    3.0889150690E+04    9.3685942359E-03
    3.0902663000E+04    1.0194847216E-02
    3.0916175320E+04    1.1100830166E-02
    3.0929687630E+04    1.2091579234E-02
    3.0943199950E+04    1.3191087192E-02
    3.0956712260E+04    1.4377446460E-02
    3.0970224570E+04    1.5674277110E-02
    3.0983736890E+04    1.7095005514E-02
    3.0997249200E+04    1.8650971381E-02
    3.1010761520E+04    2.0346125919E-02
    3.1024273830E+04    2.2198546715E-02
    3.1037786150E+04    2.4226330039E-02
    3.1051298460E+04    2.6444987063E-02
    3.1064810780E+04    2.8873451387E-02
    3.1078323090E+04    3.1530587982E-02
    3.1091835400E+04    3.4435280466E-02
    3.1105347720E+04    3.7614903465E-02
    3.1118860030E+04    4.1099016213E-02
    3.1132372350E+04    4.4904830124E-02
    3.1145884660E+04    4.9057913381E-02
    3.1159396980E+04    5.3583689027E-02
    3.1172909290E+04    5.8510465820E-02
    3.1186421600E+04    6.3863874141E-02
    3.1199933920E+04    6.9672479004E-02
    3.1213446230E+04    7.6113580478E-02
    3.1226958550E+04    8.2987732507E-02
    3.1240470860E+04    9.0396389753E-02
    3.1253983180E+04    9.8354758466E-02
    3.1267495490E+04    1.0687417508E-01
    3.1281007810E+04    1.1595713132E-01
    3.1294520120E+04    1.2560181519E-01
    3.1308032430E+04    1.3576280496E-01
    3.1321544750E+04    1.4641895138E-01
    3.1335057060E+04    1.5755185950E-01
    3.1348569380E+04    1.6910948773E-01
    3.1362081690E+04    1.8104140602E-01
    3.1375594010E+04    1.9325512554E-01
    3.1389106320E+04    2.0568092808E-01
    3.1402618630E+04    2.1822998156E-01
    3.1416130950E+04    2.3086680441E-01
    3.1429643260E+04    2.4342602792E-01
    3.1443155580E+04    2.5579285747E-01
    3.1456667890E+04    2.6787529490E-01
    3.1470180210E+04    2.7957046901E-01
    3.1483692520E+04    2.9113932696E-01
    3.1497204840E+04    3.0184340881E-01
    3.1510717150E+04    3.1193919462E-01
    3.1524229460E+04    3.2139008067E-01
    3.1537741780E+04    3.3015168887E-01
    3.1551254090E+04    3.3823021069E-01
    3.1564766410E+04    3.4561203689E-01
    3.1578278720E+04    3.5231647178E-01
    3.1591791040E+04    3.5836561840E-01
    3.1605303350E+04    3.6375756411E-01
    3.1618815660E+04    3.6853055921E-01
    3.1632327980E+04    3.7275121522E-01
    3.1645840290E+04    3.7648104276E-01
    3.1659352610E+04    3.7975762028E-01
    3.1672864920E+04    3.8263291992E-01
    3.1686377240E+04    3.8514904169E-01
    3.1699889550E+04    3.8734698192E-01
    3.1713401870E+04    3.8951627955E-01
    3.1726914180E+04    3.9178018992E-01
    3.1740426490E+04    3.9366323626E-01
    3.1753938810E+04    3.9523724655E-01
    3.1767451120E+04    3.9666274854E-01
    3.1780963440E+04    3.9797486180E-01
    3.1794475750E+04    3.9918852044E-01
    3.1807988070E+04    4.0025288982E-01
    3.1821500380E+04    4.0119658151E-01
    3.1835012700E+04    4.0209071960E-01
    3.1848525010E+04    4.0293792142E-01
    3.1862037320E+04    4.0375688682E-01
    3.1875549640E+04    4.0455343832E-01
    3.1889061950E+04    4.0532801918E-01
    3.1902574270E+04    4.0608011722E-01
    3.1916086580E+04    4.0682639878E-01
    3.1929598900E+04    4.0756630533E-01
    3.1943111210E+04    4.0830019779E-01
    3.1956623520E+04    4.0903014040E-01
    3.1970135840E+04    4.0975767860E-01
    3.1983648150E+04    4.1095492790E-01
    3.1997160470E+04    4.1166810253E-01
    3.2010672780E+04    4.1234311865E-01
    3.2024185100E+04    4.1299873571E-01
    3.2037697410E+04    4.1365460286E-01
    3.2051209730E+04    4.1430132571E-01
    3.2064722040E+04    4.1494941091E-01
    3.2078234350E+04    4.1558364926E-01
    3.2091746670E+04    4.1621723188E-01
    3.2105258980E+04    4.1683960225E-01
    3.2118771300E+04    4.1746247051E-01
    3.2132283610E+04    4.1761155168E-01
    3.2145795930E+04    4.1823285814E-01
    3.2159308240E+04    4.1885079381E-01
    3.2172820550E+04    4.1947803826E-01
    3.2186332870E+04    4.2011988470E-01
    3.2199845180E+04    4.2077269992E-01
    3.2213357500E+04    4.2172182052E-01
    3.2226869810E+04    4.2283707932E-01
    3.2240382130E+04    4.2363279541E-01
    3.2253894440E+04    4.2443537902E-01
    3.2267406760E+04    4.2525666061E-01
    3.2280919070E+04    4.2607726472E-01
    3.2294431380E+04    4.2690850554E-01
    3.2307943700E+04    4.2759918846E-01
    3.2321456010E+04    4.2820960539E-01
    3.2334968330E+04    4.2882810618E-01
    3.2348480640E+04    4.2946367415E-01
    3.2361992960E+04    4.3010248586E-01
    3.2375505270E+04    4.3075504335E-01
    3.2389017590E+04    4.3142219928E-01
    3.2402529900E+04    4.3208957983E-01
    3.2416042210E+04    4.3271805796E-01
    3.2429554530E+04    4.3334733747E-01
    3.2443066840E+04    4.3414371269E-01
    3.2456579160E+04    4.3513376866E-01
    3.2470091470E+04    4.3577531226E-01
    3.2483603790E+04    4.3640540141E-01
    3.2497116100E+04    4.3704238964E-01
    3.2510628410E+04    4.3776799976E-01
    3.2524140730E+04    4.3852188771E-01
    3.2537653040E+04    4.3927119642E-01
    3.2551165360E+04    4.4002670559E-01
    3.2564677670E+04    4.4078603210E-01
    3.2578189990E+04    4.4154578930E-01
    3.2591702300E+04    4.4231024990E-01
    3.2605214620E+04    4.4303611311E-01
    3.2618726930E+04    4.4371320346E-01
    3.2632239240E+04    4.4437643571E-01
    3.2645751560E+04    4.4504388835E-01
    3.2659263870E+04    4.4569530584E-01
    3.2672776190E+04    4.4649705055E-01
    3.2686288500E+04    4.4752494457E-01
    3.2699800820E+04    4.4816898222E-01
    3.2713313130E+04    4.4868748571E-01
    3.2726825440E+04    4.4920684721E-01
    3.2740337760E+04    4.4972951866E-01
    3.2753850070E+04    4.5024704882E-01
    3.2767362390E+04    4.5076916968E-01
    3.2780874700E+04    4.5127869083E-01
    3.2794387020E+04    4.5179757969E-01
    3.2807899330E+04    4.5231303993E-01
    3.2821411650E+04    4.5284117947E-01
    3.2834923960E+04    4.5336484157E-01
    3.2848436270E+04    4.5389369226E-01
    3.2861948590E+04    4.5442488463E-01
    3.2875460900E+04    4.5496203002E-01
    3.2888973220E+04    4.5551240452E-01
    3.2902485530E+04    4.5660388974E-01
    3.2915997850E+04    4.5717451428E-01
    3.2929510160E+04    4.5774390288E-01
    3.2943022470E+04    4.5833635965E-01
    3.2956534790E+04    4.5892946827E-01
    3.2970047100E+04    4.5953115555E-01
    3.2983559420E+04    4.6013284766E-01
    3.2997071730E+04    4.6073985970E-01
    3.3010584050E+04    4.6124577473E-01
    3.3024096360E+04    4.6172265717E-01
    3.3037608680E+04    4.6221230996E-01
    3.3051120990E+04    4.6269699052E-01
    3.3064633300E+04    4.6319940036E-01
    3.3078145620E+04    4.6370600457E-01
    3.3091657930E+04    4.6423317712E-01
    3.3105170250E+04    4.6474207073E-01
    3.3118682560E+04    4.6569645067E-01
    3.3132194880E+04    4.6625934338E-01
    3.3145707190E+04    4.6675172365E-01
    3.3159219510E+04    4.6725290278E-01
    3.3172731820E+04    4.6774489928E-01
    3.3186244130E+04    4.6824273754E-01
    3.3199756450E+04    4.6872919243E-01
    3.3213268760E+04    4.6917260153E-01
    3.3226781080E+04    4.6960804129E-01
    3.3240293390E+04    4.7003962441E-01
    3.3253805710E+04    4.7046979642E-01
    3.3267318020E+04    4.7088942976E-01
    3.3280830330E+04    4.7131474725E-01
    3.3294342650E+04    4.7173263958E-01
    3.3307854960E+04    4.7181008652E-01
    3.3321367280E+04    4.7162436301E-01
    3.3334879590E+04    4.7143685129E-01
    3.3348391910E+04    4.7170754301E-01
    3.3361904220E+04    4.7159622752E-01
    3.3375416540E+04    4.7139727563E-01
    3.3388928850E+04    4.7118289030E-01
    3.3402441160E+04    4.7074269529E-01
    3.3415953480E+04    4.6926153167E-01
    3.3429465790E+04    4.6778023819E-01
    3.3442978110E+04    4.6628692177E-01
    3.3456490420E+04    4.6478473194E-01
    3.3470002740E+04    4.6327484701E-01
    3.3483515050E+04    4.6175171351E-01
    3.3497027360E+04    4.6023546385E-01
    3.3510539680E+04    4.5706248141E-01
    3.3524051990E+04    4.5342375750E-01
    3.3537564310E+04    4.4976995880E-01
    3.3551076620E+04    4.4611085358E-01
    3.3564588940E+04    4.4244699924E-01
    3.3578101250E+04    4.3877577243E-01
    3.3591613570E+04    4.3510351397E-01
    3.3605125880E+04    4.3299685673E-01
    3.3618638190E+04    4.3348621798E-01
    3.3632150510E+04    4.3396870864E-01
    3.3645662820E+04    4.3445470122E-01
    3.3659175140E+04    4.3494162847E-01
    3.3672687450E+04    4.3542439427E-01
    3.3686199770E+04    4.3591143900E-01
    3.3699712080E+04    4.3639351240E-01
    3.3713224390E+04    4.4047594334E-01
    3.3726736710E+04    4.4497392320E-01
    3.3740249020E+04    4.4983886175E-01
    3.3753761340E+04    4.5402280297E-01
    3.3767273650E+04    4.5820886887E-01
    3.3780785970E+04    4.6240923654E-01
    3.3794298280E+04    4.6661053132E-01
    3.3807810600E+04    4.6915943646E-01
    3.3821322910E+04    4.7048862650E-01
    3.3834835220E+04    4.7182460958E-01
    3.3848347540E+04    4.7316238299E-01
    3.3861859850E+04    4.7449726562E-01
    3.3875372170E+04    4.7584154653E-01
    3.3888884480E+04    4.7717649108E-01
    3.3902396800E+04    4.7823996511E-01
    3.3915909110E+04    4.7801935686E-01
    3.3929421430E+04    4.7779270575E-01
    3.3942933740E+04    4.7755736590E-01
    3.3956446050E+04    4.7730699655E-01
    3.3969958370E+04    4.7705574909E-01
    3.3983470680E+04    4.7678615640E-01
    3.3996983000E+04    4.7651354482E-01
    3.4010495310E+04    4.7618027165E-01
    3.4024007630E+04    4.7582435522E-01
    3.4037519940E+04    4.7546758879E-01
    3.4051032250E+04    4.7510108962E-01
    3.4064544570E+04    4.7473786866E-01
    3.4078056880E+04    4.7436150848E-01
    3.4091569200E+04    4.7406968523E-01
    3.4105081510E+04    4.7422606625E-01
    3.4118593830E+04    4.7402737667E-01
    3.4132106140E+04    4.7382727066E-01
    3.4145618460E+04    4.7361182373E-01
    3.4159130770E+04    4.7388214464E-01
    3.4172643080E+04    4.7370272473E-01
    3.4186155400E+04    4.7347119982E-01
    3.4199667710E+04    4.7323537453E-01
    3.4213180030E+04    4.7337680610E-01
    3.4226692340E+04    4.7353238602E-01
    3.4240204660E+04    4.7367649709E-01
    3.4253716970E+04    4.7382144299E-01
    3.4267229280E+04    4.7396515719E-01
    3.4280741600E+04    4.7410845874E-01
    3.4294253910E+04    4.7426091282E-01
    3.4307766230E+04    4.7429979536E-01
    3.4321278540E+04    4.7425980129E-01
    3.4334790860E+04    4.7420413150E-01
    3.4348303170E+04    4.7413961778E-01
    3.4361815490E+04    4.7407182304E-01
    3.4375327800E+04    4.7398927841E-01
    3.4388840110E+04    4.7390528298E-01
    3.4402352430E+04    4.7377347780E-01
    3.4415864740E+04    4.7347103182E-01
    3.4429377060E+04    4.7317162607E-01
    3.4442889370E+04    4.7342744133E-01
    3.4456401690E+04    4.7314193145E-01
    3.4469914000E+04    4.7285518731E-01
    3.4483426310E+04    4.7275801955E-01
    3.4496938630E+04    4.7282741432E-01
    3.4510450940E+04    4.7276034747E-01
    3.4523963260E+04    4.7276627386E-01
    3.4537475570E+04    4.7277207526E-01
    3.4550987890E+04    4.7278922266E-01
    3.4564500200E+04    4.7280692802E-01
    3.4578012520E+04    4.7282571588E-01
    3.4591524830E+04    4.7285165948E-01
    3.4605037140E+04    4.7302355868E-01
    3.4618549460E+04    4.7345477432E-01
    3.4632061770E+04    4.7388466415E-01
    3.4645574090E+04    4.7431764477E-01
    3.4659086400E+04    4.7475504065E-01
    3.4672598720E+04    4.7518910993E-01
    3.4686111030E+04    4.7563176190E-01
    3.4699623350E+04    4.7607287586E-01
    3.4713135660E+04    4.7619597788E-01
    3.4726647970E+04    4.7631338546E-01
    3.4740160290E+04    4.7642824070E-01
    3.4753672600E+04    4.7655213901E-01
    3.4767184920E+04    4.7707718163E-01
    3.4780697230E+04    4.7736107142E-01
    3.4794209550E+04    4.7771463543E-01
    3.4807721860E+04    4.7834067132E-01
    3.4821234170E+04    4.7880419755E-01
    3.4834746490E+04    4.7926210239E-01
    3.4848258800E+04    4.7971734464E-01
    3.4861771120E+04    4.8016851535E-01
    3.4875283430E+04    4.8060962130E-01
    3.4888795750E+04    4.8105038637E-01
    3.4902308060E+04    4.8150652863E-01
    3.4915820380E+04    4.8207824879E-01
    3.4929332690E+04    4.8264702284E-01
    3.4942845000E+04    4.8320656451E-01
    3.4956357320E+04    4.8376562370E-01
    3.4969869630E+04    4.8431383788E-01
    3.4983381950E+04    4.8485801088E-01
    3.4996894260E+04    4.8540123945E-01
    3.5010406580E+04    4.8588117997E-01
    3.5023918890E+04    4.8634505361E-01
    3.5037431200E+04    4.8680210651E-01
    3.5050943520E+04    4.8725484969E-01
    3.5064455830E+04    4.8770379720E-01
    3.5077968150E+04    4.8860071603E-01
    3.5091480460E+04    4.8916190344E-01
    3.5104992780E+04    4.8990592474E-01
    3.5118505090E+04    4.9069285910E-01
    3.5132017410E+04    4.9119815451E-01
    3.5145529720E+04    4.9168808099E-01
    3.5159042030E+04    4.9217547225E-01
    3.5172554350E+04    4.9265656661E-01
    3.5186066660E+04    4.9313231597E-01
    3.5199578980E+04    4.9359896097E-01
    3.5213091290E+04    4.9397510641E-01
    3.5226603610E+04    4.9434024792E-01
    3.5240115920E+04    4.9470089068E-01
    3.5253628240E+04    4.9506103571E-01
    3.5267140550E+04    4.9542463713E-01
    3.5280652860E+04    4.9578412949E-01
    3.5294165180E+04    4.9614598711E-01
    3.5307677490E+04    4.9647549012E-01
    3.5321189810E+04    4.9678003656E-01
    3.5334702120E+04    4.9708792948E-01
    3.5348214440E+04    4.9786949759E-01
    3.5361726750E+04    4.9827964615E-01
    3.5375239060E+04    4.9858771754E-01
    3.5388751380E+04    4.9889459071E-01
    3.5402263690E+04    4.9917929421E-01
    3.5415776010E+04    4.9933681140E-01
    3.5429288320E+04    5.0001793485E-01
    3.5442800640E+04    5.0022792328E-01
    3.5456312950E+04    5.0040372619E-01
    3.5469825270E+04    5.0058781954E-01
    3.5483337580E+04    5.0077396710E-01
    3.5496849890E+04    5.0096068621E-01
    3.5510362210E+04    5.0113309733E-01
    3.5523874520E+04    5.0183897367E-01
    3.5537386840E+04    5.0198710814E-01
    3.5550899150E+04    5.0213823189E-01
    3.5564411470E+04    5.0229253729E-01
    3.5577923780E+04    5.0245383954E-01
    3.5591436090E+04    5.0261898745E-01
    3.5604948410E+04    5.0281507360E-01
    3.5618460720E+04    5.0305992155E-01
    3.5631973040E+04    5.0330462076E-01
    3.5645485350E+04    5.0355216662E-01
    3.5658997670E+04    5.0380304331E-01
    3.5672509980E+04    5.0405920464E-01
    3.5686022300E+04    5.0467498555E-01
    3.5699534610E+04    5.0517463575E-01
    3.5713046920E+04    5.0538051091E-01
    3.5726559240E+04    5.0558793041E-01
    3.5740071550E+04    5.0579448239E-01
    3.5753583870E+04    5.0600399131E-01
    3.5767096180E+04    5.0621447806E-01
    3.5780608500E+04    5.0698934907E-01
    3.5794120810E+04    5.0719879210E-01
    3.5807633120E+04    5.0737237203E-01
    3.5821145440E+04    5.0751935586E-01
    3.5834657750E+04    5.0766698779E-01
    3.5848170070E+04    5.0830188606E-01
    3.5861682380E+04    5.0856369034E-01
    3.5875194700E+04    5.0871411049E-01
    3.5888707010E+04    5.0886254022E-01
    3.5902219330E+04    5.0900051522E-01
    3.5915731640E+04    5.0907743716E-01
    3.5929243950E+04    5.0915332103E-01
    3.5942756270E+04    5.0922938364E-01
    3.5956268580E+04    5.0930548165E-01
    3.5969780900E+04    5.0938213817E-01
    3.5983293210E+04    5.0946145130E-01
    3.5996805530E+04    5.0954440657E-01
    3.6010317840E+04    5.0962653541E-01
    3.6023830160E+04    5.0970582403E-01
    3.6037342470E+04    5.1021764224E-01
    3.6050854780E+04    5.1045025267E-01
    3.6064367100E+04    5.1052276268E-01
    3.6077879410E+04    5.1059617333E-01
    3.6091391730E+04    5.1066999598E-01
    3.6104904040E+04    5.1071945363E-01
    3.6118416360E+04    5.1072908957E-01
    3.6131928670E+04    5.1074052571E-01
    3.6145440980E+04    5.1075149577E-01
    3.6158953300E+04    5.1076068098E-01
    3.6172465610E+04    5.1077051265E-01
    3.6185977930E+04    5.1077703080E-01
    3.6199490240E+04    5.1132181864E-01
    3.6213002560E+04    5.1134458751E-01
    3.6226514870E+04    5.1134053180E-01
    3.6240027190E+04    5.1133925707E-01
    3.6253539500E+04    5.1133880263E-01
    3.6267051810E+04    5.1134182553E-01
    3.6280564130E+04    5.1134489665E-01
    3.6294076440E+04    5.1134608231E-01
    3.6307588760E+04    5.1139003471E-01
    3.6321101070E+04    5.1146628845E-01
    3.6334613390E+04    5.1153910885E-01
    3.6348125700E+04    5.1161281333E-01
    3.6361638010E+04    5.1168790910E-01
    3.6375150330E+04    5.1176225002E-01
    3.6388662640E+04    5.1183972725E-01
    3.6402174960E+04    5.1192960073E-01
    3.6415687270E+04    5.1207716908E-01
    3.6429199590E+04    5.1222413830E-01
    3.6442711900E+04    5.1236948170E-01
    3.6456224220E+04    5.1251488533E-01
    3.6469736530E+04    5.1265715550E-01
    3.6483248840E+04    5.1280004014E-01
    3.6496761160E+04    5.1334789268E-01
    3.6510273470E+04    5.1373849552E-01
    3.6523785790E+04    5.1395457870E-01
    3.6537298100E+04    5.1417329290E-01
    3.6550810420E+04    5.1438913857E-01
    3.6564322730E+04    5.1460494025E-01
    3.6577835040E+04    5.1482108882E-01
    3.6591347360E+04    5.1503003765E-01
    3.6604859670E+04    5.1521081365E-01
    3.6618371990E+04    5.1534541244E-01
    3.6631884300E+04    5.1547777791E-01
    3.6645396620E+04    5.1561155778E-01
    3.6658908930E+04    5.1574450470E-01
    3.6672421250E+04    5.1587579782E-01
    3.6685933560E+04    5.1600590337E-01
    3.6699445870E+04    5.1667562591E-01
    3.6712958190E+04    5.1690009601E-01
    3.6726470500E+04    5.1709081428E-01
    3.6739982820E+04    5.1727632415E-01
    3.6753495130E+04    5.1745977529E-01
    3.6767007450E+04    5.1763762049E-01
    3.6780519760E+04    5.1781386820E-01
    3.6794032080E+04    5.1799275090E-01
    3.6807544390E+04    5.1816572077E-01
    3.6821056700E+04    5.1833939717E-01
    3.6834569020E+04    5.1851513829E-01
    3.6848081330E+04    5.1868262947E-01
    3.6861593650E+04    5.1884807040E-01
    3.6875105960E+04    5.1901361714E-01
    3.6888618280E+04    5.1917269487E-01
    3.6902130590E+04    5.1931147035E-01
    3.6915642900E+04    5.1933510026E-01
    3.6929155220E+04    5.1935412840E-01
    3.6942667530E+04    5.1997843385E-01
    3.6956179850E+04    5.2000167001E-01
    3.6969692160E+04    5.2002255639E-01
    3.6983204480E+04    5.2004634711E-01
    3.6996716790E+04    5.2006741740E-01
    3.7010229110E+04    5.2008577042E-01
    3.7023741420E+04    5.2010422111E-01
    3.7037253730E+04    5.2012007324E-01
    3.7050766050E+04    5.2013803966E-01
    3.7064278360E+04    5.2016080880E-01
    3.7077790680E+04    5.2018378244E-01
    3.7091302990E+04    5.2021086311E-01
    3.7104815310E+04    5.2026566144E-01
    3.7118327620E+04    5.2036385267E-01
    3.7131839930E+04    5.2046532927E-01
    3.7145352250E+04    5.2056477315E-01
    3.7158864560E+04    5.2065924124E-01
    3.7172376880E+04    5.2075488019E-01
    3.7185889190E+04    5.2084974632E-01
    3.7199401510E+04    5.2094528900E-01
    3.7212913820E+04    5.2104628501E-01
    3.7226426140E+04    5.2114613105E-01
    3.7239938450E+04    5.2124734567E-01
    3.7253450760E+04    5.2135282131E-01
    3.7266963080E+04    5.2145700401E-01
    3.7280475390E+04    5.2156230410E-01
    3.7293987710E+04    5.2166719794E-01
    3.7307500020E+04    5.2176902146E-01
    3.7321012340E+04    5.2187349952E-01
    3.7334524650E+04    5.2197748038E-01
    3.7348036960E+04    5.2207709912E-01
    3.7361549280E+04    5.2278347526E-01
    3.7375061590E+04    5.2288235098E-01
    3.7388573910E+04    5.2297475075E-01
    3.7402086220E+04    5.2317591286E-01
    3.7415598540E+04    5.2364644356E-01
    3.7429110850E+04    5.2364677897E-01
    3.7442623170E+04    5.2364327693E-01
    3.7456135480E+04    5.2363004461E-01
    3.7469647790E+04    5.2360775261E-01
    3.7483160110E+04    5.2358203286E-01
    3.7496672420E+04    5.2354813843E-01
    3.7510184740E+04    5.2350779490E-01
    3.7523697050E+04    5.2346463908E-01
    3.7537209370E+04    5.2341157683E-01
    3.7550721680E+04    5.2335105890E-01
    3.7564234000E+04    5.2328326591E-01
    3.7577746310E+04    5.2320110488E-01
    3.7591258620E+04    5.2310955054E-01
    3.7604770940E+04    5.2300898976E-01
    3.7618283250E+04    5.2289355030E-01
    3.7631795570E+04    5.2277040316E-01
    3.7645307880E+04    5.2264163172E-01
    3.7658820200E+04    5.2250228715E-01
    3.7672332510E+04    5.2235950885E-01
    3.7685844820E+04    5.2221211759E-01
    3.7699357140E+04    5.2205373416E-01
    3.7712869450E+04    5.2188274956E-01
    3.7726381770E+04    5.2170380994E-01
    3.7739894080E+04    5.2151222292E-01
    3.7753406400E+04    5.2131485233E-01
    3.7766918710E+04    5.2152882240E-01
    3.7780431030E+04    5.2150369932E-01
    3.7793943340E+04    5.2129348818E-01
    3.7807455650E+04    5.2112576156E-01
    3.7820967970E+04    5.2098999793E-01
    3.7834480280E+04    5.2085822739E-01
    3.7847992600E+04    5.2072583528E-01
    3.7861504910E+04    5.2058950225E-01
    3.7875017230E+04    5.2045615577E-01
    3.7888529540E+04    5.2032026392E-01
    3.7902041850E+04    5.2016000997E-01
    3.7915554170E+04    5.1988689423E-01
    3.7929066480E+04    5.1961762905E-01
    3.7942578800E+04    5.1935398217E-01
    3.7956091110E+04    5.1910586070E-01
    3.7969603430E+04    5.1886337336E-01
    3.7983115740E+04    5.1862707876E-01
    3.7996628060E+04    5.1840624529E-01
    3.8010140370E+04    5.1830078431E-01
    3.8023652680E+04    5.1823900177E-01
    3.8037165000E+04    5.1819236604E-01
    3.8050677310E+04    5.1815083433E-01
    3.8064189630E+04    5.1811833716E-01
    3.8077701940E+04    5.1810713194E-01
    3.8091214260E+04    5.1810915989E-01
    3.8104726570E+04    5.1809912589E-01
    3.8118238890E+04    5.1806055247E-01
    3.8131751200E+04    5.1803215552E-01
    3.8145263510E+04    5.1801644565E-01
    3.8158775830E+04    5.1801959166E-01
    3.8172288140E+04    5.1816626491E-01
    3.8185800460E+04    5.1864493833E-01
    3.8199312770E+04    5.1867558777E-01
    3.8212825090E+04    5.1872086630E-01
    3.8226337400E+04    5.1877751968E-01
    3.8239849710E+04    5.1885177945E-01
    3.8253362030E+04    5.1893439646E-01
    3.8266874340E+04    5.1902772451E-01
    3.8280386660E+04    5.1913618217E-01
    3.8293898970E+04    5.1924672877E-01
    3.8307411290E+04    5.1935846657E-01
    3.8320923600E+04    5.1947535294E-01
    3.8334435920E+04    5.1958524290E-01
    3.8347948230E+04    5.1969112888E-01
    3.8361460540E+04    5.1979816183E-01
    3.8374972860E+04    5.1989641594E-01
    3.8388485170E+04    5.2047965743E-01
    3.8401997490E+04    5.2066007998E-01
    3.8415509800E+04    5.2073800771E-01
    3.8429022120E+04    5.2080189531E-01
    3.8442534430E+04    5.2085872451E-01
    3.8456046740E+04    5.2089637949E-01
    3.8469559060E+04    5.2091345701E-01
    3.8483071370E+04    5.2091373691E-01
    3.8496583690E+04    5.2088431972E-01
    3.8510096000E+04    5.2082007895E-01
    3.8523608320E+04    5.2073382003E-01
    3.8537120630E+04    5.2061879872E-01
    3.8550632950E+04    5.2047332797E-01
    3.8564145260E+04    5.2030470226E-01
    3.8577657570E+04    5.2056040542E-01
    3.8591169890E+04    5.2045897264E-01
    3.8604682200E+04    5.2018908694E-01
    3.8618194520E+04    5.1988368972E-01
    3.8631706830E+04    5.1953481665E-01
    3.8645219150E+04    5.1915102150E-01
    3.8658731460E+04    5.1872687491E-01
    3.8672243770E+04    5.1825773902E-01
    3.8685756090E+04    5.1775688057E-01
    3.8699268400E+04    5.1722131918E-01
    3.8712780720E+04    5.1663282202E-01
    3.8726293030E+04    5.1601451997E-01
    3.8739805350E+04    5.1536191296E-01
    3.8753317660E+04    5.1466599693E-01
    3.8766829980E+04    5.1393787774E-01
    3.8780342290E+04    5.1317629591E-01
    3.8793854600E+04    5.1237450520E-01
    3.8807366920E+04    5.1155147260E-01
    3.8820879230E+04    5.1070707258E-01
    3.8834391550E+04    5.0983158028E-01
    3.8847903860E+04    5.0893540639E-01
    3.8861416180E+04    5.0802436217E-01
    3.8874928490E+04    5.0709061317E-01
    3.8888440810E+04    5.0614059973E-01
    3.8901953120E+04    5.0518055043E-01
    3.8915465430E+04    5.0419443819E-01
    3.8928977750E+04    5.0319361116E-01
    3.8942490060E+04    5.0218558259E-01
    3.8956002380E+04    5.0115830371E-01
    3.8969514690E+04    5.0011733851E-01
    3.8983027010E+04    4.9964842295E-01
    3.8996539320E+04    4.9859123658E-01
    3.9010051630E+04    4.9751961914E-01
    3.9023563950E+04    4.9644478522E-01
    3.9037076260E+04    4.9536121806E-01
    3.9050588580E+04    4.9426334405E-01
    3.9064100890E+04    4.9316027006E-01
    3.9077613210E+04    4.9204377335E-01
    3.9091125520E+04    4.9090232718E-01
    3.9104637840E+04    4.8974815660E-01
    3.9118150150E+04    4.8857692044E-01
    3.9131662460E+04    4.8736801541E-01
    3.9145174780E+04    4.8640724422E-01
    3.9158687090E+04    4.8538648824E-01
    3.9172199410E+04    4.8405220855E-01
    3.9185711720E+04    4.8266245099E-01
    3.9199224040E+04    4.8121010296E-01
    3.9212736350E+04    4.7967844829E-01
    3.9226248660E+04    4.7805604253E-01
    3.9239760980E+04    4.7633701798E-01
    3.9253273290E+04    4.7449596514E-01
    3.9266785610E+04    4.7252271999E-01
    3.9280297920E+04    4.7041115231E-01
    3.9293810240E+04    4.6813479674E-01
    3.9307322550E+04    4.6567489199E-01
    3.9320834870E+04    4.6302095088E-01
    3.9334347180E+04    4.6015525782E-01
    3.9347859490E+04    4.5705953231E-01
    3.9361371810E+04    4.5372625054E-01
    3.9374884120E+04    4.5038934699E-01
    3.9388396440E+04    4.4677790077E-01
    3.9401908750E+04    4.4262522663E-01
    3.9415421070E+04    4.3822490996E-01
    3.9428933380E+04    4.3349579162E-01
    3.9442445690E+04    4.2843581832E-01
    3.9455958010E+04    4.2303498375E-01
    3.9469470320E+04    4.1728018497E-01
    3.9482982640E+04    4.1117107721E-01
    3.9496494950E+04    4.0471201216E-01
    3.9510007270E+04    3.9784925186E-01
    3.9523519580E+04    3.9062031661E-01
    3.9537031900E+04    3.8306662116E-01
    3.9550544210E+04    3.7518696781E-01
    3.9564056520E+04    3.6699107431E-01
    3.9577568840E+04    3.5850422949E-01
    3.9591081150E+04    3.4974235400E-01
    3.9604593470E+04    3.4072797748E-01
    3.9618105780E+04    3.3149400978E-01
    3.9631618100E+04    3.2206736125E-01
    3.9645130410E+04    3.1247163596E-01
    3.9658642730E+04    3.0274778150E-01
    3.9672155040E+04    2.9293411774E-01
    3.9685667350E+04    2.8304987084E-01
    3.9699179670E+04    2.7341246567E-01
    3.9712691980E+04    2.6352157818E-01
    3.9726204300E+04    2.5363747410E-01
    3.9739716610E+04    2.4381521110E-01
    3.9753228930E+04    2.3408894843E-01
    3.9766741240E+04    2.2448487333E-01
    3.9780253550E+04    2.1527467402E-01
    3.9793765870E+04    2.0598755384E-01
    3.9807278180E+04    1.9689368850E-01
    3.9820790500E+04    1.8800872189E-01
    3.9834302810E+04    1.7935539060E-01
    3.9847815130E+04    1.7094737100E-01
    3.9861327440E+04    1.6279260120E-01
    3.9874839760E+04    1.5490044445E-01
    3.9888352070E+04    1.4728130466E-01
    3.9901864380E+04    1.3993600210E-01
    3.9915376700E+04    1.3286899568E-01
    3.9928889010E+04    1.2608504789E-01
    3.9942401330E+04    1.1957960717E-01
    3.9955913640E+04    1.1334984239E-01
    3.9969425960E+04    1.0739417947E-01
    3.9982938270E+04    1.0170754648E-01
    3.9996450580E+04    9.6280599247E-02
    4.0009962900E+04    9.1108426187E-02
    4.0023475210E+04    8.6186866703E-02
    4.0036987530E+04    8.1505065887E-02
    4.0050499840E+04    7.7057071880E-02
    4.0064012160E+04    7.2835197341E-02
    4.0077524470E+04    6.8829399348E-02
    4.0091036790E+04    6.5030812347E-02
    4.0104549100E+04    6.1436601030E-02
    4.0118061410E+04    5.8038793465E-02
    4.0131573730E+04    5.4820554670E-02
    4.0145086040E+04    5.1776638132E-02
    4.0158598360E+04    4.8898183717E-02
    4.0172110670E+04    4.6176128468E-02
    4.0185622990E+04    4.3631532700E-02
    4.0199135300E+04    4.1220602935E-02
    4.0212647610E+04    3.8959694319E-02
    4.0226159930E+04    3.6780238293E-02
    4.0239672240E+04    3.4724347984E-02
    4.0253184560E+04    3.2783243338E-02
    4.0266696870E+04    3.0950655083E-02
    4.0280209190E+04    2.9222255531E-02
    4.0293721500E+04    2.7593014232E-02
    4.0307233820E+04    2.6055803846E-02
    4.0320746130E+04    2.4606021038E-02
    4.0334258440E+04    2.3238926192E-02
    4.0347770760E+04    2.1947722065E-02
    4.0361283070E+04    2.0729669698E-02
    4.0374795390E+04    1.9581966160E-02
    4.0388307700E+04    1.8500074440E-02
    4.0401820020E+04    1.7478946428E-02
    4.0415332330E+04    1.6517889880E-02
    4.0428844650E+04    1.5611614834E-02
    4.0442356960E+04    1.4756703096E-02
    4.0455869270E+04    1.3952033542E-02
    4.0469381590E+04    1.3194384742E-02
    4.0482893900E+04    1.2479303349E-02
    4.0496406220E+04    1.1803248720E-02
    4.0509918530E+04    1.1164988151E-02
    4.0523430850E+04    1.0562876518E-02
    4.0536943160E+04    9.9948813495E-03
    4.0550455470E+04    9.4599566585E-03
    4.0563967790E+04    8.9555965051E-03
    4.0577480100E+04    8.4790590318E-03
    4.0590992420E+04    8.0288641649E-03
    4.0604504730E+04    7.6088346957E-03
    4.0618017050E+04    7.2119215690E-03
    4.0631529360E+04    6.8315971141E-03
    4.0645041680E+04    6.4725110458E-03
    4.0658553990E+04    6.1335215978E-03
    4.0672066300E+04    5.8129747336E-03
    4.0685578620E+04    5.5104025808E-03
    4.0699090930E+04    5.2255518781E-03
    4.0712603250E+04    4.9566539155E-03
    4.0726115560E+04    4.7061824893E-03
    4.0739627880E+04    4.4690397073E-03
    4.0753140190E+04    4.2434413841E-03
    4.0766652500E+04    4.0299513134E-03
    4.0780164820E+04    3.8288586664E-03
    4.0793677130E+04    3.6391762461E-03
    4.0807189450E+04    3.4589716901E-03
    4.0820701760E+04    3.2884728705E-03
    4.0834214080E+04    3.1275827329E-03
    4.0847726390E+04    2.9748990638E-03
    4.0861238710E+04    2.8287470676E-03
    4.0874751020E+04    2.6899312246E-03
    4.0888263330E+04    2.5577411926E-03
    4.0901775650E+04    2.4319022462E-03
    4.0915287960E+04    2.3126570196E-03
    4.0928800280E+04    2.2002376219E-03
    4.0942312590E+04    2.0942755280E-03
    4.0955824910E+04    1.9947540047E-03
    4.0969337220E+04    1.9018699360E-03
    4.0982849530E+04    1.8136639409E-03
    4.0996361850E+04    1.7293340468E-03
    4.1009874160E+04    1.6493296574E-03
    4.1023386480E+04    1.5745428184E-03
    4.1036898790E+04    1.5046665514E-03
    4.1050411110E+04    1.4372361900E-03
    4.1063923420E+04    1.3724078349E-03
    4.1077435740E+04    1.3106882588E-03
    4.1090948050E+04    1.2520847798E-03
    4.1104460360E+04    1.1975818896E-03
    4.1117972680E+04    1.1467672519E-03
    4.1131484990E+04    1.0979412698E-03
    4.1144997310E+04    1.0515737179E-03
    4.1158509620E+04    1.0077572290E-03
    4.1172021940E+04    9.6603619138E-04
    4.1185534250E+04    9.2618188982E-04
    4.1199046570E+04    8.8860981582E-04
    4.1212558880E+04    8.5236595849E-04
    4.1226071190E+04    8.1725942152E-04
    4.1239583510E+04    7.8333919384E-04
    4.1253095820E+04    7.5104990865E-04
    4.1266608140E+04    7.1975664055E-04
    4.1280120450E+04    6.8936641720E-04
    4.1293632770E+04    6.6098717730E-04
    4.1307145080E+04    6.3420300269E-04
    4.1320657390E+04    6.0874019298E-04
    4.1334169710E+04    5.8487815584E-04
    4.1347682020E+04    5.6316615363E-04
    4.1361194340E+04    5.4265859382E-04
    4.1374706650E+04    5.2342546140E-04
    4.1388218970E+04    5.0576925580E-04
    4.1401731280E+04    4.8934082313E-04
    4.1415243600E+04    4.7246568849E-04
    4.1428755910E+04    4.5545151571E-04
    4.1442268220E+04    4.3903619617E-04
    4.1455780540E+04    4.2336075491E-04
    4.1469292850E+04    4.0821867414E-04
    4.1482805170E+04    3.9418803713E-04
    4.1496317480E+04    3.8040162381E-04
    4.1509829800E+04    3.6695446059E-04
    4.1523342110E+04    3.5505478294E-04
    4.1536854420E+04    3.4450964221E-04
    4.1550366740E+04    3.3400242545E-04
    4.1563879050E+04    3.2232057620E-04
    4.1577391370E+04    3.1083888083E-04
    4.1590903680E+04    3.0028433566E-04
    4.1604416000E+04    2.9073456196E-04
    4.1617928310E+04    2.8169752513E-04
    4.1631440630E+04    2.7337047743E-04
    4.1644952940E+04    2.6533819744E-04
    4.1658465250E+04    2.5766729393E-04
    4.1671977570E+04    2.5103978215E-04
    4.1685489880E+04    2.4547740948E-04
    4.1699002200E+04    2.4020422272E-04
    4.1712514510E+04    2.3462656798E-04
    4.1726026830E+04    2.2910276191E-04
    4.1739539140E+04    2.2308479388E-04
    4.1753051460E+04    2.1646126116E-04
    4.1766563770E+04    2.1023043132E-04
    4.1780076080E+04    2.0503915277E-04
    4.1793588400E+04    1.9979971779E-04
    4.1807100710E+04    1.9404773970E-04
    4.1820613030E+04    1.8819615843E-04
    4.1834125340E+04    1.8300753710E-04
    4.1847637660E+04    1.7805721603E-04
    4.1861149970E+04    1.7371182112E-04
    4.1874662280E+04    1.6965493567E-04
    4.1888174600E+04    1.6571909121E-04
    4.1901686910E+04    1.6149961826E-04
    4.1915199230E+04    1.5772300291E-04
    4.1928711540E+04    1.5449452868E-04
    4.1942223860E+04    1.5133888222E-04
    4.1955736170E+04    1.4803094150E-04
    4.1969248490E+04    1.4533922014E-04
    4.1982760800E+04    1.4286467818E-04
    4.1996273110E+04    1.3989057061E-04
    4.2009785430E+04    1.3690624228E-04
    4.2023297740E+04    1.3443960122E-04
    4.2036810060E+04    1.3236311578E-04
    4.2050322370E+04    1.3024477019E-04
    4.2063834690E+04    1.2861434520E-04
    4.2077347000E+04    1.2741086363E-04
    4.2090859310E+04    1.2639869309E-04
    4.2104371630E+04    1.2552662883E-04
    4.2117883940E+04    1.2524877356E-04
    4.2131396260E+04    1.2484913844E-04
    4.2144908570E+04    1.2381568244E-04
    4.2158420890E+04    1.2220884394E-04
    4.2171933200E+04    1.2084897113E-04
    4.2185445520E+04    1.1943011337E-04
    4.2198957830E+04    1.1804234617E-04
    4.2212470140E+04    1.1669792109E-04
    4.2225982460E+04    1.1532400967E-04
    4.2239494770E+04    1.1344588876E-04
    4.2253007090E+04    1.1143459746E-04
    4.2266519400E+04    1.0960502948E-04
    4.2280031720E+04    1.0759924376E-04
    4.2293544030E+04    1.0564228633E-04
    4.2307056340E+04    1.0437597147E-04
    4.2320568660E+04    1.0418469678E-04
    4.2334080970E+04    1.0419594913E-04
    4.2347593290E+04    1.0377712522E-04
    4.2361105600E+04    1.0360183538E-04
    4.2374617920E+04    1.0350183257E-04
    4.2388130230E+04    1.0249668183E-04
    4.2401642550E+04    9.9790031532E-05
    4.2415154860E+04    9.6441256571E-05
    4.2428667170E+04    9.2968649631E-05
    4.2442179490E+04    8.9911178892E-05
    4.2455691800E+04    8.7947443149E-05
    4.2469204120E+04    8.6540481539E-05
    4.2482716430E+04    8.5409087703E-05
    4.2496228750E+04    8.4643008613E-05
    4.2509741060E+04    8.4902578336E-05
    4.2523253380E+04    8.5192820028E-05
    4.2536765690E+04    8.4362444390E-05
    4.2550278000E+04    8.2286826335E-05
    4.2563790320E+04    7.9676049301E-05
    4.2577302630E+04    7.7090540117E-05
    4.2590814950E+04    7.4382241600E-05
    4.2604327260E+04    7.1956010320E-05
    4.2617839580E+04    7.0037593973E-05
    4.2631351890E+04    6.8622223427E-05
    4.2644864200E+04    6.7397872137E-05
    4.2658376520E+04    6.6559272439E-05
    4.2671888830E+04    6.5857135776E-05
    4.2685401150E+04    6.4601020208E-05
    4.2698913460E+04    6.2546414826E-05
    4.2712425780E+04    6.0265513722E-05
    4.2725938090E+04    5.7988527222E-05
    4.2739450410E+04    5.5637366181E-05
    4.2752962720E+04    5.3721244876E-05
    4.2766475030E+04    5.2466345675E-05
    4.2779987350E+04    5.1655199927E-05
    4.2793499660E+04    5.1037108549E-05
    4.2807011980E+04    5.1215622852E-05
    4.2820524290E+04    5.2304149842E-05
    4.2834036610E+04    5.3502338747E-05
    4.2847548920E+04    5.4304386714E-05
    4.2861061230E+04    5.4904599660E-05
    4.2874573550E+04    5.5607428659E-05
    4.2888085860E+04    5.6128939830E-05
    4.2901598180E+04    5.6497585412E-05
    4.2915110490E+04    5.6881352801E-05
    4.2928622810E+04    5.7233349767E-05
    4.2942135120E+04    5.7290082464E-05
    4.2955647440E+04    5.7055601340E-05
    4.2969159750E+04    5.6837516750E-05
    4.2982672060E+04    5.6583086059E-05
    4.2996184380E+04    5.5652404582E-05
    4.3009696690E+04    5.4532831067E-05
    4.3023209010E+04    5.3212221845E-05
    4.3036721320E+04    5.1281416203E-05
    4.3050233640E+04    4.9201325007E-05
    4.3063745950E+04    4.7225835796E-05
    4.3077258260E+04    4.5420636547E-05
    4.3090770580E+04    4.3720626065E-05
    4.3104282890E+04    4.2638866704E-05
    4.3117795210E+04    4.1728321818E-05
    4.3131307520E+04    4.1533842920E-05
    4.3144819840E+04    4.1730601166E-05
    4.3158332150E+04    4.2013391373E-05
    4.3171844470E+04    4.2385961563E-05
    4.3185356780E+04    4.2820294987E-05
    4.3198869090E+04    4.2786669541E-05
    4.3212381410E+04    4.2750214166E-05
    4.3225893720E+04    4.3152880838E-05
    4.3239406040E+04    4.3465333547E-05
    4.3252918350E+04    4.3196871322E-05
    4.3266430670E+04    4.2616467895E-05
    4.3279942980E+04    4.2132091164E-05
    4.3293455300E+04    4.1976292064E-05
    4.3306967610E+04    4.1792910133E-05
    4.3320479920E+04    4.1331025942E-05
    4.3333992240E+04    4.0846815052E-05
    4.3347504550E+04    4.0670678698E-05
    4.3361016870E+04    4.1003162476E-05
    4.3374529180E+04    4.1523817798E-05
    4.3388041500E+04    4.1827890807E-05
    4.3401553810E+04    4.1672640205E-05
    4.3415066120E+04    4.1097192277E-05
    4.3428578440E+04    4.0444089316E-05
    4.3442090750E+04    3.9558980172E-05
    4.3455603070E+04    3.8340877898E-05
    4.3469115380E+04    3.6634656263E-05
    4.3482627700E+04    3.4897236440E-05
    4.3496140010E+04    3.3320109134E-05
    4.3509652330E+04    3.2213501259E-05
    4.3523164640E+04    3.1665547149E-05
    4.3536676950E+04    3.1703067840E-05
    4.3550189270E+04    3.2113403872E-05
    4.3563701580E+04    3.2704764395E-05
    4.3577213900E+04    3.3289175142E-05
    4.3590726210E+04    3.4033039314E-05
    4.3604238530E+04    3.4759363807E-05
    4.3617750840E+04    3.5012403238E-05
    4.3631263150E+04    3.4518896336E-05
    4.3644775470E+04    3.3491388043E-05
    4.3658287780E+04    3.2178349413E-05
    4.3671800100E+04    3.0667293720E-05
    4.3685312410E+04    2.9165678055E-05
    4.3698824730E+04    2.7546739997E-05
    4.3712337040E+04    2.5948525771E-05
    4.3725849360E+04    2.4487163373E-05
    4.3739361670E+04    2.3626752287E-05
    4.3752873980E+04    2.3234389131E-05
    4.3766386300E+04    2.3374382866E-05
    4.3779898610E+04    2.3726323748E-05
    4.3793410930E+04    2.4405253169E-05
    4.3806923240E+04    2.5144631889E-05
    4.3820435560E+04    2.5826601560E-05
    4.3833947870E+04    2.6168975700E-05
    4.3847460180E+04    2.6362635651E-05
    4.3860972500E+04    2.6405849714E-05
    4.3874484810E+04    2.6197497711E-05
    4.3887997130E+04    2.5603044504E-05
    4.3901509440E+04    2.4770669261E-05
    4.3915021760E+04    2.3886735243E-05
    4.3928534070E+04    2.3007966021E-05
    4.3942046390E+04    2.2146984626E-05
    4.3955558700E+04    2.1325644456E-05
    4.3969071010E+04    2.1064058517E-05
    4.3982583330E+04    2.1314766524E-05
    4.3996095640E+04    2.1927500290E-05
    4.4009607960E+04    2.2343465375E-05
    4.4023120270E+04    2.2556191866E-05
    4.4036632590E+04    2.2775047888E-05
    4.4050144900E+04    2.3250386531E-05
    4.4063657220E+04    2.3663954192E-05
    4.4077169530E+04    2.3673954515E-05
    4.4090681840E+04    2.3528847245E-05
    4.4104194160E+04    2.3469317736E-05
    4.4117706470E+04    2.3561788952E-05
    4.4131218790E+04    2.4230724795E-05
    4.4144731100E+04    2.5127384069E-05
    4.4158243420E+04    2.5946348580E-05
    4.4171755730E+04    2.5972737329E-05
    4.4185268040E+04    2.5480313762E-05
    4.4198780360E+04    2.4379458843E-05
    4.4212292670E+04    2.3129417438E-05
    4.4225804990E+04    2.2146705513E-05
    4.4239317300E+04    2.1042686942E-05
    4.4252829620E+04    2.0167708156E-05
    4.4266341930E+04    1.9339998700E-05
    4.4279854250E+04    1.9489442397E-05
    4.4293366560E+04    2.0134306031E-05
    4.4306878870E+04    2.1288591829E-05
    4.4320391190E+04    2.2230411930E-05
    4.4333903500E+04    2.2986302570E-05
    4.4347415820E+04    2.3488515271E-05
    4.4360928130E+04    2.4107364238E-05
    4.4374440450E+04    2.5138607270E-05
    4.4387952760E+04    2.6438561903E-05
    4.4401465070E+04    2.7840784424E-05
    4.4414977390E+04    2.9144631000E-05
    4.4428489700E+04    3.0747930025E-05
    4.4442002020E+04    3.2362336689E-05
    4.4455514330E+04    3.4013447676E-05
    4.4469026650E+04    3.4770832754E-05
    4.4482538960E+04    3.4510385719E-05
    4.4496051280E+04    3.2916852412E-05
    4.4509563590E+04    3.0772442867E-05
    4.4523075900E+04    2.8309121506E-05
    4.4536588220E+04    2.5895721963E-05
    4.4550100530E+04    2.3674857391E-05
    4.4563612850E+04    2.1775815345E-05
    4.4577125160E+04    2.0833110533E-05
    4.4590637480E+04    2.0548719341E-05
    4.4604149790E+04    2.1014114679E-05
    4.4617662110E+04    2.1405014448E-05
    4.4631174420E+04    2.1985420417E-05
    4.4644686730E+04    2.2227376674E-05
    4.4658199050E+04    2.2088899816E-05
    4.4671711360E+04    2.1135592404E-05
    4.4685223680E+04    1.9606131129E-05
    4.4698735990E+04    1.8077414436E-05
    4.4712248310E+04    1.6944837057E-05
    4.4725760620E+04    1.5976145451E-05
    4.4739272930E+04    1.4680706539E-05
    4.4752785250E+04    1.3735156228E-05
    4.4766297560E+04    1.2924215467E-05
    4.4779809880E+04    1.2632036606E-05
    4.4793322190E+04    1.2263255992E-05
    4.4806834510E+04    1.2124826381E-05
    4.4820346820E+04    1.1685081811E-05
    4.4833859140E+04    1.1292520677E-05
    4.4847371450E+04    1.1074820495E-05
    4.4860883760E+04    1.0788963148E-05
    4.4874396080E+04    1.0873331658E-05
    4.4887908390E+04    1.0713676087E-05
    4.4901420710E+04    1.0799394655E-05
    4.4914933020E+04    1.1023689524E-05
    4.4928445340E+04    1.1668488592E-05
    4.4941957650E+04    1.2141783496E-05
    4.4955469960E+04    1.2500507355E-05
    4.4968982280E+04    1.2735132667E-05
    4.4982494590E+04    1.3032628015E-05
    4.4996006910E+04    1.3147388726E-05
    4.5009519220E+04    1.2558997628E-05
    4.5023031540E+04    1.1370966481E-05
    4.5036543850E+04    9.7956922086E-06
    4.5050056170E+04    8.2807929574E-06
    4.5063568480E+04    7.0030803077E-06
    4.5077080790E+04    5.8925717093E-06
    4.5090593110E+04    4.6862348336E-06
    4.5104105420E+04    3.9097626615E-06
    4.5117617740E+04    3.4424872431E-06
    4.5131130050E+04    3.2089933660E-06
    4.5144642370E+04    3.5191973661E-06
    4.5158154680E+04    4.4599243816E-06
    4.5171666990E+04    5.3838872507E-06
    4.5185179310E+04    6.2600335934E-06
    4.5198691620E+04    7.4279665877E-06
    4.5212203940E+04    8.6857150172E-06
    4.5225716250E+04    1.0028767244E-05
    4.5239228570E+04    1.1178519623E-05
    4.5252740880E+04    1.2207926764E-05
    4.5266253200E+04    1.2926784863E-05
    4.5279765510E+04    1.3355103597E-05
    4.5293277820E+04    1.3465568479E-05
    4.5306790140E+04    1.3306824708E-05
    4.5320302450E+04    1.3474843714E-05
    4.5333814770E+04    1.3816736270E-05
    4.5347327080E+04    1.4288762101E-05
    4.5360839400E+04    1.4516922448E-05
    4.5374351710E+04    1.4517871467E-05
    4.5387864030E+04    1.3838058118E-05
    4.5401376340E+04    1.2976363551E-05
    4.5414888650E+04    1.1848376025E-05
    4.5428400970E+04    1.0420149522E-05
    4.5441913280E+04    8.9704964514E-06
    4.5455425600E+04    7.5274811177E-06
    4.5468937910E+04    6.3007932688E-06
    4.5482450230E+04    5.8351593345E-06
    4.5495962540E+04    6.6638242127E-06
    4.5509474850E+04    7.8434979942E-06
    4.5522987170E+04    9.1951020852E-06
    4.5536499480E+04    1.0565029251E-05
    4.5550011800E+04    1.1884459411E-05
    4.5563524110E+04    1.3304472305E-05
    4.5577036430E+04    1.4479582987E-05
    4.5590548740E+04    1.5251869240E-05
    4.5604061060E+04    1.5551316325E-05
    4.5617573370E+04    1.5683941863E-05
    4.5631085680E+04    1.5672715236E-05
    4.5644598000E+04    1.5658751243E-05
    4.5658110310E+04    1.5838874112E-05
    4.5671622630E+04    1.5600397642E-05
    4.5685134940E+04    1.5182815379E-05
    4.5698647260E+04    1.4450796671E-05
    4.5712159570E+04    1.4157197550E-05
    4.5725671880E+04    1.4250218468E-05
    4.5739184200E+04    1.4366825567E-05
    4.5752696510E+04    1.3983671261E-05
    4.5766208830E+04    1.3208660927E-05
    4.5779721140E+04    1.2792183005E-05
    4.5793233460E+04    1.2787905766E-05
    4.5806745770E+04    1.3200656997E-05
    4.5820258090E+04    1.3360214083E-05
    4.5833770400E+04    1.3295857498E-05
    4.5847282710E+04    1.3286521551E-05
    4.5860795030E+04    1.3638309122E-05
    4.5874307340E+04    1.4388809661E-05
    4.5887819660E+04    1.5085426785E-05
    4.5901331970E+04    1.5431627111E-05
    4.5914844290E+04    1.4628021059E-05
    4.5928356600E+04    1.3341872236E-05
    4.5941868910E+04    1.2335793421E-05
    4.5955381230E+04    1.1856710492E-05
    4.5968893540E+04    1.1695424927E-05
    4.5982405860E+04    1.1217889731E-05
    4.5995918170E+04    1.0541343467E-05
    4.6009430490E+04    9.9376480575E-06
    4.6022942800E+04    1.0155416251E-05
    4.6036455120E+04    1.0482207687E-05
    4.6049967430E+04    1.0504793392E-05
    4.6063479740E+04    1.0142506925E-05
    4.6076992060E+04    9.4781556194E-06
    4.6090504370E+04    8.7762167303E-06
    4.6104016690E+04    8.0835036920E-06
    4.6117529000E+04    7.5420702067E-06
    4.6131041320E+04    7.0383149865E-06
    4.6144553630E+04    6.5172825140E-06
    4.6158065950E+04    5.8951440144E-06
    4.6171578260E+04    5.1994926848E-06
    4.6185090570E+04    4.9457924033E-06
    4.6198602890E+04    4.8774540270E-06
    4.6212115200E+04    4.8772589540E-06
    4.6225627520E+04    4.6714877450E-06
    4.6239139830E+04    4.5664469929E-06
    4.6252652150E+04    4.7324053006E-06
    4.6266164460E+04    4.9682224971E-06
    4.6279676770E+04    5.2321684890E-06
    4.6293189090E+04    5.1543690186E-06
    4.6306701400E+04    5.1375707990E-06
    4.6320213720E+04    5.1715484897E-06
    4.6333726030E+04    5.2082011350E-06
    4.6347238350E+04    4.9794894688E-06
    4.6360750660E+04    4.6836187354E-06
    4.6374262980E+04    4.7048581025E-06
    4.6387775290E+04    4.6202623773E-06
    4.6401287600E+04    4.4912939922E-06
    4.6414799920E+04    4.2517204454E-06
    4.6428312230E+04    4.1244038703E-06
    4.6441824550E+04    4.0883434045E-06
    4.6455336860E+04    4.2785618255E-06
    4.6468849180E+04    4.3869202062E-06
    4.6482361490E+04    3.9068177728E-06
    4.6495873800E+04    3.4378069118E-06
    4.6509386120E+04    2.9777439490E-06
    4.6522898430E+04    2.4773275349E-06
    4.6536410750E+04    1.8542334586E-06
    4.6549923060E+04    1.2498378472E-06
    4.6563435380E+04    1.0844503336E-06
    4.6576947690E+04    1.1169845853E-06
    4.6590460010E+04    1.4964882769E-06
    4.6603972320E+04    1.8469415507E-06
    4.6617484630E+04    1.8477515546E-06
    4.6630996950E+04    1.8462288487E-06
    4.6644509260E+04    1.8489684543E-06
    4.6658021580E+04    1.8954586558E-06
    4.6671533890E+04    1.4886214312E-06
    4.6685046210E+04    9.5809481253E-07
    4.6698558520E+04    4.8533072240E-07
    4.6712070830E+04    1.3569145581E-07
    4.6725583150E+04    1.6733999630E-07
    4.6739095460E+04    2.8630785613E-07
    4.6752607780E+04    3.9711055249E-07
    4.6766120090E+04    5.8225359240E-07
    4.6779632410E+04    9.7997652171E-07
    4.6793144720E+04    1.8414511478E-06
    4.6806657040E+04    2.4724679935E-06
    4.6820169350E+04    2.8280051692E-06
    4.6833681660E+04    3.1294385807E-06
    4.6847193980E+04    3.2171613328E-06
    4.6860706290E+04    3.1776430722E-06
    4.6874218610E+04    3.0528038941E-06
    4.6887730920E+04    2.8580283155E-06
    4.6901243240E+04    2.5281785167E-06
    4.6914755550E+04    2.6632476720E-06
    4.6928267870E+04    3.4700022721E-06
    4.6941780180E+04    4.2249287053E-06
    4.6955292490E+04    5.1555161004E-06
    4.6968804810E+04    6.1805969494E-06
    4.6982317120E+04    7.0363580603E-06
    4.6995829440E+04    7.0987574394E-06
    4.7009341750E+04    6.6808729694E-06
    4.7022854070E+04    6.0085819428E-06
    4.7036366380E+04    4.9642203644E-06
    4.7049878690E+04    4.0360015176E-06
    4.7063391010E+04    3.0471150059E-06
    4.7076903320E+04    2.1512952216E-06
    4.7090415640E+04    1.8181616145E-06
    4.7103927950E+04    2.2939975721E-06
    4.7117440270E+04    2.9004612186E-06
    4.7130952580E+04    3.2365955061E-06
    4.7144464900E+04    3.2542960855E-06
    4.7157977210E+04    3.2777938108E-06
    4.7171489520E+04    3.2018481572E-06
    4.7185001840E+04    2.9996391870E-06
    4.7198514150E+04    2.3712151332E-06
    4.7212026470E+04    1.5939518285E-06
    4.7225538780E+04    1.3174540925E-06
    4.7239051100E+04    1.3779295710E-06
    4.7252563410E+04    1.6184895353E-06
    4.7266075720E+04    1.6970203305E-06
    4.7279588040E+04    1.8565825058E-06
    4.7293100350E+04    1.9953921599E-06
    4.7306612670E+04    2.0824677209E-06
    4.7320124980E+04    2.1495521730E-06
    4.7333637300E+04    1.8576567774E-06
    4.7347149610E+04    1.6763944272E-06
    4.7360661930E+04    1.4886873886E-06
    4.7374174240E+04    1.2730690506E-06
    4.7387686550E+04    1.0377606047E-06
    4.7401198870E+04    8.9003970820E-07
    4.7414711180E+04    8.0054340583E-07
    4.7428223500E+04    6.9933501426E-07
    4.7441735810E+04    5.6970175318E-07
    4.7455248130E+04    4.6183257301E-07
    4.7468760440E+04    7.1275003785E-07
    4.7482272760E+04    1.1814763373E-06
    4.7495785070E+04    1.4827200358E-06
    4.7509297380E+04    1.5903022966E-06
    4.7522809700E+04    1.6138311692E-06
    4.7536322010E+04    1.6118929057E-06
    4.7549834330E+04    1.5917272521E-06
    4.7563346640E+04    1.3949368056E-06
    4.7576858960E+04    9.6194743684E-07
    4.7590371270E+04    6.6685817686E-07
    4.7603883580E+04    5.3705843415E-07
    4.7617395900E+04    4.5386632036E-07
    4.7630908210E+04    4.2864704750E-07
    4.7644420530E+04    4.3202195849E-07
    4.7657932840E+04    5.7479190673E-07
    4.7671445160E+04    6.9079848833E-07
    4.7684957470E+04    6.9669790775E-07
    4.7698469790E+04    4.7590329984E-07
    4.7711982100E+04    3.1993884813E-07
    4.7725494410E+04    4.5758676847E-07
    4.7739006730E+04    5.8813171020E-07
    4.7752519040E+04    6.8858885196E-07
    4.7766031360E+04    6.2968559326E-07
    4.7779543670E+04    6.6852534031E-07
    4.7793055990E+04    8.1103412430E-07
    4.7806568300E+04    8.7639653529E-07
    4.7820080610E+04    9.2666352630E-07
    4.7833592930E+04    8.5820788548E-07
    4.7847105240E+04    1.0433397721E-06
    4.7860617560E+04    1.6580152978E-06
    4.7874129870E+04    2.3844812491E-06
    4.7887642190E+04    3.1627711408E-06
    4.7901154500E+04    3.9018363116E-06
    4.7914666820E+04    4.7056824244E-06
    4.7928179130E+04    5.3983593600E-06
    4.7941691440E+04    5.8796232021E-06
    4.7955203760E+04    6.0127378953E-06
    4.7968716070E+04    5.6784147514E-06
    4.7982228390E+04    5.2705456457E-06
    4.7995740700E+04    4.7377205958E-06
    4.8009253020E+04    4.2339779912E-06
    4.8022765330E+04    3.8473110791E-06
    4.8036277640E+04    3.7391710055E-06
    4.8049789960E+04    3.7238683245E-06
    4.8063302270E+04    3.4773585041E-06
    4.8076814590E+04    3.1736017739E-06
    4.8090326900E+04    2.9443555035E-06
    4.8103839220E+04    2.8325843165E-06
    4.8117351530E+04    2.8199647943E-06
    4.8130863850E+04    2.6866471753E-06
    4.8144376160E+04    2.3422486791E-06
    4.8157888470E+04    2.1636987943E-06
    4.8171400790E+04    2.3750093241E-06
    4.8184913100E+04    2.6729925787E-06
    4.8198425420E+04    2.7791099781E-06
    4.8211937730E+04    2.6930159824E-06
    4.8225450050E+04    2.5476408283E-06
    4.8238962360E+04    2.3567106270E-06
    4.8252474680E+04    2.1121826874E-06
    4.8265986990E+04    1.7648012676E-06
    4.8279499300E+04    1.3788171114E-06
    4.8293011620E+04    1.1626586577E-06
    4.8306523930E+04    1.2676520566E-06
    4.8320036250E+04    1.4078212851E-06
    4.8333548560E+04    1.3900499117E-06
    4.8347060880E+04    1.3568635044E-06
    4.8360573190E+04    1.3920666950E-06
    4.8374085500E+04    1.3702629587E-06
    4.8387597820E+04    1.3383053717E-06
    4.8401110130E+04    1.1748779292E-06
    4.8414622450E+04    8.5217496513E-07
    4.8428134760E+04    7.7951259831E-07
    4.8441647080E+04    1.1639421910E-06
    4.8455159390E+04    1.5465111861E-06
    4.8468671710E+04    1.8730834324E-06
    4.8482184020E+04    2.2236830358E-06
    4.8495696330E+04    2.7407064785E-06
    4.8509208650E+04    3.3263764924E-06
    4.8522720960E+04    3.7494093767E-06
    4.8536233280E+04    3.8008784623E-06
    4.8549745590E+04    3.4058029390E-06
    4.8563257910E+04    3.1456335146E-06
    4.8576770220E+04    3.0162810084E-06
    4.8590282530E+04    2.9757418089E-06
    4.8603794850E+04    2.8669268673E-06
    4.8617307160E+04    2.8239192977E-06
    4.8630819480E+04    3.0223906300E-06
    4.8644331790E+04    3.4770541689E-06
    4.8657844110E+04    3.9796464189E-06
    4.8671356420E+04    4.3199924604E-06
    4.8684868740E+04    4.5042408668E-06
    4.8698381050E+04    4.6005151926E-06
    4.8711893360E+04    4.5971621894E-06
    4.8725405680E+04    4.5638169843E-06
    4.8738917990E+04    4.5620172554E-06
    4.8752430310E+04    4.7624157611E-06
    4.8765942620E+04    5.0671260947E-06
    4.8779454940E+04    5.4336023747E-06
    4.8792967250E+04    5.8964465797E-06
    4.8806479560E+04    6.4963471568E-06
    4.8819991880E+04    7.3623090594E-06
    4.8833504190E+04    8.0894905560E-06
    4.8847016510E+04    8.5199963429E-06
    4.8860528820E+04    8.5654786628E-06
    4.8874041140E+04    8.5773794755E-06
    4.8887553450E+04    8.8860299226E-06
    4.8901065770E+04    9.2899073148E-06
    4.8914578080E+04    9.5264652075E-06
    4.8928090390E+04    9.4380855971E-06
    4.8941602710E+04    9.3486137867E-06
    4.8955115020E+04    9.5868958203E-06
    4.8968627340E+04    1.0051530313E-05
    4.8982139650E+04    1.0538858090E-05
    4.8995651970E+04    1.0810287337E-05
    4.9009164280E+04    1.1029978144E-05
    4.9022676600E+04    1.1266201395E-05
    4.9036188910E+04    1.1427658561E-05
    4.9049701220E+04    1.1334932563E-05
    4.9063213540E+04    1.1031143113E-05
    4.9076725850E+04    1.0755702749E-05
    4.9090238170E+04    1.0635941489E-05
    4.9103750480E+04    1.0663816935E-05
    4.9117262800E+04    1.0391885815E-05
    4.9130775110E+04    1.0031099321E-05
    4.9144287420E+04    9.7717439855E-06
    4.9157799740E+04    9.8797182014E-06
    4.9171312050E+04    1.0169897215E-05
    4.9184824370E+04    1.0348175220E-05
    4.9198336680E+04    1.0412490373E-05
    4.9211849000E+04    1.0364058364E-05
    4.9225361310E+04    1.0521836338E-05
    4.9238873630E+04    1.0667964421E-05
    4.9252385940E+04    1.0781620385E-05
    4.9265898250E+04    1.0765937502E-05
    4.9279410570E+04    1.0932495420E-05
    4.9292922880E+04    1.1365272539E-05
    4.9306435200E+04    1.1746599062E-05
    4.9319947510E+04    1.1812896352E-05
    4.9333459830E+04    1.1552661060E-05
    4.9346972140E+04    1.1163333881E-05
    4.9360484450E+04    1.0644201167E-05
    4.9373996770E+04    9.9919225027E-06
    4.9387509080E+04    8.9452967327E-06
    4.9401021400E+04    7.7389505415E-06
    4.9414533710E+04    6.8907841803E-06
    4.9428046030E+04    6.7140461301E-06
    4.9441558340E+04    6.8984920129E-06
    4.9455070660E+04    7.2591411034E-06
    4.9468582970E+04    7.6562233882E-06
    4.9482095280E+04    8.1289385557E-06
    4.9495607600E+04    8.6523283994E-06
    4.9509119910E+04    8.7379817388E-06
    4.9522632230E+04    8.4821885002E-06
    4.9536144540E+04    7.9182747575E-06
    4.9549656860E+04    7.4910226921E-06
    4.9563169170E+04    7.2725968458E-06
    4.9576681480E+04    7.3169469295E-06
    4.9590193800E+04    7.4035864603E-06
    4.9603706110E+04    7.5237897215E-06
    4.9617218430E+04    8.0625896728E-06
    4.9630730740E+04    8.6470256545E-06
    4.9644243060E+04    9.1379669039E-06
    4.9657755370E+04    9.1458530829E-06
    4.9671267690E+04    8.8589196212E-06
    4.9684780000E+04    8.4558723734E-06
    4.9698292310E+04    8.1515279273E-06
    4.9711804630E+04    7.9304629069E-06
    4.9725316940E+04    7.6209792830E-06
    4.9738829260E+04    7.2849191152E-06
    4.9752341570E+04    7.0932282902E-06
    4.9765853890E+04    7.3187718199E-06
    4.9779366200E+04    7.4635216732E-06
    4.9792878520E+04    6.8249536822E-06
    4.9806390830E+04    6.0429341216E-06
    4.9819903140E+04    5.1535658100E-06
    4.9833415460E+04    4.2485195269E-06
    4.9846927770E+04    3.3563640351E-06
    4.9860440090E+04    2.6442896998E-06
    4.9873952400E+04    2.0198369799E-06
    4.9887464720E+04    1.8639605858E-06
    4.9900977030E+04    2.6762927268E-06
    4.9914489340E+04    3.6927328593E-06
    4.9928001660E+04    4.7062774415E-06
    4.9941513970E+04    5.5349005759E-06
    4.9955026290E+04    6.2231013733E-06
    4.9968538600E+04    6.5436098994E-06
    4.9982050920E+04    6.6607994515E-06
    4.9995563230E+04    6.4110898823E-06
    5.0009075550E+04    5.9510837960E-06
    5.0022587860E+04    5.5173730620E-06
    5.0036100170E+04    5.2850227574E-06
    5.0049612490E+04    5.5139661536E-06
    5.0063124800E+04    5.6853179964E-06
    5.0076637120E+04    5.6974177454E-06
    5.0090149430E+04    5.5615268057E-06
    5.0103661750E+04    5.4927773931E-06
    5.0117174060E+04    5.5333260628E-06
    5.0130686370E+04    5.3803124493E-06
    5.0144198690E+04    4.9752889372E-06
    5.0157711000E+04    4.3034969835E-06
    5.0171223320E+04    3.8457175053E-06
    5.0184735630E+04    3.5856804060E-06
    5.0198247950E+04    3.5180757975E-06
    5.0211760260E+04    3.2251661232E-06
    5.0225272580E+04    2.8794182565E-06
    5.0238784890E+04    2.6712790868E-06
    5.0252297200E+04    2.5520334979E-06
    5.0265809520E+04    2.3740094589E-06
    5.0279321830E+04    1.9217530346E-06
    5.0292834150E+04    1.4596498941E-06
    5.0306346460E+04    1.0145593782E-06
    5.0319858780E+04    1.2104182828E-06
    5.0333371090E+04    1.5057595148E-06
    5.0346883410E+04    2.0689124091E-06
    5.0360395720E+04    2.6040144194E-06
    5.0373908030E+04    3.1425174627E-06
    5.0387420350E+04    3.8148105743E-06
    5.0400932660E+04    4.3264881766E-06
    5.0414444980E+04    4.7136292186E-06
    5.0427957290E+04    4.7688573279E-06
    5.0441469610E+04    4.7505558386E-06
    5.0454981920E+04    4.4480903159E-06
    5.0468494230E+04    4.1268228067E-06
    5.0482006550E+04    3.5881294629E-06
    5.0495518860E+04    2.9370103132E-06
    5.0509031180E+04    2.4187194511E-06
    5.0522543490E+04    2.0167951914E-06
    5.0536055810E+04    1.6261749139E-06
    5.0549568120E+04    1.1955660713E-06
    5.0563080440E+04    7.2187425131E-07
    5.0576592750E+04    2.6253831072E-07
    5.0590105060E+04    4.1339834602E-08
    5.0603617380E+04    1.0011763198E-08
    5.0617129690E+04    7.7959946954E-08
    5.0630642010E+04    7.9022854792E-08
    5.0644154320E+04    7.8812968380E-08
    5.0657666640E+04    7.8602477058E-08
    5.0671178950E+04    7.8391360356E-08
    5.0684691260E+04    7.8179596585E-08
    5.0698203580E+04    7.7953938507E-08
    5.0711715890E+04    7.1459508418E-08
    5.0725228210E+04    4.0923610074E-09
    5.0738740520E+04    2.8165310764E-09
    5.0752252840E+04    2.8086995355E-09
    5.0765765150E+04    2.9090077453E-09
    5.0779277470E+04    1.2024757856E-08
    5.0792789780E+04    1.1392018256E-07
    5.0806302090E+04    1.9541772619E-07
    5.0819814410E+04    2.0801097536E-07
    5.0833326720E+04    2.0769858444E-07
    5.0846839040E+04    2.0709636641E-07
    5.0860351350E+04    2.0649225549E-07
    5.0873863670E+04    2.0578027634E-07
    5.0887375980E+04    1.9625966194E-07
    5.0900888290E+04    9.6095877542E-08
    5.0914400610E+04    1.5932551579E-08
    5.0927912920E+04    1.1820507701E-08
    5.0941425240E+04    2.2329699909E-07
    5.0954937550E+04    5.7353163504E-07
    5.0968449870E+04    1.0277871229E-06
    5.0981962180E+04    1.4242919205E-06
    5.0995474500E+04    1.5108165259E-06
