###   Wavelength (A)        Transmission
    2.0004663860E+04    1.4296781358E-12
    2.0026105090E+04    1.0247919484E-12
    2.0047546320E+04    6.7280734319E-13
    2.0068987540E+04    2.0196794410E-13
    2.0090428770E+04    1.4039362582E-14
    2.0111869990E+04    3.6726390962E-15
    2.0133311220E+04    2.2393281198E-14
    2.0154752450E+04    2.7269777746E-13
    2.0176193670E+04    4.6281803340E-13
    2.0197634900E+04    7.6825061296E-13
    2.0219076120E+04    1.0517742422E-12
    2.0240517350E+04    1.3253615497E-12
    2.0261958580E+04    1.0078973310E-12
    2.0283399800E+04    8.9352682020E-13
    2.0304841030E+04    3.2015567537E-13
    2.0326282250E+04    1.5740871863E-14
    2.0347723480E+04    1.8640037124E-15
    2.0369164710E+04    1.8459794676E-15
    2.0390605930E+04    1.8457797591E-15
    2.0412047160E+04    1.8764133176E-15
    2.0433488380E+04    1.9005072011E-15
    2.0454929610E+04    1.9389461887E-15
    2.0476370840E+04    1.9923269372E-15
    2.0497812060E+04    3.2179558676E-15
    2.0519253290E+04    2.1462466619E-14
    2.0540694510E+04    1.6649414799E-13
    2.0562135740E+04    2.8837873081E-13
    2.0583576970E+04    5.0591435606E-13
    2.0605018190E+04    6.5241542572E-13
    2.0626459420E+04    8.1815290890E-13
    2.0647900640E+04    8.5270525095E-13
    2.0669341870E+04    8.0283381911E-13
    2.0690783100E+04    8.5525435770E-13
    2.0712224320E+04    1.1648569795E-12
    2.0733665550E+04    1.9732027280E-12
    2.0755106770E+04    1.5970281645E-12
    2.0776548000E+04    1.6822986325E-12
    2.0797989230E+04    1.7986949131E-12
    2.0819430450E+04    1.9145527852E-12
    2.0840871680E+04    5.4277306154E-13
    2.0862312900E+04    4.7911592713E-14
    2.0883754130E+04    1.5195938310E-14
    2.0905195360E+04    1.8312776686E-14
    2.0926636580E+04    2.2236045182E-14
    2.0948077810E+04    1.1785123150E-13
    2.0969519030E+04    1.8459034636E-12
    2.0990960260E+04    7.8363506518E-12
    2.1012401490E+04    1.1032026978E-11
    2.1033842710E+04    1.5837102399E-11
    2.1055283940E+04    2.4203344630E-11
    2.1076725160E+04    3.6345890425E-11
    2.1098166390E+04    1.7698644329E-11
    2.1119607620E+04    7.4688722525E-12
    2.1141048840E+04    6.4390107736E-12
    2.1162490070E+04    9.6442743311E-12
    2.1183931290E+04    8.0132048606E-12
    2.1205372520E+04    8.9110103528E-13
    2.1226813750E+04    1.8307210598E-13
    2.1248254970E+04    1.5494782789E-13
    2.1269696200E+04    1.4896472934E-13
    2.1291137420E+04    1.4264694087E-13
    2.1312578650E+04    1.3717941527E-13
    2.1334019880E+04    1.3177141364E-13
    2.1355461100E+04    1.2708423602E-13
    2.1376902330E+04    1.2367039595E-13
    2.1398343550E+04    1.2080756832E-13
    2.1419784780E+04    1.1827379304E-13
    2.1441226010E+04    1.1674383643E-13
    2.1462667230E+04    1.1577264088E-13
    2.1484108460E+04    1.1536724462E-13
    2.1505549680E+04    4.1330073889E-13
    2.1526990910E+04    3.5316764634E-12
    2.1548432140E+04    3.2175460376E-12
    2.1569873360E+04    3.9212025232E-13
    2.1591314590E+04    1.2736270221E-13
    2.1612755810E+04    3.0956297534E-13
    2.1634197040E+04    1.1780464671E-12
    2.1655638270E+04    8.7538241731E-13
    2.1677079490E+04    1.8810889419E-12
    2.1698520720E+04    5.3365299478E-12
    2.1719961940E+04    7.2274543397E-13
    2.1741403170E+04    1.7504342350E-13
    2.1762844400E+04    4.2367803397E-13
    2.1784285620E+04    3.3070756022E-12
    2.1805726850E+04    6.6175745588E-12
    2.1827168070E+04    8.4947183227E-13
    2.1848609300E+04    2.1233103167E-13
    2.1870050530E+04    7.1395106398E-13
    2.1891491750E+04    6.6721933504E-12
    2.1912932980E+04    3.0217404465E-11
    2.1934374200E+04    4.1650485664E-11
    2.1955815430E+04    5.7755153038E-11
    2.1977256660E+04    5.2414718266E-11
    2.1998697880E+04    5.3329683027E-11
    2.2020139110E+04    2.5444790464E-11
    2.2041580330E+04    3.1186034353E-12
    2.2063021560E+04    5.2406820068E-13
    2.2084462790E+04    5.7879255993E-13
    2.2105904010E+04    6.7704904841E-13
    2.2127345240E+04    9.3427666701E-13
    2.2148786460E+04    1.7810742003E-12
    2.2170227690E+04    4.0794226329E-12
    2.2191668920E+04    1.3288370666E-11
    2.2213110140E+04    4.6230971093E-11
    2.2234551370E+04    1.3191687155E-10
    2.2255992590E+04    3.4032690489E-10
    2.2277433820E+04    1.1378733081E-09
    2.2298875050E+04    7.8722739617E-10
    2.2320316270E+04    5.3291644115E-10
    2.2341757500E+04    4.5564774956E-10
    2.2363198720E+04    5.8469948866E-10
    2.2384639950E+04    1.3474556651E-09
    2.2406081180E+04    1.5194823615E-09
    2.2427522400E+04    1.9246800522E-09
    2.2448963630E+04    2.3808787491E-09
    2.2470404850E+04    2.2895987190E-09
    2.2491846080E+04    2.5453709506E-09
    2.2513287310E+04    2.0958173360E-09
    2.2534728530E+04    2.3541822625E-09
    2.2556169760E+04    3.3346602345E-09
    2.2577610980E+04    2.2760647438E-09
    2.2599052210E+04    1.5439114347E-09
    2.2620493440E+04    1.0075664644E-09
    2.2641934660E+04    6.3346289212E-10
    2.2663375890E+04    3.9635036812E-10
    2.2684817110E+04    1.3491505842E-10
    2.2706258340E+04    5.7105547239E-11
    2.2727699570E+04    8.2765401839E-11
    2.2749140790E+04    1.0438802820E-09
    2.2770582020E+04    1.5304214981E-08
    2.2792023240E+04    2.4062103238E-08
    2.2813464470E+04    1.7020616344E-08
    2.2834905700E+04    1.2004547439E-08
    2.2856346920E+04    1.2184209969E-08
    2.2877788150E+04    1.7228378784E-08
    2.2899229370E+04    2.3214489274E-08
    2.2920670600E+04    2.8768166483E-08
    2.2942111830E+04    3.6998383981E-08
    2.2963553050E+04    4.3245522068E-08
    2.2984994280E+04    5.6773347020E-08
    2.3006435500E+04    8.8313472910E-08
    2.3027876730E+04    1.0615395264E-07
    2.3049317960E+04    1.2917177759E-07
    2.3070759180E+04    8.7662152898E-08
    2.3092200410E+04    6.6681000016E-08
    2.3113641630E+04    6.2608510689E-08
    2.3135082860E+04    8.8771876132E-08
    2.3156524090E+04    1.3721657145E-07
    2.3177965310E+04    2.0664080110E-07
    2.3199406540E+04    2.3325487186E-07
    2.3220847760E+04    3.0262869317E-07
    2.3242288990E+04    5.1706560926E-07
    2.3263730220E+04    7.9377495104E-07
    2.3285171440E+04    1.2320862026E-06
    2.3306612670E+04    1.3320577825E-06
    2.3328053890E+04    1.4176260839E-06
    2.3349495120E+04    1.5743791924E-06
    2.3370936350E+04    1.6729574413E-06
    2.3392377570E+04    1.8522415566E-06
    2.3413818800E+04    2.0066052575E-06
    2.3435260020E+04    2.1316954481E-06
    2.3456701250E+04    2.5114239834E-06
    2.3478142480E+04    2.7463987399E-06
    2.3499583700E+04    2.3813385047E-06
    2.3521024930E+04    2.0813605539E-06
    2.3542466150E+04    2.1637377314E-06
    2.3563907380E+04    2.3205901912E-06
    2.3585348610E+04    2.2981485225E-06
    2.3606789830E+04    1.8427320962E-06
    2.3628231060E+04    1.7449922550E-06
    2.3649672280E+04    1.7509371903E-06
    2.3671113510E+04    1.8541704937E-06
    2.3692554740E+04    1.9541007966E-06
    2.3713995960E+04    1.9130662572E-06
    2.3735437190E+04    1.7869220667E-06
    2.3756878410E+04    1.6555170495E-06
    2.3778319640E+04    1.9347750857E-06
    2.3799760870E+04    2.3512279957E-06
    2.3821202090E+04    2.8337139625E-06
    2.3842643320E+04    3.0714923443E-06
    2.3864084540E+04    3.3362006885E-06
    2.3885525770E+04    3.5556507466E-06
    2.3906967000E+04    3.5221951011E-06
    2.3928408220E+04    3.5116637022E-06
    2.3949849450E+04    3.6530701591E-06
    2.3971290670E+04    4.0174882456E-06
    2.3992731900E+04    4.7006897381E-06
    2.4014173130E+04    4.9365089298E-06
    2.4035614350E+04    4.4460453260E-06
    2.4057055580E+04    4.1118003714E-06
    2.4078496800E+04    4.1330158039E-06
    2.4099938030E+04    4.2277833471E-06
    2.4121379260E+04    4.3248512467E-06
    2.4142820480E+04    3.9804278418E-06
    2.4164261710E+04    3.6625917724E-06
    2.4185702930E+04    3.4345807511E-06
    2.4207144160E+04    3.7544404459E-06
    2.4228585390E+04    4.3212682787E-06
    2.4250026610E+04    4.8716045631E-06
    2.4271467840E+04    4.0137337090E-06
    2.4292909060E+04    3.4372743925E-06
    2.4314350290E+04    2.9186506531E-06
    2.4335791520E+04    2.4385080151E-06
    2.4357232740E+04    2.0710193203E-06
    2.4378673970E+04    2.1606961237E-06
    2.4400115190E+04    2.8182179855E-06
    2.4421556420E+04    3.7779956295E-06
    2.4442997650E+04    3.0848576794E-06
    2.4464438870E+04    2.7309732456E-06
    2.4485880100E+04    2.7811305475E-06
    2.4507321320E+04    2.9847945734E-06
    2.4528762550E+04    3.2774420428E-06
    2.4550203780E+04    3.6757271106E-06
    2.4571645000E+04    3.0968080734E-06
    2.4593086230E+04    2.4104359968E-06
    2.4614527450E+04    1.8955100623E-06
    2.4635968680E+04    2.1605226712E-06
    2.4657409910E+04    2.6745383799E-06
    2.4678851130E+04    3.3098907798E-06
    2.4700292360E+04    3.4983401170E-06
    2.4721733580E+04    3.6159785148E-06
    2.4743174810E+04    3.7412690243E-06
    2.4764616040E+04    3.2697485929E-06
    2.4786057260E+04    2.8183949490E-06
    2.4807498490E+04    2.4294596485E-06
    2.4828939710E+04    2.4980188654E-06
    2.4850380940E+04    2.5902604774E-06
    2.4871822170E+04    2.6854477357E-06
    2.4893263390E+04    2.3364198245E-06
    2.4914704620E+04    2.0271287174E-06
    2.4936145840E+04    1.7588764708E-06
    2.4957587070E+04    2.0828285233E-06
    2.4979028300E+04    4.1326321141E-06
    2.5000469520E+04    3.3678256293E-06
    2.5021910750E+04    7.6083083704E-06
    2.5038318560E+04    7.6282639936E-06
    2.5051830870E+04    1.7183909313E-06
    2.5065343190E+04    6.7224511990E-06
    2.5078855500E+04    5.8465299250E-06
    2.5092367820E+04    7.3144081342E-06
    2.5105880130E+04    6.1200406508E-06
    2.5119392440E+04    6.0303234495E-06
    2.5132904760E+04    6.9860746751E-06
    2.5146417070E+04    7.1182830454E-06
    2.5159929390E+04    7.7413442721E-06
    2.5173441700E+04    5.8273882319E-06
    2.5186954020E+04    1.2261900642E-05
    2.5200466330E+04    7.4335836193E-06
    2.5213978650E+04    9.0747304904E-06
    2.5227490960E+04    6.0201137486E-06
    2.5241003270E+04    9.2301934680E-06
    2.5254515590E+04    8.4910060311E-06
    2.5268027900E+04    8.0001752734E-06
    2.5281540220E+04    4.8434175693E-06
    2.5295052530E+04    8.0998073778E-06
    2.5308564850E+04    3.9755886615E-06
    2.5322077160E+04    7.3704423729E-06
    2.5335589480E+04    6.4454544236E-06
    2.5349101790E+04    8.2083482964E-06
    2.5362614100E+04    7.0506269835E-06
    2.5376126420E+04    9.6241478131E-06
    2.5389638730E+04    1.0148442286E-05
    2.5403151050E+04    2.5204028125E-06
    2.5416663360E+04    3.3222867579E-06
    2.5430175680E+04    5.9999230644E-06
    2.5443687990E+04    7.3149560716E-06
    2.5457200300E+04    2.9193170344E-06
    2.5470712620E+04    3.7825129901E-06
    2.5484224930E+04    2.5328529171E-06
    2.5497737250E+04    7.3625356328E-06
    2.5511249560E+04    9.3420399045E-06
    2.5524761880E+04    7.4811225016E-06
    2.5538274190E+04    8.5944906872E-06
    2.5551786510E+04    6.6786202851E-06
    2.5565298820E+04    3.4339985613E-06
    2.5578811130E+04    4.4119889045E-06
    2.5592323450E+04    6.7339055722E-06
    2.5605835760E+04    7.4380329230E-06
    2.5619348080E+04    1.1890537673E-05
    2.5632860390E+04    8.6726672914E-06
    2.5646372710E+04    5.5854105412E-06
    2.5659885020E+04    5.2975721242E-06
    2.5673397330E+04    4.1596854187E-06
    2.5686909650E+04    5.6494104450E-06
    2.5700421960E+04    5.0463950744E-06
    2.5713934280E+04    5.2398934024E-06
    2.5727446590E+04    6.1845186237E-06
    2.5740958910E+04    7.2903615493E-06
    2.5754471220E+04    6.6056362076E-06
    2.5767983540E+04    6.1491402446E-06
    2.5781495850E+04    9.3815396133E-06
    2.5795008160E+04    8.4045567296E-06
    2.5808520480E+04    7.1437256581E-06
    2.5822032790E+04    9.0856898225E-06
    2.5835545110E+04    7.9944335772E-06
    2.5849057420E+04    5.9704765352E-06
    2.5862569740E+04    8.5831526564E-06
    2.5876082050E+04    6.7604615970E-06
    2.5889594370E+04    9.2798685897E-06
    2.5903106680E+04    1.0825679747E-05
    2.5916618990E+04    8.4258913073E-06
    2.5930131310E+04    4.9865738838E-06
    2.5943643620E+04    3.1715054897E-06
    2.5957155940E+04    6.6743849052E-06
    2.5970668250E+04    8.0392316253E-06
    2.5984180570E+04    9.0127449941E-06
    2.5997692880E+04    5.7902715320E-06
    2.6011205190E+04    6.3022673468E-06
    2.6024717510E+04    4.5240017335E-06
    2.6038229820E+04    7.7882212809E-06
    2.6051742140E+04    6.9791836120E-06
    2.6065254450E+04    3.9305491677E-06
    2.6078766770E+04    5.3558370050E-06
    2.6092279080E+04    4.0590479193E-06
    2.6105791400E+04    7.8307662178E-06
    2.6119303710E+04    8.9843142608E-06
    2.6132816020E+04    6.7981536364E-06
    2.6146328340E+04    5.4663968100E-06
    2.6159840650E+04    6.9815310884E-06
    2.6173352970E+04    6.7882251665E-06
    2.6186865280E+04    7.6468970863E-06
    2.6200377600E+04    6.3004126333E-06
    2.6213889910E+04    7.5298856983E-06
    2.6227402220E+04    6.6740299173E-06
    2.6240914540E+04    6.9612739628E-06
    2.6254426850E+04    4.3087922604E-06
    2.6267939170E+04    3.1561103518E-06
    2.6281451480E+04    7.3753698131E-06
    2.6294963800E+04    1.2072627990E-05
    2.6308476110E+04    9.6347976748E-06
    2.6321988430E+04    1.0253611747E-05
    2.6335500740E+04    7.6761608097E-06
    2.6349013050E+04    9.8118982052E-06
    2.6362525370E+04    1.0198851830E-05
    2.6376037680E+04    1.2143703343E-05
    2.6389550000E+04    7.2118729283E-06
    2.6403062310E+04    4.3440278318E-06
    2.6416574630E+04    2.9761168391E-06
    2.6430086940E+04    7.9135817050E-06
    2.6443599250E+04    7.4420326510E-06
    2.6457111570E+04    8.4873451263E-06
    2.6470623880E+04    8.9153241276E-06
    2.6484136200E+04    9.0038592383E-06
    2.6497648510E+04    7.5582237596E-06
    2.6511160830E+04    2.8603866524E-06
    2.6524673140E+04    4.2306906541E-06
    2.6538185460E+04    5.7820078447E-06
    2.6551697770E+04    3.6964589154E-06
    2.6565210080E+04    3.5638375174E-06
    2.6578722400E+04    5.6755989842E-06
    2.6592234710E+04    1.1108582508E-05
    2.6605747030E+04    7.1435215716E-06
    2.6619259340E+04    5.3746188459E-06
    2.6632771660E+04    9.2307480363E-06
    2.6646283970E+04    9.4604151184E-06
    2.6659796290E+04    8.6244131922E-06
    2.6673308600E+04    6.6707655088E-06
    2.6686820910E+04    6.4805066642E-06
    2.6700333230E+04    5.8620954162E-06
    2.6713845540E+04    5.7455037260E-06
    2.6727357860E+04    5.1855446584E-06
    2.6740870170E+04    7.2702666403E-06
    2.6754382490E+04    9.7068689047E-06
    2.6767894800E+04    7.8797933911E-06
    2.6781407110E+04    8.4504814326E-06
    2.6794919430E+04    9.3087874688E-06
    2.6808431740E+04    7.8188189967E-06
    2.6821944060E+04    1.0724303659E-05
    2.6835456370E+04    8.2225406934E-06
    2.6848968690E+04    7.5258584422E-06
    2.6862481000E+04    7.8627154803E-06
    2.6875993320E+04    5.8572169708E-06
    2.6889505630E+04    7.3345479681E-06
    2.6903017940E+04    4.5136125917E-06
    2.6916530260E+04    6.7986388042E-06
    2.6930042570E+04    7.0403891410E-06
    2.6943554890E+04    8.4897250381E-06
    2.6957067200E+04    6.5387604535E-06
    2.6970579520E+04    5.1385806928E-06
    2.6984091830E+04    6.0720537747E-06
    2.6997604140E+04    4.4214836461E-06
    2.7011116460E+04    7.2233820099E-06
    2.7024628770E+04    8.2116984668E-06
    2.7038141090E+04    9.0853360183E-06
    2.7051653400E+04    5.6148911083E-06
    2.7065165720E+04    3.8683858701E-06
    2.7078678030E+04    3.5387937397E-06
    2.7092190350E+04    6.6273463590E-06
    2.7105702660E+04    5.7589540490E-06
    2.7119214970E+04    5.8203058995E-06
    2.7132727290E+04    6.6819090461E-06
    2.7146239600E+04    4.9074921056E-06
    2.7159751920E+04    2.7539877328E-06
    2.7173264230E+04    3.5871378455E-06
    2.7186776550E+04    7.1255351484E-06
    2.7200288860E+04    5.7999126230E-06
    2.7213801170E+04    4.1300901054E-06
    2.7227313490E+04    5.6161722841E-06
    2.7240825800E+04    4.7484369862E-06
    2.7254338120E+04    6.0599669912E-06
    2.7267850430E+04    6.2291599044E-06
    2.7281362750E+04    2.1225051123E-06
    2.7294875060E+04    4.5294636109E-06
    2.7308387380E+04    4.3459173104E-06
    2.7321899690E+04    3.3804381159E-07
    2.7335412000E+04    7.7172172141E-07
    2.7348924320E+04    1.2447752290E-06
    2.7362436630E+04    2.6892882581E-06
    2.7375948950E+04    5.1295963936E-06
    2.7389461260E+04    2.8897693289E-06
    2.7402973580E+04    1.5216332097E-06
    2.7416485890E+04    1.9377431956E-06
    2.7429998210E+04    5.6823132480E-06
    2.7443510520E+04    2.4150553334E-06
    2.7457022830E+04    2.4695106023E-06
    2.7470535150E+04    3.5582489785E-06
    2.7484047460E+04    2.1502163553E-06
    2.7497559780E+04    3.0182308211E-06
    2.7511072090E+04    3.0588543225E-06
    2.7524584410E+04    1.5269283227E-06
    2.7538096720E+04    4.0350449067E-07
    2.7551609030E+04    3.7717673170E-06
    2.7565121350E+04    4.1517143953E-06
    2.7578633660E+04    3.2907724331E-06
    2.7592145980E+04    2.4874494550E-06
    2.7605658290E+04    2.5750784727E-06
    2.7619170610E+04    4.1549376001E-06
    2.7632682920E+04    2.2080468022E-07
    2.7646195240E+04    2.3896140362E-08
    2.7659707550E+04    2.5403719381E-06
    2.7673219860E+04    2.1063290809E-06
    2.7686732180E+04    8.0169966040E-07
    2.7700244490E+04    1.8766779030E-06
    2.7713756810E+04    2.6280669956E-06
    2.7727269120E+04    2.0863228048E-06
    2.7740781440E+04    3.7096280169E-07
    2.7754293750E+04    1.9416188288E-06
    2.7767806060E+04    1.9126108194E-06
    2.7781318380E+04    5.3186644393E-08
    2.7794830690E+04    2.2712199839E-08
    2.7808343010E+04    1.8709336221E-08
    2.7821855320E+04    4.9184183934E-06
    2.7835367640E+04    6.9685932143E-07
    2.7848879950E+04    5.4625225293E-07
    2.7862392270E+04    1.3842928238E-06
    2.7875904580E+04    9.6350592562E-07
    2.7889416890E+04    2.5109424168E-06
    2.7902929210E+04    4.0979599800E-07
    2.7916441520E+04    4.5684019983E-07
    2.7929953840E+04    1.4805672247E-06
    2.7943466150E+04    1.1678860666E-07
    2.7956978470E+04    2.2499074016E-06
    2.7970490780E+04    3.6740832362E-06
    2.7984003090E+04    6.7758116642E-07
    2.7997515410E+04    5.0108657116E-07
    2.8011027720E+04    4.3575671784E-09
    2.8024540040E+04    4.3595492615E-09
    2.8038052350E+04    3.9009582034E-07
    2.8051564670E+04    2.7747696336E-06
    2.8065076980E+04    2.8815467443E-06
    2.8078589300E+04    2.6073568899E-06
    2.8092101610E+04    1.1257669654E-06
    2.8105613920E+04    1.5250918374E-06
    2.8119126240E+04    8.9118478411E-07
    2.8132638550E+04    2.5742333385E-06
    2.8146150870E+04    2.5585235684E-06
    2.8159663180E+04    1.7868951184E-06
    2.8173175500E+04    1.0213470419E-06
    2.8186687810E+04    3.3738077212E-06
    2.8200200130E+04    1.2171627719E-06
    2.8213712440E+04    6.7368270083E-09
    2.8227224750E+04    4.3553769410E-09
    2.8240737070E+04    1.2733326747E-06
    2.8254249380E+04    1.8323540638E-06
    2.8267761700E+04    3.0780997406E-06
    2.8281274010E+04    1.6650544916E-06
    2.8294786330E+04    1.6332252507E-06
    2.8308298640E+04    4.0833480014E-06
    2.8321810950E+04    3.4829009319E-06
    2.8335323270E+04    6.1659389920E-07
    2.8348835580E+04    1.4497206795E-06
    2.8362347900E+04    3.3481797559E-06
    2.8375860210E+04    3.0518768346E-06
    2.8389372530E+04    4.4175917437E-08
    2.8402884840E+04    1.1762246261E-06
    2.8416397160E+04    9.8402459936E-07
    2.8429909470E+04    1.5067676031E-06
    2.8443421780E+04    1.4414493235E-06
    2.8456934100E+04    1.5256417347E-06
    2.8470446410E+04    4.9236353303E-09
    2.8483958730E+04    1.2836329884E-07
    2.8497471040E+04    5.5709569564E-08
    2.8510983360E+04    3.9501312755E-07
    2.8524495670E+04    1.3160779660E-06
    2.8538007980E+04    1.7656963562E-06
    2.8551520300E+04    1.7906571766E-07
    2.8565032610E+04    4.2877583783E-09
    2.8578544930E+04    4.2831137047E-09
    2.8592057240E+04    4.2682396348E-08
    2.8605569560E+04    3.0718362665E-07
    2.8619081870E+04    4.2666846273E-09
    2.8632594190E+04    4.2638478291E-09
    2.8646106500E+04    7.7292098688E-09
    2.8659618810E+04    4.3291191283E-09
    2.8673131130E+04    4.2608299068E-09
    2.8686643440E+04    4.2584313948E-09
    2.8700155760E+04    5.2977791757E-09
    2.8713668070E+04    7.1103850003E-09
    2.8727180390E+04    4.2529487903E-09
    2.8740692700E+04    2.1086908870E-07
    2.8754205010E+04    3.8118527819E-08
    2.8767717330E+04    4.2486536825E-09
    2.8781229640E+04    4.2473063451E-09
    2.8794741960E+04    5.7253558661E-07
    2.8808254270E+04    4.2446320068E-09
    2.8821766590E+04    4.2432553221E-09
    2.8835278900E+04    4.2418626973E-09
    2.8848791220E+04    4.2404437831E-09
    2.8862303530E+04    4.2339229489E-09
    2.8875815840E+04    4.2324084446E-09
    2.8889328160E+04    4.2308325408E-09
    2.8902840470E+04    4.2294439004E-09
    2.8916352790E+04    1.3133843196E-06
    2.8929865100E+04    1.8145410980E-06
    2.8943377420E+04    6.6023832761E-07
    2.8956889730E+04    8.2184020211E-08
    2.8970402050E+04    4.2308565560E-09
    2.8983914360E+04    4.2297963099E-09
    2.8997426670E+04    7.3084254173E-07
    2.9010938990E+04    7.2503316366E-09
    2.9024451300E+04    4.2236852479E-09
    2.9037963620E+04    4.2208856509E-09
    2.9051475930E+04    4.2179206048E-09
    2.9064988250E+04    1.6876904824E-08
    2.9078500560E+04    4.2114922952E-09
    2.9092012870E+04    4.2080298694E-09
    2.9105525190E+04    4.2018942817E-09
    2.9119037500E+04    4.9613670705E-09
    2.9132549820E+04    2.4797407067E-07
    2.9146062130E+04    8.3727327422E-07
    2.9159574450E+04    3.2051431067E-06
    2.9173086760E+04    2.1394746431E-08
    2.9186599080E+04    4.1787041624E-09
    2.9200111390E+04    4.1747516363E-09
    2.9213623700E+04    4.1689113822E-09
    2.9227136020E+04    6.0274474027E-07
    2.9240648330E+04    1.6205914263E-06
    2.9254160650E+04    2.3860220438E-06
    2.9267672960E+04    2.1206934823E-06
    2.9281185280E+04    2.0567528847E-06
    2.9294697590E+04    6.7296373178E-07
    2.9308209900E+04    4.6488763597E-09
    2.9321722220E+04    1.5273402973E-06
    2.9335234530E+04    4.3265857241E-06
    2.9348746850E+04    2.9425375243E-06
    2.9362259160E+04    5.0614946376E-06
    2.9375771480E+04    2.0453608430E-06
    2.9389283790E+04    1.4224854072E-06
    2.9402796110E+04    3.5446764304E-06
    2.9416308420E+04    6.5272308004E-06
    2.9429820730E+04    1.7945191181E-06
    2.9443333050E+04    1.4590436384E-06
    2.9456845360E+04    1.8742314625E-06
    2.9470357680E+04    2.6998431020E-06
    2.9483869990E+04    2.2304917370E-06
    2.9497382310E+04    3.0234111017E-06
    2.9510894620E+04    5.3521125996E-06
    2.9524406940E+04    4.8769595096E-06
    2.9537919250E+04    1.7135466719E-06
    2.9551431560E+04    2.8862510067E-06
    2.9564943880E+04    3.8524213367E-06
    2.9578456190E+04    2.0907824829E-06
    2.9591968510E+04    1.7295902744E-06
    2.9605480820E+04    3.0159874188E-06
    2.9618993140E+04    3.9019748338E-06
    2.9632505450E+04    2.9854305398E-06
    2.9646017760E+04    1.4803968226E-06
    2.9659530080E+04    3.4175471726E-06
    2.9673042390E+04    3.7338437835E-06
    2.9686554710E+04    3.4100959775E-06
    2.9700067020E+04    2.7255185291E-06
    2.9713579340E+04    5.1827252821E-06
    2.9727091650E+04    2.9589530514E-06
    2.9740603970E+04    1.6531067958E-06
    2.9754116280E+04    1.1915558989E-06
    2.9767628590E+04    2.8230119142E-06
    2.9781140910E+04    2.9211875642E-06
    2.9794653220E+04    5.3903565386E-07
    2.9808165540E+04    8.2555793358E-07
    2.9821677850E+04    3.1523274456E-06
    2.9835190170E+04    1.0498525725E-06
    2.9848702480E+04    1.5006101096E-07
    2.9862214790E+04    3.1316195318E-08
    2.9875727110E+04    2.5766861804E-06
    2.9889239420E+04    5.5219962265E-06
    2.9902751740E+04    5.7656972840E-06
    2.9916264050E+04    6.5418171741E-06
    2.9929776370E+04    7.5077753195E-06
    2.9943288680E+04    5.1746862217E-06
    2.9956801000E+04    2.3461829795E-06
    2.9970313310E+04    1.4506343358E-06
    2.9983825620E+04    2.7570762229E-06
    2.9997337940E+04    4.1264318920E-06
    3.0010850250E+04    5.3219731138E-06
    3.0024362570E+04    5.7782321264E-06
    3.0037874880E+04    6.9298405426E-06
    3.0051387200E+04    5.2009412584E-06
    3.0064899510E+04    2.6484662534E-06
    3.0078411820E+04    7.8657141243E-07
    3.0091924140E+04    3.4150748089E-06
    3.0105436450E+04    5.8482733223E-06
    3.0118948770E+04    6.4206028549E-06
    3.0132461080E+04    6.1685594250E-06
    3.0145973400E+04    6.3459356018E-06
    3.0159485710E+04    7.0420308964E-06
    3.0172998030E+04    6.7987442874E-06
    3.0186510340E+04    6.0026858300E-06
    3.0200022650E+04    5.8155190319E-06
    3.0213534970E+04    5.5156304520E-06
    3.0227047280E+04    4.3304274716E-06
    3.0240559600E+04    2.6147940379E-06
    3.0254071910E+04    3.6877641437E-06
    3.0267584230E+04    5.7479052827E-06
    3.0281096540E+04    6.7050528565E-06
    3.0294608860E+04    5.8379430285E-06
    3.0308121170E+04    3.6808826389E-06
    3.0321633480E+04    2.9138588336E-06
    3.0335145800E+04    4.6154498852E-06
    3.0348658110E+04    4.0811790842E-06
    3.0362170430E+04    2.6342309849E-06
    3.0375682740E+04    3.7448475689E-06
    3.0389195060E+04    4.7267611730E-06
    3.0402707370E+04    4.3947106342E-06
    3.0416219680E+04    5.5157451991E-06
    3.0429732000E+04    6.2493167171E-06
    3.0443244310E+04    5.8916772472E-06
    3.0456756630E+04    5.0857467057E-06
    3.0470268940E+04    4.9987150891E-06
    3.0483781260E+04    8.1472105685E-06
    3.0497293570E+04    6.4354446557E-06
    3.0510805890E+04    6.3788550761E-06
    3.0524318200E+04    4.7631505295E-06
    3.0537830510E+04    4.8495397517E-06
    3.0551342830E+04    5.5781975352E-06
    3.0564855140E+04    5.5430999678E-06
    3.0578367460E+04    6.8048441823E-06
    3.0591879770E+04    6.1982194645E-06
    3.0605392090E+04    6.7811261718E-06
    3.0618904400E+04    8.3491056226E-06
    3.0632416710E+04    8.8407750639E-06
    3.0645929030E+04    7.9734620151E-06
    3.0659441340E+04    5.5513111244E-06
    3.0672953660E+04    4.2467955667E-06
    3.0686465970E+04    5.1185823279E-06
    3.0699978290E+04    5.9655263770E-06
    3.0713490600E+04    6.2041865340E-06
    3.0727002920E+04    6.0340047599E-06
    3.0740515230E+04    6.5480868262E-06
    3.0754027540E+04    5.9131984358E-06
    3.0767539860E+04    7.8216023556E-06
    3.0781052170E+04    8.3791481589E-06
    3.0794564490E+04    7.7360954209E-06
    3.0808076800E+04    8.1998435360E-06
    3.0821589120E+04    7.7430024368E-06
    3.0835101430E+04    6.4981104870E-06
    3.0848613740E+04    7.6335790633E-06
    3.0862126060E+04    8.7128880262E-06
    3.0875638370E+04    1.0027416700E-05
    3.0889150690E+04    9.7900249559E-06
    3.0902663000E+04    8.4702266462E-06
    3.0916175320E+04    8.2343521107E-06
    3.0929687630E+04    9.7035013338E-06
    3.0943199950E+04    1.0283398725E-05
    3.0956712260E+04    1.0559842798E-05
    3.0970224570E+04    1.1502767060E-05
    3.0983736890E+04    1.0925947411E-05
    3.0997249200E+04    1.0236950660E-05
    3.1010761520E+04    1.2479810536E-05
    3.1024273830E+04    1.2184453543E-05
    3.1037786150E+04    1.0804471989E-05
    3.1051298460E+04    1.1081977201E-05
    3.1064810780E+04    1.2622021483E-05
    3.1078323090E+04    1.3049325030E-05
    3.1091835400E+04    1.1042193348E-05
    3.1105347720E+04    1.1450724212E-05
    3.1118860030E+04    1.4355007351E-05
    3.1132372350E+04    1.3604703060E-05
    3.1145884660E+04    1.2747940299E-05
    3.1159396980E+04    1.4572446502E-05
    3.1172909290E+04    1.5396624316E-05
    3.1186421600E+04    1.5774694662E-05
    3.1199933920E+04    1.4006586517E-05
    3.1213446230E+04    1.2278859518E-05
    3.1226958550E+04    1.5648728601E-05
    3.1240470860E+04    1.5295267344E-05
    3.1253983180E+04    1.5050620835E-05
    3.1267495490E+04    1.3911378795E-05
    3.1281007810E+04    1.4382096390E-05
    3.1294520120E+04    1.6937974935E-05
    3.1308032430E+04    1.6320022051E-05
    3.1321544750E+04    1.6570822558E-05
    3.1335057060E+04    1.7700416978E-05
    3.1348569380E+04    2.0743541385E-05
    3.1362081690E+04    2.5023784264E-05
    3.1375594010E+04    2.4230314064E-05
    3.1389106320E+04    2.6546530708E-05
    3.1402618630E+04    2.7475616682E-05
    3.1416130950E+04    2.7669243917E-05
    3.1429643260E+04    3.0278429794E-05
    3.1443155580E+04    3.2979055755E-05
    3.1456667890E+04    3.5504903088E-05
    3.1470180210E+04    3.4139273598E-05
    3.1483692520E+04    3.2900707115E-05
    3.1497204840E+04    3.4752653774E-05
    3.1510717150E+04    3.6442636555E-05
    3.1524229460E+04    3.6481687202E-05
    3.1537741780E+04    3.8542236762E-05
    3.1551254090E+04    4.2518571413E-05
    3.1564766410E+04    4.3815297158E-05
    3.1578278720E+04    4.2639616707E-05
    3.1591791040E+04    4.3028865101E-05
    3.1605303350E+04    4.5733900729E-05
    3.1618815660E+04    5.0079886879E-05
    3.1632327980E+04    5.0895476952E-05
    3.1645840290E+04    4.8491809689E-05
    3.1659352610E+04    4.8623157391E-05
    3.1672864920E+04    5.3277530939E-05
    3.1686377240E+04    5.7254050483E-05
    3.1699889550E+04    5.9194718136E-05
    3.1713401870E+04    5.9422122550E-05
    3.1726914180E+04    5.9914728148E-05
    3.1740426490E+04    5.9278281945E-05
    3.1753938810E+04    5.9839967884E-05
    3.1767451120E+04    6.1695385876E-05
    3.1780963440E+04    6.4473412934E-05
    3.1794475750E+04    6.5182276648E-05
    3.1807988070E+04    6.3749452569E-05
    3.1821500380E+04    6.5052919634E-05
    3.1835012700E+04    6.4762619323E-05
    3.1848525010E+04    6.3124365318E-05
    3.1862037320E+04    6.1717712465E-05
    3.1875549640E+04    6.3856943387E-05
    3.1889061950E+04    6.3735141211E-05
    3.1902574270E+04    6.2963079005E-05
    3.1916086580E+04    6.1919919369E-05
    3.1929598900E+04    6.2091910715E-05
    3.1943111210E+04    6.5040342395E-05
    3.1956623520E+04    6.5647767261E-05
    3.1970135840E+04    6.6000211396E-05
    3.1983648150E+04    6.3269244653E-05
    3.1997160470E+04    5.8855109192E-05
    3.2010672780E+04    5.8579892880E-05
    3.2024185100E+04    6.4699509786E-05
    3.2037697410E+04    6.4618732315E-05
    3.2051209730E+04    6.0743419730E-05
    3.2064722040E+04    6.1254400277E-05
    3.2078234350E+04    6.2413883611E-05
    3.2091746670E+04    6.2784127456E-05
    3.2105258980E+04    6.5916697562E-05
    3.2118771300E+04    6.9437251339E-05
    3.2132283610E+04    6.7393825905E-05
    3.2145795930E+04    6.6583962030E-05
    3.2159308240E+04    6.6279009004E-05
    3.2172820550E+04    6.7220300982E-05
    3.2186332870E+04    6.9371605844E-05
    3.2199845180E+04    6.9312110249E-05
    3.2213357500E+04    6.7878775242E-05
    3.2226869810E+04    6.8043994656E-05
    3.2240382130E+04    6.8352558856E-05
    3.2253894440E+04    6.9046805491E-05
    3.2267406760E+04    7.0245604734E-05
    3.2280919070E+04    7.3012977261E-05
    3.2294431380E+04    7.7225144533E-05
    3.2307943700E+04    7.7057445973E-05
    3.2321456010E+04    7.5799775544E-05
    3.2334968330E+04    7.4836999211E-05
    3.2348480640E+04    7.5023411135E-05
    3.2361992960E+04    7.5836460372E-05
    3.2375505270E+04    8.0067770311E-05
    3.2389017590E+04    8.3446125410E-05
    3.2402529900E+04    8.2640116527E-05
    3.2416042210E+04    8.4274746356E-05
    3.2429554530E+04    8.6393901280E-05
    3.2443066840E+04    9.0838515055E-05
    3.2456579160E+04    9.6124206468E-05
    3.2470091470E+04    1.0032376565E-04
    3.2483603790E+04    1.0209756099E-04
    3.2497116100E+04    1.0249851724E-04
    3.2510628410E+04    1.0898210743E-04
    3.2524140730E+04    1.1495001559E-04
    3.2537653040E+04    1.1712813654E-04
    3.2551165360E+04    1.2000746808E-04
    3.2564677670E+04    1.2694534163E-04
    3.2578189990E+04    1.3480491604E-04
    3.2591702300E+04    1.3831930098E-04
    3.2605214620E+04    1.4421564409E-04
    3.2618726930E+04    1.5502933251E-04
    3.2632239240E+04    1.6767214881E-04
    3.2645751560E+04    1.7907973921E-04
    3.2659263870E+04    1.8856352684E-04
    3.2672776190E+04    1.9701797155E-04
    3.2686288500E+04    2.0769994835E-04
    3.2699800820E+04    2.2188636307E-04
    3.2713313130E+04    2.3901330246E-04
    3.2726825440E+04    2.5455817659E-04
    3.2740337760E+04    2.6789604085E-04
    3.2753850070E+04    2.8721413671E-04
    3.2767362390E+04    3.1129828578E-04
    3.2780874700E+04    3.3798126785E-04
    3.2794387020E+04    3.6720314544E-04
    3.2807899330E+04    3.9790410640E-04
    3.2821411650E+04    4.3068331983E-04
    3.2834923960E+04    4.6793507204E-04
    3.2848436270E+04    5.0886389134E-04
    3.2861948590E+04    5.5270750485E-04
    3.2875460900E+04    6.0202536174E-04
    3.2888973220E+04    6.5982825303E-04
    3.2902485530E+04    7.2843957099E-04
    3.2915997850E+04    8.0002773334E-04
    3.2929510160E+04    8.7739290178E-04
    3.2943022470E+04    9.6675789980E-04
    3.2956534790E+04    1.0657216969E-03
    3.2970047100E+04    1.1755401622E-03
    3.2983559420E+04    1.2976043734E-03
    3.2997071730E+04    1.4291407172E-03
    3.3010584050E+04    1.5721034733E-03
    3.3024096360E+04    1.7330715230E-03
    3.3037608680E+04    1.9065851066E-03
    3.3051120990E+04    2.0907049926E-03
    3.3064633300E+04    2.2864628774E-03
    3.3078145620E+04    2.4919449154E-03
    3.3091657930E+04    2.7130853255E-03
    3.3105170250E+04    2.9455468975E-03
    3.3118682560E+04    3.1831049998E-03
    3.3132194880E+04    3.4213771937E-03
    3.3145707190E+04    3.6631912929E-03
    3.3159219510E+04    3.9002910741E-03
    3.3172731820E+04    4.1303933821E-03
    3.3186244130E+04    4.3556749093E-03
    3.3199756450E+04    4.5750701519E-03
    3.3213268760E+04    4.7868558031E-03
    3.3226781080E+04    4.9814609174E-03
    3.3240293390E+04    5.1605820876E-03
    3.3253805710E+04    5.3246527824E-03
    3.3267318020E+04    5.4766901864E-03
    3.3280830330E+04    5.6187212452E-03
    3.3294342650E+04    5.7514119703E-03
    3.3307854960E+04    5.8732385671E-03
    3.3321367280E+04    5.9852494220E-03
    3.3334879590E+04    6.0905583980E-03
    3.3348391910E+04    6.1972468448E-03
    3.3361904220E+04    6.2960956057E-03
    3.3375416540E+04    6.3927739444E-03
    3.3388928850E+04    6.4928260835E-03
    3.3402441160E+04    6.5939661310E-03
    3.3415953480E+04    6.6858123387E-03
    3.3429465790E+04    6.7856096487E-03
    3.3442978110E+04    6.8933066549E-03
    3.3456490420E+04    7.0083921042E-03
    3.3470002740E+04    7.1310709233E-03
    3.3483515050E+04    7.2681506976E-03
    3.3497027360E+04    7.4189462490E-03
    3.3510539680E+04    7.5544596378E-03
    3.3524051990E+04    7.6951803673E-03
    3.3537564310E+04    7.8557857739E-03
    3.3551076620E+04    8.0297162784E-03
    3.3564588940E+04    8.2127620718E-03
    3.3578101250E+04    8.4130133584E-03
    3.3591613570E+04    8.6370649039E-03
    3.3605125880E+04    8.9141546647E-03
    3.3618638190E+04    9.2688515971E-03
    3.3632150510E+04    9.6531786630E-03
    3.3645662820E+04    1.0071476104E-02
    3.3659175140E+04    1.0525193491E-02
    3.3672687450E+04    1.1017952930E-02
    3.3686199770E+04    1.1549437204E-02
    3.3699712080E+04    1.2127272203E-02
    3.3713224390E+04    1.2862834299E-02
    3.3726736710E+04    1.3674580796E-02
    3.3740249020E+04    1.4572663818E-02
    3.3753761340E+04    1.5530146056E-02
    3.3767273650E+04    1.6575381671E-02
    3.3780785970E+04    1.7718069104E-02
    3.3794298280E+04    1.8970586719E-02
    3.3807810600E+04    2.0270662645E-02
    3.3821322910E+04    2.1640137952E-02
    3.3834835220E+04    2.3136820570E-02
    3.3848347540E+04    2.4772170374E-02
    3.3861859850E+04    2.6563508649E-02
    3.3875372170E+04    2.8525955802E-02
    3.3888884480E+04    3.0683706348E-02
    3.3902396800E+04    3.3032115633E-02
    3.3915909110E+04    3.5511014563E-02
    3.3929421430E+04    3.8227997001E-02
    3.3942933740E+04    4.1212226808E-02
    3.3956446050E+04    4.4479414850E-02
    3.3969958370E+04    4.8047045916E-02
    3.3983470680E+04    5.1948795256E-02
    3.3996983000E+04    5.6220587693E-02
    3.4010495310E+04    6.0892260029E-02
    3.4024007630E+04    6.5985115105E-02
    3.4037519940E+04    7.1535759961E-02
    3.4051032250E+04    7.7592224476E-02
    3.4064544570E+04    8.4180986242E-02
    3.4078056880E+04    9.1327635606E-02
    3.4091569200E+04    9.9081387119E-02
    3.4105081510E+04    1.0755251853E-01
    3.4118593830E+04    1.1659137764E-01
    3.4132106140E+04    1.2626618851E-01
    3.4145618460E+04    1.3656339226E-01
    3.4159130770E+04    1.4763215746E-01
    3.4172643080E+04    1.5916677110E-01
    3.4186155400E+04    1.7122816199E-01
    3.4199667710E+04    1.8372697660E-01
    3.4213180030E+04    1.9671429938E-01
    3.4226692340E+04    2.0997837646E-01
    3.4240204660E+04    2.2339153020E-01
    3.4253716970E+04    2.3681423743E-01
    3.4267229280E+04    2.5005741546E-01
    3.4280741600E+04    2.6291467358E-01
    3.4294253910E+04    2.7532491369E-01
    3.4307766230E+04    2.8710232810E-01
    3.4321278540E+04    2.9815394856E-01
    3.4334790860E+04    3.0844617100E-01
    3.4348303170E+04    3.1779888194E-01
    3.4361815490E+04    3.2629273216E-01
    3.4375327800E+04    3.3390135599E-01
    3.4388840110E+04    3.4061016545E-01
    3.4402352430E+04    3.4641957411E-01
    3.4415864740E+04    3.5121985222E-01
    3.4429377060E+04    3.5524908452E-01
    3.4442889370E+04    3.5904703794E-01
    3.4456401690E+04    3.6183476967E-01
    3.4469914000E+04    3.6410971692E-01
    3.4483426310E+04    3.6609595583E-01
    3.4496938630E+04    3.6780922026E-01
    3.4510450940E+04    3.6914067252E-01
    3.4523963260E+04    3.7028908555E-01
    3.4537475570E+04    3.7126016522E-01
    3.4550987890E+04    3.7210253190E-01
    3.4564500200E+04    3.7286263822E-01
    3.4578012520E+04    3.7358928009E-01
    3.4591524830E+04    3.7429294623E-01
    3.4605037140E+04    3.7512966818E-01
    3.4618549460E+04    3.7619812634E-01
    3.4632061770E+04    3.7730893241E-01
    3.4645574090E+04    3.7849862407E-01
    3.4659086400E+04    3.7976715342E-01
    3.4672598720E+04    3.8112465846E-01
    3.4686111030E+04    3.8257214765E-01
    3.4699623350E+04    3.8411254670E-01
    3.4713135660E+04    3.8549073213E-01
    3.4726647970E+04    3.8694871978E-01
    3.4740160290E+04    3.8850283362E-01
    3.4753672600E+04    3.9013403030E-01
    3.4767184920E+04    3.9216999600E-01
    3.4780697230E+04    3.9408558642E-01
    3.4794209550E+04    3.9612566120E-01
    3.4807721860E+04    3.9847547533E-01
    3.4821234170E+04    4.0074534069E-01
    3.4834746490E+04    4.0305743937E-01
    3.4848258800E+04    4.0541478747E-01
    3.4861771120E+04    4.0780278231E-01
    3.4875283430E+04    4.1022167155E-01
    3.4888795750E+04    4.1264931286E-01
    3.4902308060E+04    4.1508969044E-01
    3.4915820380E+04    4.1762370558E-01
    3.4929332690E+04    4.2012016116E-01
    3.4942845000E+04    4.2258138482E-01
    3.4956357320E+04    4.2499620340E-01
    3.4969869630E+04    4.2735839225E-01
    3.4983381950E+04    4.2966184945E-01
    3.4996894260E+04    4.3187261020E-01
    3.5010406580E+04    4.3395808987E-01
    3.5023918890E+04    4.3593766090E-01
    3.5037431200E+04    4.3782160417E-01
    3.5050943520E+04    4.3961451845E-01
    3.5064455830E+04    4.4129830748E-01
    3.5077968150E+04    4.4330478937E-01
    3.5091480460E+04    4.4489760950E-01
    3.5104992780E+04    4.4655134033E-01
    3.5118505090E+04    4.4814255953E-01
    3.5132017410E+04    4.4935569025E-01
    3.5145529720E+04    4.5045302094E-01
    3.5159042030E+04    4.5143743751E-01
    3.5172554350E+04    4.5232136319E-01
    3.5186066660E+04    4.5312467010E-01
    3.5199578980E+04    4.5382338396E-01
    3.5213091290E+04    4.5436773274E-01
    3.5226603610E+04    4.5483661742E-01
    3.5240115920E+04    4.5523830499E-01
    3.5253628240E+04    4.5557357474E-01
    3.5267140550E+04    4.5582783345E-01
    3.5280652860E+04    4.5601949560E-01
    3.5294165180E+04    4.5616262714E-01
    3.5307677490E+04    4.5621498963E-01
    3.5321189810E+04    4.5621856891E-01
    3.5334702120E+04    4.5619639856E-01
    3.5348214440E+04    4.5658875664E-01
    3.5361726750E+04    4.5662907494E-01
    3.5375239060E+04    4.5656087823E-01
    3.5388751380E+04    4.5649638429E-01
    3.5402263690E+04    4.5641053276E-01
    3.5415776010E+04    4.5622187114E-01
    3.5429288320E+04    4.5654459284E-01
    3.5442800640E+04    4.5645376531E-01
    3.5456312950E+04    4.5636542839E-01
    3.5469825270E+04    4.5631882335E-01
    3.5483337580E+04    4.5630833143E-01
    3.5496849890E+04    4.5635136866E-01
    3.5510362210E+04    4.5642609260E-01
    3.5523874520E+04    4.5704642762E-01
    3.5537386840E+04    4.5720933088E-01
    3.5550899150E+04    4.5741702202E-01
    3.5564411470E+04    4.5769854129E-01
    3.5577923780E+04    4.5804743172E-01
    3.5591436090E+04    4.5845667489E-01
    3.5604948410E+04    4.5895600110E-01
    3.5618460720E+04    4.5957193796E-01
    3.5631973040E+04    4.6026269407E-01
    3.5645485350E+04    4.6103046787E-01
    3.5658997670E+04    4.6184977482E-01
    3.5672509980E+04    4.6271648612E-01
    3.5686022300E+04    4.6394637940E-01
    3.5699534610E+04    4.6511406928E-01
    3.5713046920E+04    4.6605539371E-01
    3.5726559240E+04    4.6702976878E-01
    3.5740071550E+04    4.6803966870E-01
    3.5753583870E+04    4.6906729125E-01
    3.5767096180E+04    4.7010818724E-01
    3.5780608500E+04    4.7170089341E-01
    3.5794120810E+04    4.7276183819E-01
    3.5807633120E+04    4.7379225018E-01
    3.5821145440E+04    4.7479990141E-01
    3.5834657750E+04    4.7578619607E-01
    3.5848170070E+04    4.7721557872E-01
    3.5861682380E+04    4.7827398999E-01
    3.5875194700E+04    4.7919582050E-01
    3.5888707010E+04    4.8008113028E-01
    3.5902219330E+04    4.8090458710E-01
    3.5915731640E+04    4.8162618454E-01
    3.5929243950E+04    4.8228776319E-01
    3.5942756270E+04    4.8287817660E-01
    3.5956268580E+04    4.8342068034E-01
    3.5969780900E+04    4.8389198376E-01
    3.5983293210E+04    4.8428914029E-01
    3.5996805530E+04    4.8462057542E-01
    3.6010317840E+04    4.8489638828E-01
    3.6023830160E+04    4.8512416195E-01
    3.6037342470E+04    4.8568661875E-01
    3.6050854780E+04    4.8589352869E-01
    3.6064367100E+04    4.8587926274E-01
    3.6077879410E+04    4.8578831391E-01
    3.6091391730E+04    4.8562036896E-01
    3.6104904040E+04    4.8535594187E-01
    3.6118416360E+04    4.8497361860E-01
    3.6131928670E+04    4.8453271989E-01
    3.6145440980E+04    4.8402922755E-01
    3.6158953300E+04    4.8345764171E-01
    3.6172465610E+04    4.8284152414E-01
    3.6185977930E+04    4.8217721085E-01
    3.6199490240E+04    4.8197697503E-01
    3.6213002560E+04    4.8124615333E-01
    3.6226514870E+04    4.8044080721E-01
    3.6240027190E+04    4.7961462871E-01
    3.6253539500E+04    4.7877680746E-01
    3.6267051810E+04    4.7792034870E-01
    3.6280564130E+04    4.7706323880E-01
    3.6294076440E+04    4.7619294391E-01
    3.6307588760E+04    4.7535276315E-01
    3.6321101070E+04    4.7456397180E-01
    3.6334613390E+04    4.7378415430E-01
    3.6348125700E+04    4.7301979244E-01
    3.6361638010E+04    4.7228121054E-01
    3.6375150330E+04    4.7156749631E-01
    3.6388662640E+04    4.7089301120E-01
    3.6402174960E+04    4.7026961395E-01
    3.6415687270E+04    4.6976335850E-01
    3.6429199590E+04    4.6932686120E-01
    3.6442711900E+04    4.6892841854E-01
    3.6456224220E+04    4.6858308938E-01
    3.6469736530E+04    4.6830190917E-01
    3.6483248840E+04    4.6806765495E-01
    3.6496761160E+04    4.6826580605E-01
    3.6510273470E+04    4.6838917268E-01
    3.6523785790E+04    4.6839927216E-01
    3.6537298100E+04    4.6848431005E-01
    3.6550810420E+04    4.6863489817E-01
    3.6564322730E+04    4.6884485872E-01
    3.6577835040E+04    4.6913174512E-01
    3.6591347360E+04    4.6947686906E-01
    3.6604859670E+04    4.6985527865E-01
    3.6618371990E+04    4.7025783266E-01
    3.6631884300E+04    4.7070706610E-01
    3.6645396620E+04    4.7121616246E-01
    3.6658908930E+04    4.7179049735E-01
    3.6672421250E+04    4.7241315846E-01
    3.6685933560E+04    4.7309171013E-01
    3.6699445870E+04    4.7431233506E-01
    3.6712958190E+04    4.7516110880E-01
    3.6726470500E+04    4.7602676948E-01
    3.6739982820E+04    4.7692703634E-01
    3.6753495130E+04    4.7786088276E-01
    3.6767007450E+04    4.7883236404E-01
    3.6780519760E+04    4.7981999830E-01
    3.6794032080E+04    4.8083049715E-01
    3.6807544390E+04    4.8186262266E-01
    3.6821056700E+04    4.8289653907E-01
    3.6834569020E+04    4.8398987949E-01
    3.6848081330E+04    4.8508991789E-01
    3.6861593650E+04    4.8617210164E-01
    3.6875105960E+04    4.8725506470E-01
    3.6888618280E+04    4.8832277343E-01
    3.6902130590E+04    4.8935466682E-01
    3.6915642900E+04    4.9027975144E-01
    3.6929155220E+04    4.9118074013E-01
    3.6942667530E+04    4.9262198284E-01
    3.6956179850E+04    4.9347973655E-01
    3.6969692160E+04    4.9430064422E-01
    3.6983204480E+04    4.9508955691E-01
    3.6996716790E+04    4.9585014423E-01
    3.7010229110E+04    4.9656637725E-01
    3.7023741420E+04    4.9724690732E-01
    3.7037253730E+04    4.9789348464E-01
    3.7050766050E+04    4.9849648154E-01
    3.7064278360E+04    4.9906847040E-01
    3.7077790680E+04    4.9959998430E-01
    3.7091302990E+04    5.0008721646E-01
    3.7104815310E+04    5.0056514678E-01
    3.7118327620E+04    5.0104343413E-01
    3.7131839930E+04    5.0148239698E-01
    3.7145352250E+04    5.0189081221E-01
    3.7158864560E+04    5.0225545036E-01
    3.7172376880E+04    5.0258717274E-01
    3.7185889190E+04    5.0289204930E-01
    3.7199401510E+04    5.0316225386E-01
    3.7212913820E+04    5.0341576363E-01
    3.7226426140E+04    5.0364698525E-01
    3.7239938450E+04    5.0383918565E-01
    3.7253450760E+04    5.0403544949E-01
    3.7266963080E+04    5.0422512733E-01
    3.7280475390E+04    5.0438227486E-01
    3.7293987710E+04    5.0453061899E-01
    3.7307500020E+04    5.0467096649E-01
    3.7321012340E+04    5.0479081856E-01
    3.7334524650E+04    5.0489864089E-01
    3.7348036960E+04    5.0498963540E-01
    3.7361549280E+04    5.0565062772E-01
    3.7375061590E+04    5.0571892828E-01
    3.7388573910E+04    5.0575976245E-01
    3.7402086220E+04    5.0588387956E-01
    3.7415598540E+04    5.0626087775E-01
    3.7429110850E+04    5.0615795864E-01
    3.7442623170E+04    5.0602204290E-01
    3.7456135480E+04    5.0585459352E-01
    3.7469647790E+04    5.0564160817E-01
    3.7483160110E+04    5.0539557268E-01
    3.7496672420E+04    5.0510981205E-01
    3.7510184740E+04    5.0475124229E-01
    3.7523697050E+04    5.0432126381E-01
    3.7537209370E+04    5.0381303967E-01
    3.7550721680E+04    5.0321052025E-01
    3.7564234000E+04    5.0251474149E-01
    3.7577746310E+04    5.0170214509E-01
    3.7591258620E+04    5.0074554615E-01
    3.7604770940E+04    4.9965354304E-01
    3.7618283250E+04    4.9841254754E-01
    3.7631795570E+04    4.9699544729E-01
    3.7645307880E+04    4.9539759440E-01
    3.7658820200E+04    4.9359155968E-01
    3.7672332510E+04    4.9154930318E-01
    3.7685844820E+04    4.8927302718E-01
    3.7699357140E+04    4.8673765704E-01
    3.7712869450E+04    4.8390524994E-01
    3.7726381770E+04    4.8077669656E-01
    3.7739894080E+04    4.7732748648E-01
    3.7753406400E+04    4.7353412208E-01
    3.7766918710E+04    4.6976671149E-01
    3.7780431030E+04    4.6541499594E-01
    3.7793943340E+04    4.6050844116E-01
    3.7807455650E+04    4.5525531052E-01
    3.7820967970E+04    4.4963514740E-01
    3.7834480280E+04    4.4360503132E-01
    3.7847992600E+04    4.3716441860E-01
    3.7861504910E+04    4.3029810169E-01
    3.7875017230E+04    4.2301320950E-01
    3.7888529540E+04    4.1533266100E-01
    3.7902041850E+04    4.0723987506E-01
    3.7915554170E+04    3.9866714113E-01
    3.7929066480E+04    3.8973955843E-01
    3.7942578800E+04    3.8046825995E-01
    3.7956091110E+04    3.7088143076E-01
    3.7969603430E+04    3.6101693556E-01
    3.7983115740E+04    3.5088961044E-01
    3.7996628060E+04    3.4053320334E-01
    3.8010140370E+04    3.3006308443E-01
    3.8023652680E+04    3.1944465841E-01
    3.8037165000E+04    3.0868394934E-01
    3.8050677310E+04    2.9784305026E-01
    3.8064189630E+04    2.8695751601E-01
    3.8077701940E+04    2.7606954132E-01
    3.8091214260E+04    2.6521353064E-01
    3.8104726570E+04    2.5440415310E-01
    3.8118238890E+04    2.4367241827E-01
    3.8131751200E+04    2.3307659946E-01
    3.8145263510E+04    2.2264627954E-01
    3.8158775830E+04    2.1241657663E-01
    3.8172288140E+04    2.0246605790E-01
    3.8185800460E+04    1.9287118866E-01
    3.8199312770E+04    1.8335874204E-01
    3.8212825090E+04    1.7413229778E-01
    3.8226337400E+04    1.6520135090E-01
    3.8239849710E+04    1.5657816583E-01
    3.8253362030E+04    1.4827293453E-01
    3.8266874340E+04    1.4028581975E-01
    3.8280386660E+04    1.3261750507E-01
    3.8293898970E+04    1.2527366086E-01
    3.8307411290E+04    1.1825331418E-01
    3.8320923600E+04    1.1155164302E-01
    3.8334435920E+04    1.0516780146E-01
    3.8347948230E+04    9.9096550346E-02
    3.8361460540E+04    9.3326158622E-02
    3.8374972860E+04    8.7846904996E-02
    3.8388485170E+04    8.2734613544E-02
    3.8401997490E+04    7.7832176639E-02
    3.8415509800E+04    7.3181942163E-02
    3.8429022120E+04    6.8787341945E-02
    3.8442534430E+04    6.4639914703E-02
    3.8456046740E+04    6.0731122456E-02
    3.8469559060E+04    5.7048358868E-02
    3.8483071370E+04    5.3577149561E-02
    3.8496583690E+04    5.0307682382E-02
    3.8510096000E+04    4.7231668866E-02
    3.8523608320E+04    4.4340592140E-02
    3.8537120630E+04    4.1625530076E-02
    3.8550632950E+04    3.9077332593E-02
    3.8564145260E+04    3.6683287941E-02
    3.8577657570E+04    3.4460351958E-02
    3.8591169890E+04    3.2346961471E-02
    3.8604682200E+04    3.0357891404E-02
    3.8618194520E+04    2.8495076706E-02
    3.8631706830E+04    2.6748298588E-02
    3.8645219150E+04    2.5108183509E-02
    3.8658731460E+04    2.3569150253E-02
    3.8672243770E+04    2.2128155701E-02
    3.8685756090E+04    2.0778211008E-02
    3.8699268400E+04    1.9511518447E-02
    3.8712780720E+04    1.8322878476E-02
    3.8726293030E+04    1.7208146336E-02
    3.8739805350E+04    1.6162207467E-02
    3.8753317660E+04    1.5181572315E-02
    3.8766829980E+04    1.4263224625E-02
    3.8780342290E+04    1.3401875692E-02
    3.8793854600E+04    1.2592299279E-02
    3.8807366920E+04    1.1832026001E-02
    3.8820879230E+04    1.1118880763E-02
    3.8834391550E+04    1.0450074747E-02
    3.8847903860E+04    9.8221204240E-03
    3.8861416180E+04    9.2345898029E-03
    3.8874928490E+04    8.6884655607E-03
    3.8888440810E+04    8.1786441592E-03
    3.8901953120E+04    7.6974233883E-03
    3.8915465430E+04    7.2419722290E-03
    3.8928977750E+04    6.8129156745E-03
    3.8942490060E+04    6.4098100454E-03
    3.8956002380E+04    6.0314808844E-03
    3.8969514690E+04    5.6777352008E-03
    3.8983027010E+04    5.3532861155E-03
    3.8996539320E+04    5.0426379710E-03
    3.9010051630E+04    4.7513909170E-03
    3.9023563950E+04    4.4783501853E-03
    3.9037076260E+04    4.2216846269E-03
    3.9050588580E+04    3.9792943979E-03
    3.9064100890E+04    3.7488933383E-03
    3.9077613210E+04    3.5310088860E-03
    3.9091125520E+04    3.3268355692E-03
    3.9104637840E+04    3.1359796118E-03
    3.9118150150E+04    2.9576799760E-03
    3.9131662460E+04    2.7920822311E-03
    3.9145174780E+04    2.6396319532E-03
    3.9158687090E+04    2.4950714044E-03
    3.9172199410E+04    2.3556940812E-03
    3.9185711720E+04    2.2235498313E-03
    3.9199224040E+04    2.1002028226E-03
    3.9212736350E+04    1.9861667418E-03
    3.9226248660E+04    1.8774154658E-03
    3.9239760980E+04    1.7706905942E-03
    3.9253273290E+04    1.6677568707E-03
    3.9266785610E+04    1.5723637117E-03
    3.9280297920E+04    1.4857660685E-03
    3.9293810240E+04    1.4062788310E-03
    3.9307322550E+04    1.3311456972E-03
    3.9320834870E+04    1.2569786930E-03
    3.9334347180E+04    1.1863017126E-03
    3.9347859490E+04    1.1220851084E-03
    3.9361371810E+04    1.0615973335E-03
    3.9374884120E+04    1.0041964825E-03
    3.9388396440E+04    9.4979766458E-04
    3.9401908750E+04    8.9772768402E-04
    3.9415421070E+04    8.4893194043E-04
    3.9428933380E+04    8.0482494682E-04
    3.9442445690E+04    7.6461298527E-04
    3.9455958010E+04    7.2316857798E-04
    3.9469470320E+04    6.8299163754E-04
    3.9482982640E+04    6.4841602173E-04
    3.9496494950E+04    6.1523134248E-04
    3.9510007270E+04    5.8147825586E-04
    3.9523519580E+04    5.4923076446E-04
    3.9537031900E+04    5.2012207428E-04
    3.9550544210E+04    4.9374015856E-04
    3.9564056520E+04    4.6882254483E-04
    3.9577568840E+04    4.4452207719E-04
    3.9591081150E+04    4.2189453073E-04
    3.9604593470E+04    4.0253323533E-04
    3.9618105780E+04    3.8249292121E-04
    3.9631618100E+04    3.6021687891E-04
    3.9645130410E+04    3.3845710762E-04
    3.9658642730E+04    3.1882583933E-04
    3.9672155040E+04    3.0098706906E-04
    3.9685667350E+04    2.8418548778E-04
    3.9699179670E+04    2.6850996992E-04
    3.9712691980E+04    2.5163098293E-04
    3.9726204300E+04    2.3473041288E-04
    3.9739716610E+04    2.2022979939E-04
    3.9753228930E+04    2.0662074579E-04
    3.9766741240E+04    1.9463258887E-04
    3.9780253550E+04    1.8566437013E-04
    3.9793765870E+04    1.7780278204E-04
    3.9807278180E+04    1.6810588521E-04
    3.9820790500E+04    1.5685200126E-04
    3.9834302810E+04    1.4814558285E-04
    3.9847815130E+04    1.4040006693E-04
    3.9861327440E+04    1.3100043907E-04
    3.9874839760E+04    1.2043853628E-04
    3.9888352070E+04    1.1063393023E-04
    3.9901864380E+04    1.0315123167E-04
    3.9915376700E+04    9.7806601693E-05
    3.9928889010E+04    9.2244128245E-05
    3.9942401330E+04    8.8096319979E-05
    3.9955913640E+04    8.3331680642E-05
    3.9969425960E+04    7.5712610620E-05
    3.9982938270E+04    6.7077196786E-05
    3.9996450580E+04    6.0675119202E-05
    4.0009962900E+04    5.6651213121E-05
    4.0023475210E+04    5.3683975183E-05
    4.0036987530E+04    5.1206270371E-05
    4.0050499840E+04    5.0735637302E-05
    4.0064012160E+04    4.9230309410E-05
    4.0077524470E+04    4.4364788512E-05
    4.0091036790E+04    3.8649643257E-05
    4.0104549100E+04    3.4002941555E-05
    4.0118061410E+04    3.1339547917E-05
    4.0131573730E+04    3.0507375936E-05
    4.0145086040E+04    2.9944258955E-05
    4.0158598360E+04    2.6566453903E-05
    4.0172110670E+04    2.2845391576E-05
    4.0185622990E+04    2.1612191142E-05
    4.0199135300E+04    2.0153736969E-05
    4.0212647610E+04    1.7284262407E-05
    4.0226159930E+04    1.4106905154E-05
    4.0239672240E+04    1.2246535900E-05
    4.0253184560E+04    1.1993936757E-05
    4.0266696870E+04    1.4172525397E-05
    4.0280209190E+04    1.6027953433E-05
    4.0293721500E+04    1.4585830898E-05
    4.0307233820E+04    1.1999341096E-05
    4.0320746130E+04    1.1089943405E-05
    4.0334258440E+04    1.1464434459E-05
    4.0347770760E+04    9.2074757538E-06
    4.0361283070E+04    5.2866711578E-06
    4.0374795390E+04    3.3562850536E-06
    4.0388307700E+04    3.1280845709E-06
    4.0401820020E+04    4.0742866926E-06
    4.0415332330E+04    5.4324315386E-06
    4.0428844650E+04    5.2733546990E-06
    4.0442356960E+04    3.3001261301E-06
    4.0455869270E+04    1.9957032424E-06
    4.0469381590E+04    2.9054668711E-06
    4.0482893900E+04    2.9911608577E-06
    4.0496406220E+04    1.1794001111E-06
    4.0509918530E+04    7.0308048578E-08
    4.0523430850E+04    1.1807234456E-08
    4.0536943160E+04    1.6719626086E-06
    4.0550455470E+04    3.0850328339E-06
    4.0563967790E+04    3.4976954741E-06
    4.0577480100E+04    2.8193831325E-06
    4.0590992420E+04    1.1542965325E-06
    4.0604504730E+04    8.6324488954E-08
    4.0618017050E+04    9.1194575482E-09
    4.0631529360E+04    7.5814887330E-07
    4.0645041680E+04    2.1928145106E-06
    4.0658553990E+04    2.3421304232E-06
    4.0672066300E+04    2.0669350087E-06
    4.0685578620E+04    2.1042547139E-06
    4.0699090930E+04    1.8275755049E-06
    4.0712603250E+04    4.5957275024E-07
    4.0726115560E+04    6.4308283968E-09
    4.0739627880E+04    5.7256916491E-09
    4.0753140190E+04    5.7272245938E-09
    4.0766652500E+04    2.2899481961E-08
    4.0780164820E+04    5.2989344190E-08
    4.0793677130E+04    5.7319072260E-09
    4.0807189450E+04    5.7330811422E-09
    4.0820701760E+04    5.7339020672E-09
    4.0834214080E+04    5.7347183431E-09
    4.0847726390E+04    5.7355460559E-09
    4.0861238710E+04    1.9515383204E-08
    4.0874751020E+04    6.5457552533E-07
    4.0888263330E+04    7.4181279728E-07
    4.0901775650E+04    7.8007803943E-09
    4.0915287960E+04    5.7398520263E-09
    4.0928800280E+04    5.7407386474E-09
    4.0942312590E+04    5.7416352108E-09
    4.0955824910E+04    5.7425403148E-09
    4.0969337220E+04    5.7434525836E-09
    4.0982849530E+04    5.7443731829E-09
    4.0996361850E+04    5.7453001067E-09
    4.1009874160E+04    5.7456856048E-09
    4.1023386480E+04    5.7458758072E-09
    4.1036898790E+04    5.7506156228E-09
    4.1050411110E+04    5.7528567872E-09
    4.1063923420E+04    5.7530578421E-09
    4.1077435740E+04    5.7532605298E-09
    4.1090948050E+04    5.7534644667E-09
    4.1104460360E+04    5.7538997743E-09
    4.1117972680E+04    5.7548024326E-09
    4.1131484990E+04    5.7557043061E-09
    4.1144997310E+04    5.7566046330E-09
    4.1158509620E+04    5.7575023620E-09
    4.1172021940E+04    5.7583968214E-09
    4.1185534250E+04    5.7628129320E-09
    4.1199046570E+04    5.7665443729E-09
    4.1212558880E+04    5.7674862363E-09
    4.1226071190E+04    5.7684261172E-09
    4.1239583510E+04    5.7693587354E-09
    4.1253095820E+04    5.7702825648E-09
    4.1266608140E+04    5.7711973939E-09
    4.1280120450E+04    5.7721025692E-09
    4.1293632770E+04    5.7729960862E-09
    4.1307145080E+04    5.7734665837E-09
    4.1320657390E+04    5.7735577117E-09
    4.1334169710E+04    5.7736344709E-09
    4.1347682020E+04    5.7736975266E-09
    4.1361194340E+04    5.7737454910E-09
    4.1374706650E+04    5.7737768666E-09
    4.1388218970E+04    5.7737924040E-09
    4.1401731280E+04    5.7739791196E-09
    4.1415243600E+04    5.7754331552E-09
    4.1428755910E+04    5.7768697077E-09
    4.1442268220E+04    5.7782862498E-09
    4.1455780540E+04    5.7796829406E-09
    4.1469292850E+04    5.7810602586E-09
    4.1482805170E+04    5.7890385974E-09
    4.1496317480E+04    5.7903735972E-09
    4.1509829800E+04    5.7911408236E-09
    4.1523342110E+04    5.7916780602E-09
    4.1536854420E+04    5.7921928073E-09
    4.1550366740E+04    5.7926844115E-09
    4.1563879050E+04    5.7931493336E-09
    4.1577391370E+04    5.7935906160E-09
    4.1590903680E+04    5.7940068545E-09
    4.1604416000E+04    5.7972484536E-09
    4.1617928310E+04    5.8012659217E-09
    4.1631440630E+04    5.8016813532E-09
    4.1644952940E+04    5.8020689153E-09
    4.1658465250E+04    5.8024309066E-09
    4.1671977570E+04    5.8027551711E-09
    4.1685489880E+04    5.8029963401E-09
    4.1699002200E+04    5.8032114018E-09
    4.1712514510E+04    5.8034419482E-09
    4.1726026830E+04    5.8036484670E-09
    4.1739539140E+04    5.8038285990E-09
    4.1753051460E+04    5.8039783709E-09
    4.1766563770E+04    5.8041011271E-09
    4.1780076080E+04    5.8041973815E-09
    4.1793588400E+04    5.8042628962E-09
    4.1807100710E+04    5.8042996574E-09
    4.1820613030E+04    5.8043072409E-09
    4.1834125340E+04    5.8042851954E-09
    4.1847637660E+04    5.8042373661E-09
    4.1861149970E+04    5.8041625240E-09
    4.1874662280E+04    5.8040594576E-09
    4.1888174600E+04    5.8039313213E-09
    4.1901686910E+04    5.8037684425E-09
    4.1915199230E+04    5.8035232202E-09
    4.1928711540E+04    5.8032538947E-09
    4.1942223860E+04    5.8095978888E-09
    4.1955736170E+04    5.8092772423E-09
    4.1969248490E+04    5.8089336678E-09
    4.1982760800E+04    5.8085647231E-09
    4.1996273110E+04    5.8081730281E-09
    4.2009785430E+04    5.8077215608E-09
    4.2023297740E+04    5.8072313943E-09
    4.2036810060E+04    5.8110853097E-09
    4.2050322370E+04    5.8125982403E-09
    4.2063834690E+04    5.8120445920E-09
    4.2077347000E+04    5.8114722228E-09
    4.2090859310E+04    5.8108810087E-09
    4.2104371630E+04    5.8103343839E-09
    4.2117883940E+04    5.8099049234E-09
    4.2131396260E+04    5.8094582001E-09
    4.2144908570E+04    5.8089944719E-09
    4.2158420890E+04    5.8085157581E-09
    4.2171933200E+04    5.8080216314E-09
    4.2185445520E+04    5.8075130418E-09
    4.2198957830E+04    5.8069914863E-09
    4.2212470140E+04    5.8063231489E-09
    4.2225982460E+04    5.8056317373E-09
    4.2239494770E+04    5.8049294628E-09
    4.2253007090E+04    5.8042160727E-09
    4.2266519400E+04    5.8034931122E-09
    4.2280031720E+04    5.8027613536E-09
    4.2293544030E+04    5.8020208305E-09
    4.2307056340E+04    5.8012965973E-09
    4.2320568660E+04    5.8005871896E-09
    4.2334080970E+04    5.7998715223E-09
    4.2347593290E+04    5.7991504932E-09
    4.2361105600E+04    5.7984247391E-09
    4.2374617920E+04    5.7976950263E-09
    4.2388130230E+04    5.7969618946E-09
    4.2401642550E+04    5.7962129189E-09
    4.2415154860E+04    5.7953666161E-09
    4.2428667170E+04    5.8002584319E-09
    4.2442179490E+04    5.8002917859E-09
    4.2455691800E+04    5.7994424660E-09
    4.2469204120E+04    5.7985933047E-09
    4.2482716430E+04    1.1656484434E-08
    4.2496228750E+04    9.7515030808E-07
    4.2509741060E+04    1.2332850041E-07
    4.2523253380E+04    1.3258508923E-08
    4.2536765690E+04    5.8004437059E-09
    4.2550278000E+04    7.4833103580E-09
    4.2563790320E+04    4.7800014897E-07
    4.2577302630E+04    2.6705381118E-06
    4.2590814950E+04    4.7278153475E-06
    4.2604327260E+04    4.7391069091E-06
    4.2617839580E+04    3.3394630570E-06
    4.2631351890E+04    1.2419402656E-06
    4.2644864200E+04    1.0671954946E-06
    4.2658376520E+04    1.5369414315E-06
    4.2671888830E+04    2.2990301292E-06
    4.2685401150E+04    1.1410602461E-06
    4.2698913460E+04    3.5549633060E-07
    4.2712425780E+04    3.9973450490E-07
    4.2725938090E+04    2.0514139857E-06
    4.2739450410E+04    3.6513761373E-06
    4.2752962720E+04    4.9323751232E-06
    4.2766475030E+04    5.4276019306E-06
    4.2779987350E+04    4.9101129906E-06
    4.2793499660E+04    3.6097256269E-06
    4.2807011980E+04    3.3977003686E-06
    4.2820524290E+04    3.8313237262E-06
    4.2834036610E+04    4.4751864313E-06
    4.2847548920E+04    4.5967274532E-06
    4.2861061230E+04    4.6869912172E-06
    4.2874573550E+04    5.6828023654E-06
    4.2888085860E+04    7.6173928649E-06
    4.2901598180E+04    1.0469773188E-05
    4.2915110490E+04    1.1894241653E-05
    4.2928622810E+04    1.1494860615E-05
    4.2942135120E+04    1.0982726953E-05
    4.2955647440E+04    1.1158572540E-05
    4.2969159750E+04    1.2406520811E-05
    4.2982672060E+04    1.1542500617E-05
    4.2996184380E+04    1.0337278202E-05
    4.3009696690E+04    1.0943527024E-05
    4.3023209010E+04    1.2839655619E-05
    4.3036721320E+04    1.3868528691E-05
    4.3050233640E+04    1.3084712447E-05
    4.3063745950E+04    1.0825445073E-05
    4.3077258260E+04    8.4031916324E-06
    4.3090770580E+04    7.4546923023E-06
    4.3104282890E+04    7.8025982334E-06
    4.3117795210E+04    9.1742283841E-06
    4.3131307520E+04    1.1458521215E-05
    4.3144819840E+04    1.4092341713E-05
    4.3158332150E+04    1.6725405301E-05
    4.3171844470E+04    1.9142053892E-05
    4.3185356780E+04    1.9691398837E-05
    4.3198869090E+04    1.9524222297E-05
    4.3212381410E+04    1.9379107372E-05
    4.3225893720E+04    1.9357719724E-05
    4.3239406040E+04    1.9252603138E-05
    4.3252918350E+04    1.9765661651E-05
    4.3266430670E+04    2.0241480553E-05
    4.3279942980E+04    2.0542253657E-05
    4.3293455300E+04    1.9799948639E-05
    4.3306967610E+04    1.9811934637E-05
    4.3320479920E+04    1.9736928996E-05
    4.3333992240E+04    1.8351712793E-05
    4.3347504550E+04    1.4377870826E-05
    4.3361016870E+04    9.8265427558E-06
    4.3374529180E+04    8.2599778015E-06
    4.3388041500E+04    9.4449220174E-06
    4.3401553810E+04    1.2273102508E-05
    4.3415066120E+04    1.5913212206E-05
    4.3428578440E+04    1.8419180961E-05
    4.3442090750E+04    1.9022713649E-05
    4.3455603070E+04    1.7466496890E-05
    4.3469115380E+04    1.8306401726E-05
    4.3482627700E+04    2.0982296477E-05
    4.3496140010E+04    2.2638970041E-05
    4.3509652330E+04    2.0935725897E-05
    4.3523164640E+04    1.8453148341E-05
    4.3536676950E+04    1.6158456478E-05
    4.3550189270E+04    1.4552351356E-05
    4.3563701580E+04    1.4479283891E-05
    4.3577213900E+04    1.6633299304E-05
    4.3590726210E+04    1.9438603848E-05
    4.3604238530E+04    2.1759943279E-05
    4.3617750840E+04    2.0173829317E-05
    4.3631263150E+04    1.8242245905E-05
    4.3644775470E+04    1.6906286943E-05
    4.3658287780E+04    1.6066703816E-05
    4.3671800100E+04    1.6526448122E-05
    4.3685312410E+04    1.9734865284E-05
    4.3698824730E+04    2.3049543270E-05
    4.3712337040E+04    2.2915919690E-05
    4.3725849360E+04    1.9807685343E-05
    4.3739361670E+04    1.7977731104E-05
    4.3752873980E+04    1.7781942031E-05
    4.3766386300E+04    1.9584909788E-05
    4.3779898610E+04    2.1750100199E-05
    4.3793410930E+04    2.3355847412E-05
    4.3806923240E+04    2.3594670441E-05
    4.3820435560E+04    1.8244378480E-05
    4.3833947870E+04    1.6040716370E-05
    4.3847460180E+04    1.4612789699E-05
    4.3860972500E+04    1.6292861099E-05
    4.3874484810E+04    1.7424247539E-05
    4.3887997130E+04    1.7597579096E-05
    4.3901509440E+04    1.7312825355E-05
    4.3915021760E+04    1.8227151132E-05
    4.3928534070E+04    1.9204699367E-05
    4.3942046390E+04    2.0193383077E-05
    4.3955558700E+04    2.1117560365E-05
    4.3969071010E+04    2.1622648205E-05
    4.3982583330E+04    2.1390395011E-05
    4.3996095640E+04    2.3305089753E-05
    4.4009607960E+04    2.5635278224E-05
    4.4023120270E+04    2.6849095521E-05
    4.4036632590E+04    2.7663658075E-05
    4.4050144900E+04    2.7258566272E-05
    4.4063657220E+04    2.5179933748E-05
    4.4077169530E+04    2.3063849071E-05
    4.4090681840E+04    1.9684164458E-05
    4.4104194160E+04    1.9960264426E-05
    4.4117706470E+04    1.9830024801E-05
    4.4131218790E+04    1.8859913108E-05
    4.4144731100E+04    1.7393245420E-05
    4.4158243420E+04    1.5871193207E-05
    4.4171755730E+04    1.6467657340E-05
    4.4185268040E+04    1.8878831415E-05
    4.4198780360E+04    2.2259078768E-05
    4.4212292670E+04    2.1727424091E-05
    4.4225804990E+04    2.0014630475E-05
    4.4239317300E+04    1.8084592200E-05
    4.4252829620E+04    1.7508755118E-05
    4.4266341930E+04    1.7951655806E-05
    4.4279854250E+04    1.8895549158E-05
    4.4293366560E+04    2.0209914487E-05
    4.4306878870E+04    2.0999104940E-05
    4.4320391190E+04    2.1426220895E-05
    4.4333903500E+04    2.2206156458E-05
    4.4347415820E+04    2.4169991423E-05
    4.4360928130E+04    2.5324992721E-05
    4.4374440450E+04    2.3898287875E-05
    4.4387952760E+04    2.0681387824E-05
    4.4401465070E+04    1.8016467581E-05
    4.4414977390E+04    1.7810512082E-05
    4.4428489700E+04    1.8796392542E-05
    4.4442002020E+04    2.2289711905E-05
    4.4455514330E+04    2.6262074039E-05
    4.4469026650E+04    2.7248103761E-05
    4.4482538960E+04    2.6717153255E-05
    4.4496051280E+04    2.6298185559E-05
    4.4509563590E+04    2.6046027870E-05
    4.4523075900E+04    2.5170602900E-05
    4.4536588220E+04    2.2677693472E-05
    4.4550100530E+04    2.1464111121E-05
    4.4563612850E+04    2.1301554810E-05
    4.4577125160E+04    2.0033727227E-05
    4.4590637480E+04    1.8113426593E-05
    4.4604149790E+04    1.6685199847E-05
    4.4617662110E+04    1.7734578952E-05
    4.4631174420E+04    1.9100955680E-05
    4.4644686730E+04    1.9741687424E-05
    4.4658199050E+04    2.0489106214E-05
    4.4671711360E+04    1.8140470274E-05
    4.4685223680E+04    1.6591497596E-05
    4.4698735990E+04    1.8183001354E-05
    4.4712248310E+04    2.0959777902E-05
    4.4725760620E+04    2.3317102306E-05
    4.4739272930E+04    2.4332805454E-05
    4.4752785250E+04    2.3668816899E-05
    4.4766297560E+04    2.1323309628E-05
    4.4779809880E+04    1.9431641723E-05
    4.4793322190E+04    1.7908683894E-05
    4.4806834510E+04    1.6825510277E-05
    4.4820346820E+04    1.6133364843E-05
    4.4833859140E+04    1.5938786833E-05
    4.4847371450E+04    1.6450155529E-05
    4.4860883760E+04    1.6921206546E-05
    4.4874396080E+04    1.6896911334E-05
    4.4887908390E+04    1.6285593148E-05
    4.4901420710E+04    1.5943465325E-05
    4.4914933020E+04    1.5867988174E-05
    4.4928445340E+04    1.8712982589E-05
    4.4941957650E+04    1.9203024196E-05
    4.4955469960E+04    1.9771771021E-05
    4.4968982280E+04    1.6622390189E-05
    4.4982494590E+04    1.5969777053E-05
    4.4996006910E+04    1.7578564574E-05
    4.5009519220E+04    1.9930194807E-05
    4.5023031540E+04    2.1147093231E-05
    4.5036543850E+04    2.0256600785E-05
    4.5050056170E+04    1.8528182052E-05
    4.5063568480E+04    1.7299431114E-05
    4.5077080790E+04    1.7339361463E-05
    4.5090593110E+04    1.7803014478E-05
    4.5104105420E+04    1.8845739092E-05
    4.5117617740E+04    2.0450123606E-05
    4.5131130050E+04    2.0899988689E-05
    4.5144642370E+04    2.2493475084E-05
    4.5158154680E+04    2.3619945328E-05
    4.5171666990E+04    2.4233409509E-05
    4.5185179310E+04    2.3560104112E-05
    4.5198691620E+04    2.2622285134E-05
    4.5212203940E+04    2.2211561081E-05
    4.5225716250E+04    2.1911004715E-05
    4.5239228570E+04    2.1358032562E-05
    4.5252740880E+04    2.0345045170E-05
    4.5266253200E+04    2.0041912134E-05
    4.5279765510E+04    2.1107730005E-05
    4.5293277820E+04    1.8843104414E-05
    4.5306790140E+04    1.8838133779E-05
    4.5320302450E+04    1.8101325880E-05
    4.5333814770E+04    1.6117195897E-05
    4.5347327080E+04    1.4321143296E-05
    4.5360839400E+04    1.3260606146E-05
    4.5374351710E+04    1.3779938525E-05
    4.5387864030E+04    1.5140484970E-05
    4.5401376340E+04    1.7366275453E-05
    4.5414888650E+04    1.9215557642E-05
    4.5428400970E+04    1.9386092510E-05
    4.5441913280E+04    2.0022600777E-05
    4.5455425600E+04    2.0450686099E-05
    4.5468937910E+04    1.9714681454E-05
    4.5482450230E+04    1.8270367116E-05
    4.5495962540E+04    1.6057523897E-05
    4.5509474850E+04    1.4753613557E-05
    4.5522987170E+04    1.4277283643E-05
    4.5536499480E+04    1.5956530995E-05
    4.5550011800E+04    1.7970593061E-05
    4.5563524110E+04    1.9424382853E-05
    4.5577036430E+04    2.0417258952E-05
    4.5590548740E+04    2.0310468470E-05
    4.5604061060E+04    1.9519666331E-05
    4.5617573370E+04    1.9832305930E-05
    4.5631085680E+04    1.9418883869E-05
    4.5644598000E+04    1.8770578989E-05
    4.5658110310E+04    1.8432298908E-05
    4.5671622630E+04    1.7934468005E-05
    4.5685134940E+04    1.7443407543E-05
    4.5698647260E+04    1.7064431436E-05
    4.5712159570E+04    1.7241602700E-05
    4.5725671880E+04    1.7728147518E-05
    4.5739184200E+04    1.9125917302E-05
    4.5752696510E+04    2.0178159420E-05
    4.5766208830E+04    2.0519805300E-05
    4.5779721140E+04    2.0125413610E-05
    4.5793233460E+04    1.9524952963E-05
    4.5806745770E+04    1.8998051619E-05
    4.5820258090E+04    1.8532968918E-05
    4.5833770400E+04    1.7817748783E-05
    4.5847282710E+04    1.7470315823E-05
    4.5860795030E+04    1.7452781284E-05
    4.5874307340E+04    1.7685310032E-05
    4.5887819660E+04    1.7628157569E-05
    4.5901331970E+04    1.7304119054E-05
    4.5914844290E+04    1.7599934115E-05
    4.5928356600E+04    1.9651447094E-05
    4.5941868910E+04    2.2600845895E-05
    4.5955381230E+04    2.1801607269E-05
    4.5968893540E+04    2.0033770642E-05
    4.5982405860E+04    1.8348117306E-05
    4.5995918170E+04    1.7483283323E-05
    4.6009430490E+04    1.7142653802E-05
    4.6022942800E+04    1.7903386983E-05
    4.6036455120E+04    1.8266411092E-05
    4.6049967430E+04    1.6376263181E-05
    4.6063479740E+04    1.6116936180E-05
    4.6076992060E+04    1.6701143200E-05
    4.6090504370E+04    1.7677358028E-05
    4.6104016690E+04    1.9539810241E-05
    4.6117529000E+04    2.1046133936E-05
    4.6131041320E+04    2.1923555888E-05
    4.6144553630E+04    1.9892828752E-05
    4.6158065950E+04    1.6928297153E-05
    4.6171578260E+04    1.5298414972E-05
    4.6185090570E+04    1.4517272071E-05
    4.6198602890E+04    1.4310382625E-05
    4.6212115200E+04    1.4648782341E-05
    4.6225627520E+04    1.6097072722E-05
    4.6239139830E+04    1.7846339035E-05
    4.6252652150E+04    2.0414791206E-05
    4.6266164460E+04    2.0889725158E-05
    4.6279676770E+04    1.9058909749E-05
    4.6293189090E+04    1.6207141059E-05
    4.6306701400E+04    1.2720013447E-05
    4.6320213720E+04    1.1745162928E-05
    4.6333726030E+04    1.3110205455E-05
    4.6347238350E+04    1.4773510896E-05
    4.6360750660E+04    1.5828522366E-05
    4.6374262980E+04    1.7446806604E-05
    4.6387775290E+04    1.7778387409E-05
    4.6401287600E+04    1.6857768581E-05
    4.6414799920E+04    1.6653461205E-05
    4.6428312230E+04    1.6815463637E-05
    4.6441824550E+04    1.7411632217E-05
    4.6455336860E+04    1.8573657121E-05
    4.6468849180E+04    1.8114781030E-05
    4.6482361490E+04    1.6879930572E-05
    4.6495873800E+04    1.5053823491E-05
    4.6509386120E+04    1.4365183305E-05
    4.6522898430E+04    1.3450100312E-05
    4.6536410750E+04    1.4878112771E-05
    4.6549923060E+04    1.5493875437E-05
    4.6563435380E+04    1.5396465871E-05
    4.6576947690E+04    1.4351932581E-05
    4.6590460010E+04    1.4385208303E-05
    4.6603972320E+04    1.4861843390E-05
    4.6617484630E+04    1.5812809645E-05
    4.6630996950E+04    1.7044286562E-05
    4.6644509260E+04    1.8193395691E-05
    4.6658021580E+04    1.8663284236E-05
    4.6671533890E+04    1.8842540475E-05
    4.6685046210E+04    1.8650576529E-05
    4.6698558520E+04    1.8487557794E-05
    4.6712070830E+04    1.8631068299E-05
    4.6725583150E+04    2.0066487521E-05
    4.6739095460E+04    2.0264226638E-05
    4.6752607780E+04    1.8346467661E-05
    4.6766120090E+04    1.6080882824E-05
    4.6779632410E+04    1.5127508013E-05
    4.6793144720E+04    1.4587516929E-05
    4.6806657040E+04    1.5021701775E-05
    4.6820169350E+04    1.4775575087E-05
    4.6833681660E+04    1.3956118896E-05
    4.6847193980E+04    1.3023072474E-05
    4.6860706290E+04    1.3853452060E-05
    4.6874218610E+04    1.6247371182E-05
    4.6887730920E+04    1.8761339224E-05
    4.6901243240E+04    2.0707371767E-05
    4.6914755550E+04    2.0293148743E-05
    4.6928267870E+04    1.8974676459E-05
    4.6941780180E+04    1.7491935708E-05
    4.6955292490E+04    1.6804422617E-05
    4.6968804810E+04    1.7606508365E-05
    4.6982317120E+04    1.9111907820E-05
    4.6995829440E+04    1.8520402766E-05
    4.7009341750E+04    1.7917653907E-05
    4.7022854070E+04    1.8468619219E-05
    4.7036366380E+04    1.9770200479E-05
    4.7049878690E+04    2.1005656699E-05
    4.7063391010E+04    2.1384914983E-05
    4.7076903320E+04    1.8396407278E-05
    4.7090415640E+04    1.7119675642E-05
    4.7103927950E+04    1.5905213080E-05
    4.7117440270E+04    1.5567507064E-05
    4.7130952580E+04    1.6070716453E-05
    4.7144464900E+04    1.6697440317E-05
    4.7157977210E+04    1.7384705101E-05
    4.7171489520E+04    1.8155183301E-05
    4.7185001840E+04    1.9120237224E-05
    4.7198514150E+04    2.0866031377E-05
    4.7212026470E+04    2.1930074882E-05
    4.7225538780E+04    2.2553287636E-05
    4.7239051100E+04    2.1767413351E-05
    4.7252563410E+04    2.0723931916E-05
    4.7266075720E+04    2.1081021272E-05
    4.7279588040E+04    2.2220241176E-05
    4.7293100350E+04    2.4105281352E-05
    4.7306612670E+04    2.6498005092E-05
    4.7320124980E+04    2.7058871888E-05
    4.7333637300E+04    2.5554416466E-05
    4.7347149610E+04    2.3507711314E-05
    4.7360661930E+04    2.1102893589E-05
    4.7374174240E+04    1.9549085805E-05
    4.7387686550E+04    1.8857001991E-05
    4.7401198870E+04    1.9453562389E-05
    4.7414711180E+04    2.0705749924E-05
    4.7428223500E+04    2.3099847483E-05
    4.7441735810E+04    2.4154611743E-05
    4.7455248130E+04    2.4524030117E-05
    4.7468760440E+04    2.2207057560E-05
    4.7482272760E+04    2.2039245205E-05
    4.7495785070E+04    2.2541436228E-05
    4.7509297380E+04    2.3955382331E-05
    4.7522809700E+04    2.4980424960E-05
    4.7536322010E+04    2.2906870710E-05
    4.7549834330E+04    2.1214352497E-05
    4.7563346640E+04    1.9342499009E-05
    4.7576858960E+04    1.8736229389E-05
    4.7590371270E+04    1.8233453023E-05
    4.7603883580E+04    1.7751367527E-05
    4.7617395900E+04    1.7387597800E-05
    4.7630908210E+04    1.7244988575E-05
    4.7644420530E+04    1.8481804527E-05
    4.7657932840E+04    2.0376438543E-05
    4.7671445160E+04    2.3450758356E-05
    4.7684957470E+04    2.6089357846E-05
    4.7698469790E+04    2.8066060248E-05
    4.7711982100E+04    2.5764686683E-05
    4.7725494410E+04    2.1661659631E-05
    4.7739006730E+04    1.7908347991E-05
    4.7752519040E+04    1.6511974080E-05
    4.7766031360E+04    1.6321311603E-05
    4.7779543670E+04    1.7741775138E-05
    4.7793055990E+04    1.9544646749E-05
    4.7806568300E+04    2.1438494475E-05
    4.7820080610E+04    2.1555464781E-05
    4.7833592930E+04    2.1653331922E-05
    4.7847105240E+04    2.1593883488E-05
    4.7860617560E+04    2.2809474401E-05
    4.7874129870E+04    2.4357719310E-05
    4.7887642190E+04    2.5495187737E-05
    4.7901154500E+04    2.5156269283E-05
    4.7914666820E+04    2.3571438823E-05
    4.7928179130E+04    2.2654112370E-05
    4.7941691440E+04    2.2562584093E-05
    4.7955203760E+04    2.4257073071E-05
    4.7968716070E+04    2.4312916247E-05
    4.7982228390E+04    2.3254745713E-05
    4.7995740700E+04    1.8443290836E-05
    4.8009253020E+04    1.5347401854E-05
    4.8022765330E+04    1.3375611832E-05
    4.8036277640E+04    1.3160412733E-05
    4.8049789960E+04    1.4391955478E-05
    4.8063302270E+04    1.6223692280E-05
    4.8076814590E+04    1.8332281787E-05
    4.8090326900E+04    2.0657634884E-05
    4.8103839220E+04    2.2226398179E-05
    4.8117351530E+04    2.3308329349E-05
    4.8130863850E+04    2.1917493128E-05
    4.8144376160E+04    1.9846385502E-05
    4.8157888470E+04    1.7437766802E-05
    4.8171400790E+04    1.6493245888E-05
    4.8184913100E+04    1.7279656499E-05
    4.8198425420E+04    1.8959212195E-05
    4.8211937730E+04    2.0476917408E-05
    4.8225450050E+04    2.1057681924E-05
    4.8238962360E+04    2.1410401388E-05
    4.8252474680E+04    2.1704287008E-05
    4.8265986990E+04    2.2514517611E-05
    4.8279499300E+04    2.3367315162E-05
    4.8293011620E+04    2.3118868307E-05
    4.8306523930E+04    2.1199658909E-05
    4.8320036250E+04    1.8168564651E-05
    4.8333548560E+04    1.5586969946E-05
    4.8347060880E+04    1.4150638827E-05
    4.8360573190E+04    1.3169071685E-05
    4.8374085500E+04    1.3597647065E-05
    4.8387597820E+04    1.4523037324E-05
    4.8401110130E+04    1.6556804060E-05
    4.8414622450E+04    1.8508081465E-05
    4.8428134760E+04    1.9404836455E-05
    4.8441647080E+04    1.8666745179E-05
    4.8455159390E+04    1.7407582543E-05
    4.8468671710E+04    1.5302092891E-05
    4.8482184020E+04    1.2484217237E-05
    4.8495696330E+04    1.0235845120E-05
    4.8509208650E+04    8.4511129429E-06
    4.8522720960E+04    6.9939680943E-06
    4.8536233280E+04    5.7670949339E-06
    4.8549745590E+04    6.1133949223E-06
    4.8563257910E+04    7.9633959745E-06
    4.8576770220E+04    9.2496414372E-06
    4.8590282530E+04    9.8044336114E-06
    4.8603794850E+04    8.0392444600E-06
    4.8617307160E+04    7.0733352777E-06
    4.8630819480E+04    7.1129694813E-06
    4.8644331790E+04    8.4769399278E-06
    4.8657844110E+04    1.0931210575E-05
    4.8671356420E+04    1.0845562366E-05
    4.8684868740E+04    1.0485798344E-05
    4.8698381050E+04    9.2129261584E-06
    4.8711893360E+04    8.1784503334E-06
    4.8725405680E+04    7.5354335797E-06
    4.8738917990E+04    7.6881700650E-06
    4.8752430310E+04    8.8100494053E-06
    4.8765942620E+04    8.2980597008E-06
    4.8779454940E+04    8.0708195497E-06
    4.8792967250E+04    8.1258665175E-06
    4.8806479560E+04    8.9426339923E-06
    4.8819991880E+04    9.8768028920E-06
    4.8833504190E+04    9.0789353915E-06
    4.8847016510E+04    6.3688501322E-06
    4.8860528820E+04    4.2460283768E-06
    4.8874041140E+04    3.4820379168E-06
    4.8887553450E+04    2.9911810318E-06
    4.8901065770E+04    3.8093751920E-06
    4.8914578080E+04    4.6849580980E-06
    4.8928090390E+04    5.2203834473E-06
    4.8941602710E+04    5.4632471307E-06
    4.8955115020E+04    5.4582476836E-06
    4.8968627340E+04    6.1128970651E-06
    4.8982139650E+04    6.8713006177E-06
    4.8995651970E+04    7.2194463679E-06
    4.9009164280E+04    7.5461480565E-06
    4.9022676600E+04    7.3903327691E-06
    4.9036188910E+04    7.1608409527E-06
    4.9049701220E+04    6.6901777144E-06
    4.9063213540E+04    5.5030039822E-06
    4.9076725850E+04    4.7594316044E-06
    4.9090238170E+04    4.2661583017E-06
    4.9103750480E+04    4.2652492705E-06
    4.9117262800E+04    4.5117084034E-06
    4.9130775110E+04    5.0275138839E-06
    4.9144287420E+04    5.5370860032E-06
    4.9157799740E+04    5.2927493469E-06
    4.9171312050E+04    4.8516257484E-06
    4.9184824370E+04    4.1803531009E-06
    4.9198336680E+04    3.1434837840E-06
    4.9211849000E+04    2.2159027149E-06
    4.9225361310E+04    1.2788879736E-07
    4.9238873630E+04    2.3557884680E-06
    4.9252385940E+04    3.2584803443E-06
    4.9265898250E+04    4.0919767369E-06
    4.9279410570E+04    5.5111638898E-06
    4.9292922880E+04    7.2006333454E-06
    4.9306435200E+04    8.4596190950E-06
    4.9319947510E+04    8.2394952029E-06
    4.9333459830E+04    7.7494362828E-06
    4.9346972140E+04    6.1663353969E-06
    4.9360484450E+04    5.0590981254E-06
    4.9373996770E+04    4.2526720390E-06
    4.9387509080E+04    3.8379595116E-06
    4.9401021400E+04    3.5424865130E-06
    4.9414533710E+04    3.1538845609E-06
    4.9428046030E+04    3.1536919903E-06
    4.9441558340E+04    3.7805863533E-06
    4.9455070660E+04    3.7920058367E-06
    4.9468582970E+04    3.5502403995E-06
    4.9482095280E+04    2.8368555559E-06
    4.9495607600E+04    2.3097792998E-06
    4.9509119910E+04    1.9773240729E-06
    4.9522632230E+04    1.5683767314E-06
    4.9536144540E+04    1.0722545111E-06
    4.9549656860E+04    1.1053970651E-07
    4.9563169170E+04    5.9319215887E-09
    4.9576681480E+04    4.0911693288E-08
    4.9590193800E+04    1.3331425776E-06
    4.9603706110E+04    2.5384896776E-06
    4.9617218430E+04    4.1531188324E-06
    4.9630730740E+04    4.9281330465E-06
    4.9644243060E+04    4.8699765179E-06
    4.9657755370E+04    4.4710527813E-06
    4.9671267690E+04    6.3922898033E-07
    4.9684780000E+04    1.8013478874E-07
    4.9698292310E+04    1.4155605669E-08
    4.9711804630E+04    7.4867962084E-09
    4.9725316940E+04    1.8728306770E-07
    4.9738829260E+04    1.3980629695E-06
    4.9752341570E+04    3.1494661979E-06
    4.9765853890E+04    3.2441002299E-06
    4.9779366200E+04    3.5385186555E-06
    4.9792878520E+04    1.0986616173E-06
    4.9806390830E+04    2.1898792316E-07
    4.9819903140E+04    1.1886777686E-08
    4.9833415460E+04    4.5316386388E-09
    4.9846927770E+04    4.5251204954E-09
    4.9860440090E+04    1.7202817075E-08
    4.9873952400E+04    3.9925418940E-07
    4.9887464720E+04    6.3612416242E-07
    4.9900977030E+04    7.7348073425E-07
    4.9914489340E+04    1.3535285588E-06
    4.9928001660E+04    2.3104716808E-06
    4.9941513970E+04    3.7590973303E-06
    4.9955026290E+04    4.6699676065E-06
    4.9968538600E+04    5.3086695004E-06
    4.9982050920E+04    4.3952758072E-06
    4.9995563230E+04    3.7213222547E-06
    5.0009075550E+04    2.5445812134E-06
    5.0022587860E+04    2.2421489314E-06
    5.0036100170E+04    1.4222196513E-06
    5.0049612490E+04    2.3293793117E-07
    5.0063124800E+04    2.9610236174E-07
    5.0076637120E+04    1.3623857149E-06
    5.0090149430E+04    1.9220512068E-06
    5.0103661750E+04    1.6781401691E-06
    5.0117174060E+04    1.3619177709E-06
    5.0130686370E+04    1.3208214661E-06
    5.0144198690E+04    1.4058635928E-06
    5.0157711000E+04    1.9369214906E-06
    5.0171223320E+04    2.2862804750E-06
    5.0184735630E+04    2.2665094233E-06
    5.0198247950E+04    1.1471365377E-06
    5.0211760260E+04    8.2417907386E-07
    5.0225272580E+04    1.2988978087E-06
    5.0238784890E+04    2.5894380184E-06
    5.0252297200E+04    1.9255827408E-06
    5.0265809520E+04    1.2800936535E-06
    5.0279321830E+04    6.3019571841E-07
    5.0292834150E+04    5.2255686528E-07
    5.0306346460E+04    7.8334036756E-07
    5.0319858780E+04    9.0890029691E-07
    5.0333371090E+04    9.2504189534E-07
    5.0346883410E+04    6.7381883827E-08
    5.0360395720E+04    4.9561594031E-07
    5.0373908030E+04    7.3659129851E-07
    5.0387420350E+04    4.2967055895E-07
    5.0400932660E+04    1.4359471479E-08
    5.0414444980E+04    4.2701869940E-09
    5.0427957290E+04    4.2639944417E-09
    5.0441469610E+04    4.2577907922E-09
    5.0454981920E+04    4.2515755992E-09
    5.0468494230E+04    4.2453493524E-09
    5.0482006550E+04    4.2391110273E-09
    5.0495518860E+04    1.6436375999E-08
    5.0509031180E+04    1.1272958911E-07
    5.0522543490E+04    2.3861691293E-07
    5.0536055810E+04    1.4377106793E-07
    5.0549568120E+04    9.2132618668E-09
    5.0563080440E+04    4.2014073626E-09
    5.0576592750E+04    4.1950764213E-09
    5.0590105060E+04    4.1887320098E-09
    5.0603617380E+04    4.1823720435E-09
    5.0617129690E+04    7.3595963996E-08
    5.0630642010E+04    3.1455001995E-06
    5.0644154320E+04    4.0276408864E-06
    5.0657666640E+04    5.0005328406E-06
    5.0671178950E+04    4.0626685985E-06
    5.0684691260E+04    2.9321846719E-06
    5.0698203580E+04    1.2779867653E-06
    5.0711715890E+04    1.3686940054E-07
    5.0725228210E+04    6.7734824922E-09
    5.0738740520E+04    4.1284262591E-09
    5.0752252840E+04    4.1231754575E-09
    5.0765765150E+04    3.8181113284E-08
    5.0779277470E+04    1.3761672885E-06
    5.0792789780E+04    3.3760352127E-08
    5.0806302090E+04    4.1064106445E-09
    5.0819814410E+04    4.1010405576E-09
    5.0833326720E+04    4.0956444768E-09
    5.0846839040E+04    4.0902250106E-09
    5.0860351350E+04    1.1032203860E-08
    5.0873863670E+04    3.3876853840E-07
    5.0887375980E+04    5.2120214116E-07
    5.0900888290E+04    1.3212504944E-07
    5.0914400610E+04    1.8242768407E-08
    5.0927912920E+04    4.2472050602E-09
    5.0941425240E+04    4.0515777535E-09
    5.0954937550E+04    4.5307173292E-09
    5.0968449870E+04    5.6298990285E-08
    5.0981962180E+04    7.5955719426E-07
    5.0995474500E+04    1.0332279857E-06
