###   Wavelength (A)        Transmission
    2.0004663860E+04    4.7032449088E-15
    2.0020744780E+04    6.9279831397E-16
    2.0036825700E+04    2.6500958337E-16
    2.0052906620E+04    8.3730054724E-16
    2.0068987540E+04    4.3803444972E-15
    2.0085068460E+04    4.2051020692E-15
    2.0101149380E+04    5.0361560941E-15
    2.0117230300E+04    9.5182959270E-15
    2.0133311220E+04    1.6293757136E-14
    2.0149392140E+04    2.3123964746E-14
    2.0165473060E+04    2.9830900976E-14
    2.0181553980E+04    3.4934156566E-14
    2.0197634900E+04    3.8506140108E-14
    2.0213715820E+04    4.0768396707E-14
    2.0229796740E+04    4.0482817898E-14
    2.0245877660E+04    3.7560352484E-14
    2.0261958580E+04    3.6612796585E-14
    2.0278039490E+04    3.6708817425E-14
    2.0294120410E+04    3.5263753521E-14
    2.0310201330E+04    3.3048079495E-14
    2.0326282250E+04    3.2032850651E-14
    2.0342363170E+04    3.1275311958E-14
    2.0358444090E+04    2.9420285302E-14
    2.0374525010E+04    2.7051476291E-14
    2.0390605930E+04    2.2469707268E-14
    2.0406686850E+04    1.7980808312E-14
    2.0422767770E+04    1.3096567310E-14
    2.0438848690E+04    9.2116655954E-15
    2.0454929610E+04    4.9925374441E-15
    2.0471010530E+04    2.4279208452E-15
    2.0487091450E+04    2.1885181924E-15
    2.0503172370E+04    2.5975606252E-15
    2.0519253290E+04    1.1447388484E-15
    2.0535334210E+04    5.4120366386E-16
    2.0551415130E+04    6.7228469050E-16
    2.0567496050E+04    1.5254044177E-15
    2.0583576970E+04    1.1374034597E-15
    2.0599657880E+04    5.6955057437E-16
    2.0615738800E+04    3.1281347806E-16
    2.0631819720E+04    1.9163284280E-16
    2.0647900640E+04    3.2580695864E-16
    2.0663981560E+04    9.3376917185E-16
    2.0680062480E+04    2.5597069714E-16
    2.0696143400E+04    7.9285661133E-18
    2.0712224320E+04    8.4475859106E-18
    2.0728305240E+04    3.0889044677E-16
    2.0744386160E+04    4.8996653419E-16
    2.0760467080E+04    1.6390036102E-17
    2.0776548000E+04    9.1626073998E-18
    2.0792628920E+04    4.3079257297E-16
    2.0808709840E+04    3.0986518366E-15
    2.0824790760E+04    1.3880074638E-15
    2.0840871680E+04    1.3009920520E-15
    2.0856952600E+04    2.1653342291E-15
    2.0873033520E+04    4.1461122641E-15
    2.0889114440E+04    5.2007513591E-15
    2.0905195360E+04    5.2162407874E-15
    2.0921276270E+04    1.9766370617E-16
    2.0937357190E+04    7.8476046237E-18
    2.0953438110E+04    2.8495980145E-16
    2.0969519030E+04    1.1262518841E-14
    2.0985599950E+04    8.5876820450E-16
    2.1001680870E+04    2.9980193675E-17
    2.1017761790E+04    3.0965445052E-16
    2.1033842710E+04    1.5921455532E-14
    2.1049923630E+04    2.5671665549E-14
    2.1066004550E+04    1.1208719777E-14
    2.1082085470E+04    1.2152959869E-14
    2.1098166390E+04    2.6103185146E-14
    2.1114247310E+04    3.6218386717E-14
    2.1130328230E+04    2.7547336609E-14
    2.1146409150E+04    9.4443456110E-15
    2.1162490070E+04    4.3977857015E-16
    2.1178570990E+04    7.2283987217E-17
    2.1194651910E+04    2.3638233963E-15
    2.1210732830E+04    7.6927018930E-14
    2.1226813750E+04    2.4280302162E-15
    2.1242894660E+04    7.3670789020E-17
    2.1258975580E+04    7.5762945554E-16
    2.1275056500E+04    2.3972069898E-14
    2.1291137420E+04    6.8064286655E-15
    2.1307218340E+04    2.0303168654E-16
    2.1323299260E+04    1.9417055237E-16
    2.1339380180E+04    5.4527153091E-15
    2.1355461100E+04    3.6917686082E-14
    2.1371542020E+04    2.1974673816E-14
    2.1387622940E+04    1.0113681562E-14
    2.1403703860E+04    6.6733686636E-16
    2.1419784780E+04    2.6199355728E-15
    2.1435865700E+04    5.3325743906E-15
    2.1451946620E+04    1.9199652009E-14
    2.1468027540E+04    2.8919967751E-15
    2.1484108460E+04    1.1493601999E-16
    2.1500189380E+04    1.7982447946E-16
    2.1516270300E+04    5.6795825844E-15
    2.1532351220E+04    1.7587039323E-14
    2.1548432140E+04    5.5834349259E-16
    2.1564513050E+04    3.9414939540E-17
    2.1580593970E+04    1.1153858271E-15
    2.1596674890E+04    3.3902639729E-14
    2.1612755810E+04    1.7249298499E-14
    2.1628836730E+04    8.2276682572E-15
    2.1644917650E+04    4.9421480053E-15
    2.1660998570E+04    5.2967324846E-15
    2.1677079490E+04    1.2987810073E-14
    2.1693160410E+04    1.5567612499E-14
    2.1709241330E+04    1.1909655180E-14
    2.1725322250E+04    7.0880616011E-16
    2.1741403170E+04    4.2868382542E-17
    2.1757484090E+04    8.1841073196E-16
    2.1773565010E+04    2.9105371665E-14
    2.1789645930E+04    1.1358238101E-14
    2.1805726850E+04    3.4493665190E-16
    2.1821807770E+04    1.2745991574E-16
    2.1837888690E+04    3.5946472939E-15
    2.1853969610E+04    5.8422411634E-14
    2.1870050530E+04    2.2481685857E-15
    2.1886131450E+04    8.7773411348E-17
    2.1902212360E+04    4.7018493002E-16
    2.1918293280E+04    9.1132109932E-15
    2.1934374200E+04    3.6318944835E-14
    2.1950455120E+04    3.0125672884E-14
    2.1966536040E+04    1.5972236269E-14
    2.1982616960E+04    1.1806313072E-15
    2.1998697880E+04    9.0579743501E-17
    2.2014778800E+04    1.3423844821E-15
    2.2030859720E+04    3.9907905035E-14
    2.2046940640E+04    2.8227285313E-14
    2.2063021560E+04    1.1401852316E-15
    2.2079102480E+04    2.2454800193E-16
    2.2095183400E+04    6.5609019125E-15
    2.2111264320E+04    1.9191733820E-13
    2.2127345240E+04    1.5565951021E-14
    2.2143426160E+04    6.8176216567E-16
    2.2159507080E+04    9.9459384983E-16
    2.2175588000E+04    2.3748844083E-14
    2.2191668920E+04    2.4537640763E-13
    2.2207749840E+04    1.5638135889E-13
    2.2223830750E+04    1.3315366916E-13
    2.2239911670E+04    1.2647982528E-14
    2.2255992590E+04    1.0846766120E-15
    2.2272073510E+04    2.3915815858E-15
    2.2288154430E+04    5.5020607682E-14
    2.2304235350E+04    6.5054152452E-13
    2.2320316270E+04    3.0562719032E-14
    2.2336397190E+04    1.4833098550E-15
    2.2352478110E+04    5.8323784063E-15
    2.2368559030E+04    1.2423025693E-13
    2.2384639950E+04    3.6789987597E-13
    2.2400720870E+04    1.9905175558E-14
    2.2416801790E+04    1.1064297394E-15
    2.2432882710E+04    1.9734910874E-14
    2.2448963630E+04    5.4553637847E-13
    2.2465044550E+04    1.3111763565E-12
    2.2481125470E+04    9.0413676475E-13
    2.2497206390E+04    8.1659928918E-13
    2.2513287310E+04    7.8153553490E-13
    2.2529368230E+04    7.4901769778E-13
    2.2545449140E+04    9.9591338789E-13
    2.2561530060E+04    1.7343046057E-12
    2.2577610980E+04    1.7996771344E-12
    2.2593691900E+04    1.0997637459E-13
    2.2609772820E+04    6.9347047809E-15
    2.2625853740E+04    5.4241150092E-14
    2.2641934660E+04    1.3671525453E-12
    2.2658015580E+04    3.7126093433E-12
    2.2674096500E+04    1.7381459468E-13
    2.2690177420E+04    8.2730632425E-15
    2.2706258340E+04    9.2643775571E-14
    2.2722339260E+04    2.0099761124E-12
    2.2738420180E+04    3.2907191433E-12
    2.2754501100E+04    1.6829009344E-13
    2.2770582020E+04    8.8971424305E-15
    2.2786662940E+04    3.6154831686E-14
    2.2802743860E+04    4.2304087920E-13
    2.2818824780E+04    1.7491038831E-12
    2.2834905700E+04    1.9023054862E-12
    2.2850986620E+04    2.0724417677E-12
    2.2867067530E+04    2.3472567519E-13
    2.2883148450E+04    1.3565613725E-12
    2.2899229370E+04    1.7388516654E-12
    2.2915310290E+04    6.7345579538E-13
    2.2931391210E+04    1.3275852563E-11
    2.2947472130E+04    9.6747966953E-13
    2.2963553050E+04    1.9142037839E-12
    2.2979633970E+04    3.0424200255E-12
    2.2995714890E+04    1.0367099232E-12
    2.3011795810E+04    1.9722363202E-11
    2.3027876730E+04    8.4942629144E-12
    2.3043957650E+04    4.8497053026E-12
    2.3060038570E+04    5.6121397443E-12
    2.3076119490E+04    7.7726746770E-12
    2.3092200410E+04    1.7551226143E-11
    2.3108281330E+04    1.9072828905E-11
    2.3124362250E+04    1.7740617353E-11
    2.3140443170E+04    8.6131576482E-12
    2.3156524090E+04    1.0775050664E-12
    2.3172605010E+04    4.6615280981E-12
    2.3188685920E+04    1.5069217337E-11
    2.3204766840E+04    3.1524432285E-11
    2.3220847760E+04    7.4157648712E-11
    2.3236928680E+04    5.4378400773E-12
    2.3253009600E+04    4.4206986086E-13
    2.3269090520E+04    9.0838134867E-13
    2.3285171440E+04    1.9338685072E-11
    2.3301252360E+04    4.1112863153E-10
    2.3317333280E+04    3.2184072080E-11
    2.3333414200E+04    1.8690716615E-12
    2.3349495120E+04    7.3512097769E-13
    2.3365576040E+04    1.1363277253E-11
    2.3381656960E+04    1.8843821547E-10
    2.3397737880E+04    1.5086760907E-10
    2.3413818800E+04    9.6442024978E-11
    2.3429899720E+04    7.7898890666E-11
    2.3445980640E+04    7.8223329867E-11
    2.3462061560E+04    7.8094469771E-11
    2.3478142480E+04    9.5849551614E-11
    2.3494223400E+04    1.5519013651E-10
    2.3510304310E+04    3.5468941696E-10
    2.3526385230E+04    4.6014033219E-11
    2.3542466150E+04    3.2852755991E-12
    2.3558547070E+04    6.8823123362E-13
    2.3574627990E+04    1.1879598533E-11
    2.3590708910E+04    2.0656813865E-10
    2.3606789830E+04    3.5816753451E-10
    2.3622870750E+04    1.4236711246E-10
    2.3638951670E+04    7.2503887692E-11
    2.3655032590E+04    1.2308903105E-10
    2.3671113510E+04    2.8908591153E-10
    2.3687194430E+04    6.5925436176E-10
    2.3703275350E+04    2.0808555828E-10
    2.3719356270E+04    9.7087522967E-11
    2.3735437190E+04    8.7738433513E-11
    2.3751518110E+04    1.4681308985E-10
    2.3767599030E+04    2.6252306278E-10
    2.3783679950E+04    3.2883348262E-10
    2.3799760870E+04    3.6774794864E-10
    2.3815841790E+04    3.7015908315E-10
    2.3831922710E+04    1.3110358589E-10
    2.3848003620E+04    1.1011717887E-10
    2.3864084540E+04    2.7837617725E-10
    2.3880165460E+04    2.2485396357E-10
    2.3896246380E+04    3.1034950026E-10
    2.3912327300E+04    9.1608432531E-11
    2.3928408220E+04    7.4487819536E-12
    2.3944489140E+04    6.2081153916E-13
    2.3960570060E+04    6.1364936239E-12
    2.3976650980E+04    1.0323092645E-10
    2.3992731900E+04    7.4068535373E-10
    2.4008812820E+04    4.4086043087E-11
    2.4024893740E+04    2.6533809536E-12
    2.4040974660E+04    1.3316011823E-12
    2.4057055580E+04    1.7562948437E-11
    2.4073136500E+04    2.3215458401E-10
    2.4089217420E+04    6.1644102100E-10
    2.4105298340E+04    6.2195197608E-10
    2.4121379260E+04    6.2940864380E-10
    2.4137460180E+04    6.8782822377E-11
    2.4153541100E+04    5.0436898270E-12
    2.4169622010E+04    4.9981243714E-13
    2.4185702930E+04    7.5631255797E-12
    2.4201783850E+04    1.1502253252E-10
    2.4217864770E+04    4.4317167621E-10
    2.4233945690E+04    2.9712311099E-11
    2.4250026610E+04    2.0041345795E-12
    2.4266107530E+04    1.5038946146E-12
    2.4282188450E+04    2.3171782898E-11
    2.4298269370E+04    3.5655857737E-10
    2.4314350290E+04    1.8281032875E-10
    2.4330431210E+04    1.1920231488E-11
    2.4346512130E+04    7.8350461546E-13
    2.4362593050E+04    3.2396467579E-12
    2.4378673970E+04    4.0568957449E-11
    2.4394754890E+04    5.1215394184E-10
    2.4410835810E+04    2.8985836982E-10
    2.4426916730E+04    1.9046247646E-10
    2.4442997650E+04    1.2598239708E-10
    2.4459078570E+04    1.4352642504E-11
    2.4475159490E+04    1.8676599645E-12
    2.4491240400E+04    8.1701130180E-13
    2.4507321320E+04    1.0832607620E-11
    2.4523402240E+04    1.4680800300E-10
    2.4539483160E+04    3.1396850529E-10
    2.4555564080E+04    2.3341019810E-11
    2.4571645000E+04    1.7815547835E-12
    2.4587725920E+04    1.6576171511E-12
    2.4603806840E+04    2.5494823727E-11
    2.4619887760E+04    3.9636097785E-10
    2.4635968680E+04    4.0892877362E-10
    2.4652049600E+04    7.1166787814E-11
    2.4668130520E+04    1.4914953408E-11
    2.4684211440E+04    2.4556651272E-11
    2.4700292360E+04    1.2321516012E-10
    2.4716373280E+04    8.1150227474E-10
    2.4732454200E+04    8.7406065211E-10
    2.4748535120E+04    5.1453324343E-10
    2.4764616040E+04    3.2474115628E-10
    2.4780696960E+04    2.5730368774E-10
    2.4796777880E+04    2.2071061098E-10
    2.4812858790E+04    1.9204552852E-10
    2.4828939710E+04    2.6658526579E-10
    2.4845020630E+04    4.3389705066E-10
    2.4861101550E+04    9.0468111608E-10
    2.4877182470E+04    9.2470347157E-11
    2.4893263390E+04    7.2293167511E-12
    2.4909344310E+04    5.6801319848E-13
    2.4925425230E+04    6.4299208813E-12
    2.4941506150E+04    3.4215246032E-09
    2.4957587070E+04    4.9366614684E-08
    2.4973667990E+04    3.8820238251E-09
    2.4989748910E+04    2.8224074888E-10
    2.4997781620E+04    2.0592159401E-11
    2.5005829830E+04    2.2932942591E-10
    2.5011293930E+04    8.9094649397E-09
    2.5021910750E+04    2.0753101070E-08
    2.5024806240E+04    2.6520348729E-09
    2.5038318560E+04    8.7807156316E-09
    2.5051830870E+04    1.5271980755E-10
    2.5065343190E+04    4.0031228183E-09
    2.5078855500E+04    2.0567766159E-09
    2.5092367820E+04    1.2695299148E-09
    2.5105880130E+04    2.3997378236E-09
    2.5119392440E+04    2.2316658463E-09
    2.5132904760E+04    1.6514598329E-09
    2.5146417070E+04    1.3471743982E-09
    2.5159929390E+04    8.1074884614E-10
    2.5173441700E+04    1.9440197183E-09
    2.5186954020E+04    9.5101643284E-10
    2.5200466330E+04    1.1185229135E-09
    2.5213978650E+04    2.4802885813E-09
    2.5227490960E+04    1.1337066569E-09
    2.5241003270E+04    1.6897938258E-09
    2.5254515590E+04    2.6009258352E-10
    2.5268027900E+04    9.2856601545E-10
    2.5281540220E+04    1.0244678805E-10
    2.5295052530E+04    3.7056219308E-11
    2.5308564850E+04    6.8360423217E-10
    2.5322077160E+04    6.6829417555E-10
    2.5335589480E+04    1.2569157250E-09
    2.5349101790E+04    6.3320998100E-10
    2.5362614100E+04    2.8525244774E-10
    2.5376126420E+04    3.2093377928E-10
    2.5389638730E+04    4.7078080799E-10
    2.5403151050E+04    5.1089646795E-10
    2.5416663360E+04    3.6063894430E-10
    2.5430175680E+04    4.7607841432E-10
    2.5443687990E+04    2.7432102479E-10
    2.5457200300E+04    3.1262592632E-11
    2.5470712620E+04    1.3293471121E-10
    2.5484224930E+04    2.4038622833E-10
    2.5497737250E+04    2.4704445139E-10
    2.5511249560E+04    2.4389712388E-10
    2.5524761880E+04    2.1007363509E-10
    2.5538274190E+04    2.0360703659E-10
    2.5551786510E+04    1.0425764700E-10
    2.5565298820E+04    1.1382762489E-10
    2.5578811130E+04    1.2134274509E-10
    2.5592323450E+04    8.3742728917E-11
    2.5605835760E+04    6.2797973661E-11
    2.5619348080E+04    1.6020397203E-11
    2.5632860390E+04    4.3138477337E-11
    2.5646372710E+04    1.9094300654E-11
    2.5659885020E+04    2.2244008913E-11
    2.5673397330E+04    1.9172690866E-11
    2.5686909650E+04    8.7186596818E-12
    2.5700421960E+04    4.7965771072E-12
    2.5713934280E+04    1.2548782182E-11
    2.5727446590E+04    1.3170129514E-11
    2.5740958910E+04    1.5738992150E-11
    2.5754471220E+04    6.1939220033E-12
    2.5767983540E+04    1.0353402705E-11
    2.5781495850E+04    2.8791527469E-11
    2.5795008160E+04    2.2267174948E-11
    2.5808520480E+04    1.6320484375E-11
    2.5822032790E+04    3.9713737504E-11
    2.5835545110E+04    2.8668954540E-11
    2.5849057420E+04    1.1101879159E-11
    2.5862569740E+04    7.0994796954E-14
    2.5876082050E+04    7.5206667555E-12
    2.5889594370E+04    1.1355013999E-11
    2.5903106680E+04    1.3338354784E-12
    2.5916618990E+04    7.9771484234E-12
    2.5930131310E+04    7.6551885728E-12
    2.5943643620E+04    1.8617627431E-11
    2.5957155940E+04    8.0092537624E-12
    2.5970668250E+04    1.9974026190E-11
    2.5984180570E+04    1.0635844184E-11
    2.5997692880E+04    3.0605928111E-12
    2.6011205190E+04    1.5347686722E-11
    2.6024717510E+04    5.9854158944E-12
    2.6038229820E+04    8.6576301884E-12
    2.6051742140E+04    1.3677760083E-11
    2.6065254450E+04    2.5492320905E-11
    2.6078766770E+04    2.5874011883E-11
    2.6092279080E+04    1.8253433826E-11
    2.6105791400E+04    1.5189203445E-11
    2.6119303710E+04    1.3378110939E-11
    2.6132816020E+04    1.8408126670E-12
    2.6146328340E+04    1.3155359091E-11
    2.6159840650E+04    1.6125139866E-11
    2.6173352970E+04    1.9616195395E-11
    2.6186865280E+04    1.6866660823E-11
    2.6200377600E+04    2.4194663084E-11
    2.6213889910E+04    3.6769911552E-11
    2.6227402220E+04    1.0985972030E-11
    2.6240914540E+04    5.4153470099E-12
    2.6254426850E+04    1.4971914246E-11
    2.6267939170E+04    1.2702670069E-11
    2.6281451480E+04    2.5681092650E-11
    2.6294963800E+04    2.3351657036E-11
    2.6308476110E+04    2.5439605970E-11
    2.6321988430E+04    1.1586558585E-11
    2.6335500740E+04    1.9770721747E-12
    2.6349013050E+04    3.0070424968E-12
    2.6362525370E+04    1.0245263072E-11
    2.6376037680E+04    8.5647498341E-12
    2.6389550000E+04    4.6463696677E-12
    2.6403062310E+04    3.5791712629E-12
    2.6416574630E+04    3.7380105810E-12
    2.6430086940E+04    3.4647312952E-12
    2.6443599250E+04    7.0191397804E-12
    2.6457111570E+04    9.9999222670E-12
    2.6470623880E+04    1.7096471700E-11
    2.6484136200E+04    2.7026565398E-12
    2.6497648510E+04    1.7106806665E-11
    2.6511160830E+04    1.7597126544E-11
    2.6524673140E+04    8.6068018209E-12
    2.6538185460E+04    8.3657551105E-12
    2.6551697770E+04    2.2484701686E-11
    2.6565210080E+04    4.1410472450E-12
    2.6578722400E+04    1.0989572689E-11
    2.6592234710E+04    8.5067920393E-12
    2.6605747030E+04    2.4424783051E-12
    2.6619259340E+04    1.3521858363E-11
    2.6632771660E+04    2.5458715855E-11
    2.6646283970E+04    2.6920201925E-11
    2.6659796290E+04    2.2722073391E-11
    2.6673308600E+04    3.8520319572E-11
    2.6686820910E+04    5.2851331440E-11
    2.6700333230E+04    2.6184921421E-11
    2.6713845540E+04    1.9928894535E-11
    2.6727357860E+04    7.2567992891E-12
    2.6740870170E+04    7.5866836300E-14
    2.6754382490E+04    2.8828004321E-13
    2.6767894800E+04    1.1264729452E-11
    2.6781407110E+04    5.8920573581E-12
    2.6794919430E+04    1.0719361197E-11
    2.6808431740E+04    1.1815881173E-11
    2.6821944060E+04    3.2291802754E-12
    2.6835456370E+04    3.4654898402E-12
    2.6848968690E+04    2.5572112559E-12
    2.6862481000E+04    1.2993800699E-12
    2.6875993320E+04    9.8212620476E-12
    2.6889505630E+04    4.1059170030E-14
    2.6903017940E+04    1.0837892198E-11
    2.6916530260E+04    1.7574070734E-11
    2.6930042570E+04    5.9966885717E-12
    2.6943554890E+04    2.5921965985E-12
    2.6957067200E+04    2.7532885150E-13
    2.6970579520E+04    5.4270318904E-12
    2.6984091830E+04    8.3226322228E-12
    2.6997604140E+04    2.4256347523E-12
    2.7011116460E+04    1.2086383122E-12
    2.7024628770E+04    7.6052703799E-12
    2.7038141090E+04    9.4599044876E-12
    2.7051653400E+04    6.1425448697E-12
    2.7065165720E+04    4.0531223463E-12
    2.7078678030E+04    3.4113004582E-12
    2.7092190350E+04    8.0691962005E-12
    2.7105702660E+04    1.0556548900E-11
    2.7119214970E+04    2.0747749529E-13
    2.7132727290E+04    3.8232877230E-12
    2.7146239600E+04    4.7737585829E-12
    2.7159751920E+04    5.4103243913E-12
    2.7173264230E+04    1.6652181649E-14
    2.7186776550E+04    4.2065309161E-12
    2.7200288860E+04    1.8331354980E-14
    2.7213801170E+04    3.9449641685E-13
    2.7227313490E+04    5.9953515275E-14
    2.7240825800E+04    1.3903482153E-14
    2.7254338120E+04    5.3788785574E-14
    2.7267850430E+04    1.7472480476E-14
    2.7281362750E+04    3.4828813986E-14
    2.7294875060E+04    6.1237435558E-13
    2.7308387380E+04    5.0108319826E-12
    2.7321899690E+04    1.2583340630E-11
    2.7335412000E+04    2.3540256892E-11
    2.7348924320E+04    9.5073945900E-13
    2.7362436630E+04    5.6991431651E-13
    2.7375948950E+04    9.7315116139E-12
    2.7389461260E+04    1.6112020010E-11
    2.7402973580E+04    1.0798822660E-11
    2.7416485890E+04    1.9103080538E-14
    2.7429998210E+04    1.2577511944E-12
    2.7443510520E+04    2.7875055626E-14
    2.7457022830E+04    6.8398352010E-14
    2.7470535150E+04    1.6661662445E-11
    2.7484047460E+04    8.2802255209E-12
    2.7497559780E+04    1.9413666724E-11
    2.7511072090E+04    2.5364078457E-11
    2.7524584410E+04    8.9339516414E-13
    2.7538096720E+04    6.4122187644E-12
    2.7551609030E+04    4.7758546970E-12
    2.7565121350E+04    1.2214568084E-12
    2.7578633660E+04    3.4051250343E-12
    2.7592145980E+04    4.1643576430E-12
    2.7605658290E+04    1.9332050063E-12
    2.7619170610E+04    1.9893930207E-12
    2.7632682920E+04    1.9991684121E-12
    2.7646195240E+04    3.4649425165E-12
    2.7659707550E+04    1.3073424167E-11
    2.7673219860E+04    1.2538526073E-11
    2.7686732180E+04    2.0895110003E-11
    2.7700244490E+04    1.0320802194E-11
    2.7713756810E+04    5.1254316164E-12
    2.7727269120E+04    2.8193598729E-14
    2.7740781440E+04    6.7970510030E-12
    2.7754293750E+04    1.6218223759E-12
    2.7767806060E+04    2.0394257319E-14
    2.7781318380E+04    1.6549625052E-11
    2.7794830690E+04    8.0831871402E-12
    2.7808343010E+04    1.3479429731E-11
    2.7821855320E+04    6.5201551538E-12
    2.7835367640E+04    1.1950596528E-11
    2.7848879950E+04    1.3439172628E-11
    2.7862392270E+04    7.0900846811E-12
    2.7875904580E+04    8.3575163567E-13
    2.7889416890E+04    6.3673235273E-13
    2.7902929210E+04    1.8988074171E-12
    2.7916441520E+04    4.3440793857E-12
    2.7929953840E+04    4.6613911858E-12
    2.7943466150E+04    2.3567872533E-12
    2.7956978470E+04    4.1264304031E-13
    2.7970490780E+04    3.7212117319E-12
    2.7984003090E+04    4.6032824283E-12
    2.7997515410E+04    1.0514410376E-14
    2.8011027720E+04    2.2025189124E-14
    2.8024540040E+04    1.9715538243E-12
    2.8038052350E+04    1.7507494509E-14
    2.8051564670E+04    8.1231343102E-12
    2.8065076980E+04    9.3905635624E-12
    2.8078589300E+04    2.0602588023E-11
    2.8092101610E+04    2.8577271161E-11
    2.8105613920E+04    8.6370502086E-12
    2.8119126240E+04    4.5504172885E-13
    2.8132638550E+04    2.1370231068E-14
    2.8146150870E+04    2.1570649277E-14
    2.8159663180E+04    6.9769465279E-14
    2.8173175500E+04    2.6444976573E-14
    2.8186687810E+04    6.8023846433E-12
    2.8200200130E+04    9.5053109220E-12
    2.8213712440E+04    4.2152391103E-12
    2.8227224750E+04    5.8743305384E-12
    2.8240737070E+04    2.5768980052E-12
    2.8254249380E+04    3.1476847859E-12
    2.8267761700E+04    4.3459659781E-12
    2.8281274010E+04    8.6242854356E-12
    2.8294786330E+04    1.3857390023E-11
    2.8308298640E+04    1.0725679599E-11
    2.8321810950E+04    2.7310090672E-12
    2.8335323270E+04    5.7361699959E-14
    2.8348835580E+04    8.0383435617E-15
    2.8362347900E+04    5.3644651451E-15
    2.8375860210E+04    4.0288583985E-15
    2.8389372530E+04    2.8176150065E-14
    2.8402884840E+04    4.5379026391E-13
    2.8416397160E+04    4.7928971701E-12
    2.8429909470E+04    4.8773188448E-12
    2.8443421780E+04    8.6976799809E-14
    2.8456934100E+04    1.0006859897E-14
    2.8470446410E+04    1.1532772964E-14
    2.8483958730E+04    1.3269944167E-14
    2.8497471040E+04    4.9578843181E-12
    2.8510983360E+04    1.5787631029E-14
    2.8524495670E+04    1.3966843920E-14
    2.8538007980E+04    2.3981754660E-13
    2.8551520300E+04    5.2436376186E-12
    2.8565032610E+04    3.4876972073E-12
    2.8578544930E+04    7.6232054995E-12
    2.8592057240E+04    1.2746113276E-11
    2.8605569560E+04    6.6298952910E-12
    2.8619081870E+04    2.0323869797E-12
    2.8632594190E+04    9.1370707913E-13
    2.8646106500E+04    6.3240583692E-13
    2.8659618810E+04    1.9170749062E-12
    2.8673131130E+04    3.8618753889E-12
    2.8686643440E+04    1.0291188034E-12
    2.8700155760E+04    9.8711584800E-15
    2.8713668070E+04    9.1484021852E-13
    2.8727180390E+04    1.0641295817E-11
    2.8740692700E+04    1.6711293367E-12
    2.8754205010E+04    1.9592635759E-12
    2.8767717330E+04    9.5565751056E-15
    2.8781229640E+04    1.1973818811E-13
    2.8794741960E+04    1.2652311719E-13
    2.8808254270E+04    1.5707278972E-13
    2.8821766590E+04    2.1267604454E-12
    2.8835278900E+04    2.8539959524E-13
    2.8848791220E+04    3.5177726729E-15
    2.8862303530E+04    2.8214350167E-14
    2.8875815840E+04    8.8473259502E-13
    2.8889328160E+04    1.7601136816E-12
    2.8902840470E+04    3.5355828410E-12
    2.8916352790E+04    7.6016978126E-13
    2.8929865100E+04    7.6190063221E-14
    2.8943377420E+04    3.2095480756E-14
    2.8956889730E+04    7.0658873369E-13
    2.8970402050E+04    3.9086244755E-15
    2.8983914360E+04    5.5292439584E-14
    2.8997426670E+04    1.7591120310E-12
    2.9010938990E+04    4.3811630991E-15
    2.9024451300E+04    2.5144649551E-13
    2.9037963620E+04    3.8640642806E-13
    2.9051475930E+04    1.5898469246E-13
    2.9064988250E+04    4.2088629916E-14
    2.9078500560E+04    1.7678064309E-12
    2.9092012870E+04    1.3016737112E-14
    2.9105525190E+04    4.3322239012E-13
    2.9119037500E+04    4.4687893329E-12
    2.9132549820E+04    7.5894519649E-12
    2.9146062130E+04    7.5117512775E-12
    2.9159574450E+04    3.8448992082E-12
    2.9173086760E+04    6.1582909296E-12
    2.9186599080E+04    4.1795654253E-12
    2.9200111390E+04    3.4507778651E-12
    2.9213623700E+04    4.2845710495E-12
    2.9227136020E+04    3.6903456066E-12
    2.9240648330E+04    7.8796708895E-12
    2.9254160650E+04    1.1954867540E-11
    2.9267672960E+04    1.1266143908E-11
    2.9281185280E+04    1.5467054628E-11
    2.9294697590E+04    8.7027497497E-12
    2.9308209900E+04    1.2443738001E-11
    2.9321722220E+04    7.2487982161E-12
    2.9335234530E+04    4.6719617218E-12
    2.9348746850E+04    1.3210293882E-12
    2.9362259160E+04    2.8775245077E-13
    2.9375771480E+04    8.2204797657E-12
    2.9389283790E+04    9.2808798131E-12
    2.9402796110E+04    7.7601742800E-12
    2.9416308420E+04    5.2101641559E-12
    2.9429820730E+04    9.7040464776E-12
    2.9443333050E+04    1.5488400441E-11
    2.9456845360E+04    1.6387622983E-11
    2.9470357680E+04    1.7804678522E-11
    2.9483869990E+04    1.7631874905E-11
    2.9497382310E+04    9.6385104091E-12
    2.9510894620E+04    5.1793167421E-13
    2.9524406940E+04    3.2117565395E-12
    2.9537919250E+04    1.2054295009E-12
    2.9551431560E+04    8.0951972723E-12
    2.9564943880E+04    1.8345532048E-11
    2.9578456190E+04    2.2671994468E-11
    2.9591968510E+04    2.2818098376E-11
    2.9605480820E+04    6.9674000111E-12
    2.9618993140E+04    7.0378091036E-12
    2.9632505450E+04    5.0538611351E-13
    2.9646017760E+04    6.2100214741E-12
    2.9659530080E+04    2.1265300917E-14
    2.9673042390E+04    1.9834380289E-14
    2.9686554710E+04    1.8874844671E-14
    2.9700067020E+04    6.5780524417E-13
    2.9713579340E+04    5.1171036911E-12
    2.9727091650E+04    1.0772708776E-12
    2.9740603970E+04    8.7612868847E-13
    2.9754116280E+04    4.5089126601E-12
    2.9767628590E+04    1.3158804500E-11
    2.9781140910E+04    5.0277701340E-12
    2.9794653220E+04    3.6654099228E-12
    2.9808165540E+04    1.9855514973E-11
    2.9821677850E+04    2.3127137211E-11
    2.9835190170E+04    2.1504001581E-11
    2.9848702480E+04    1.7620094726E-11
    2.9862214790E+04    1.8667150376E-11
    2.9875727110E+04    1.3274757287E-11
    2.9889239420E+04    1.3703122968E-11
    2.9902751740E+04    3.0757093008E-13
    2.9916264050E+04    3.7074008498E-12
    2.9929776370E+04    2.9622767659E-13
    2.9943288680E+04    6.0302279476E-12
    2.9956801000E+04    4.1622132925E-12
    2.9970313310E+04    6.1799292452E-13
    2.9983825620E+04    9.1754748982E-13
    2.9997337940E+04    7.7293709970E-12
    3.0010850250E+04    1.0745761142E-11
    3.0024362570E+04    7.2458252015E-12
    3.0037874880E+04    1.6898709896E-11
    3.0051387200E+04    3.0252040880E-12
    3.0064899510E+04    2.1632740399E-12
    3.0078411820E+04    1.4847865360E-12
    3.0091924140E+04    1.3138919426E-11
    3.0105436450E+04    1.3899507927E-11
    3.0118948770E+04    1.3792010730E-11
    3.0132461080E+04    2.4681278356E-11
    3.0145973400E+04    2.9586238382E-11
    3.0159485710E+04    1.1334114948E-11
    3.0172998030E+04    1.1635047720E-12
    3.0186510340E+04    1.6930339764E-14
    3.0200022650E+04    4.2532946719E-13
    3.0213534970E+04    1.9424843558E-12
    3.0227047280E+04    3.7054951878E-13
    3.0240559600E+04    4.2404280468E-12
    3.0254071910E+04    9.7196073535E-12
    3.0267584230E+04    4.2096544913E-12
    3.0281096540E+04    1.4072469914E-12
    3.0294608860E+04    6.0125117836E-12
    3.0308121170E+04    8.6673963401E-12
    3.0321633480E+04    4.5820674712E-12
    3.0335145800E+04    2.6705063533E-12
    3.0348658110E+04    1.6262685075E-12
    3.0362170430E+04    2.2944595075E-12
    3.0375682740E+04    5.7050266936E-14
    3.0389195060E+04    2.0843034357E-12
    3.0402707370E+04    4.5651865312E-12
    3.0416219680E+04    4.7681295554E-12
    3.0429732000E+04    3.0647471050E-12
    3.0443244310E+04    1.4467656277E-11
    3.0456756630E+04    1.3205596024E-11
    3.0470268940E+04    1.5370904383E-11
    3.0483781260E+04    1.5159018046E-11
    3.0497293570E+04    1.8787752538E-11
    3.0510805890E+04    1.1392457665E-11
    3.0524318200E+04    1.0363676252E-11
    3.0537830510E+04    3.7809837461E-12
    3.0551342830E+04    1.1450296707E-11
    3.0564855140E+04    1.6878884919E-11
    3.0578367460E+04    1.7832467457E-11
    3.0591879770E+04    8.5642724913E-12
    3.0605392090E+04    1.2257484111E-11
    3.0618904400E+04    1.1922057602E-11
    3.0632416710E+04    1.3306195267E-11
    3.0645929030E+04    7.9140227748E-12
    3.0659441340E+04    9.8923491607E-12
    3.0672953660E+04    3.0333386018E-12
    3.0686465970E+04    5.7232845068E-12
    3.0699978290E+04    9.3075906061E-12
    3.0713490600E+04    1.0189050136E-11
    3.0727002920E+04    3.0754287511E-12
    3.0740515230E+04    1.7023103542E-12
    3.0754027540E+04    8.6558108767E-13
    3.0767539860E+04    1.6866340134E-12
    3.0781052170E+04    2.5246014295E-12
    3.0794564490E+04    2.1288036392E-12
    3.0808076800E+04    1.3516161574E-12
    3.0821589120E+04    1.9586283861E-12
    3.0835101430E+04    5.1021749612E-12
    3.0848613740E+04    2.6707542536E-12
    3.0862126060E+04    1.8708942548E-14
    3.0875638370E+04    4.1487207714E-12
    3.0889150690E+04    6.4376212628E-12
    3.0902663000E+04    2.5892247117E-12
    3.0916175320E+04    1.3414368408E-12
    3.0929687630E+04    1.6953558349E-12
    3.0943199950E+04    1.2451239984E-12
    3.0956712260E+04    2.1391997326E-13
    3.0970224570E+04    1.3578878918E-13
    3.0983736890E+04    6.6761967797E-15
    3.0997249200E+04    3.4464949671E-13
    3.1010761520E+04    1.9397824030E-14
    3.1024273830E+04    9.8316504505E-15
    3.1037786150E+04    3.6045366059E-13
    3.1051298460E+04    1.8086478834E-13
    3.1064810780E+04    2.0628860571E-15
    3.1078323090E+04    1.1349440290E-13
    3.1091835400E+04    3.5538182623E-13
    3.1105347720E+04    5.4968864184E-13
    3.1118860030E+04    2.9656456036E-13
    3.1132372350E+04    2.8232941792E-13
    3.1145884660E+04    1.2195922337E-13
    3.1159396980E+04    1.6421272959E-13
    3.1172909290E+04    9.8943888882E-14
    3.1186421600E+04    7.3318279732E-14
    3.1199933920E+04    8.4594962308E-14
    3.1213446230E+04    7.1823965443E-14
    3.1226958550E+04    1.1530588127E-13
    3.1240470860E+04    6.4858866685E-14
    3.1253983180E+04    7.3127311326E-14
    3.1267495490E+04    7.6217682191E-13
    3.1281007810E+04    2.5224289452E-12
    3.1294520120E+04    2.8563640498E-12
    3.1308032430E+04    4.4398627919E-12
    3.1321544750E+04    4.9338157992E-12
    3.1335057060E+04    7.6196026092E-12
    3.1348569380E+04    5.5915752316E-12
    3.1362081690E+04    2.6811021160E-12
    3.1375594010E+04    2.3615644253E-12
    3.1389106320E+04    1.2664752296E-12
    3.1402618630E+04    8.4029103706E-13
    3.1416130950E+04    7.5514039927E-13
    3.1429643260E+04    6.5189549986E-12
    3.1443155580E+04    1.0418137298E-11
    3.1456667890E+04    1.0623185865E-11
    3.1470180210E+04    1.0107009854E-11
    3.1483692520E+04    1.5178073604E-11
    3.1497204840E+04    1.6631632164E-11
    3.1510717150E+04    1.6244290392E-11
    3.1524229460E+04    1.1579543133E-11
    3.1537741780E+04    8.2160146374E-12
    3.1551254090E+04    1.9044292035E-12
    3.1564766410E+04    1.0536813487E-11
    3.1578278720E+04    9.9935302765E-12
    3.1591791040E+04    9.2134678352E-12
    3.1605303350E+04    8.5828368441E-12
    3.1618815660E+04    7.4788096144E-12
    3.1632327980E+04    5.8551683537E-12
    3.1645840290E+04    1.5860615249E-12
    3.1659352610E+04    1.9585802510E-12
    3.1672864920E+04    1.0559884000E-12
    3.1686377240E+04    6.0104746857E-14
    3.1699889550E+04    3.6712504812E-14
    3.1713401870E+04    2.7403767014E-14
    3.1726914180E+04    3.4542238323E-14
    3.1740426490E+04    5.6810193015E-14
    3.1753938810E+04    3.7728576886E-14
    3.1767451120E+04    2.8843594209E-14
    3.1780963440E+04    3.1573407960E-14
    3.1794475750E+04    2.5487996444E-14
    3.1807988070E+04    4.4864674715E-14
    3.1821500380E+04    7.9857453880E-14
    3.1835012700E+04    6.9136769247E-14
    3.1848525010E+04    4.8562572983E-14
    3.1862037320E+04    2.6371279472E-14
    3.1875549640E+04    1.3645356442E-14
    3.1889061950E+04    3.8101133620E-14
    3.1902574270E+04    1.6026150771E-13
    3.1916086580E+04    1.0052656991E-13
    3.1929598900E+04    6.7514169234E-14
    3.1943111210E+04    1.7000564626E-13
    3.1956623520E+04    3.1137302903E-13
    3.1970135840E+04    1.6031927338E-12
    3.1983648150E+04    2.2743575675E-12
    3.1997160470E+04    2.6396886278E-12
    3.2010672780E+04    1.4025580730E-12
    3.2024185100E+04    1.4516666958E-12
    3.2037697410E+04    2.4199003982E-12
    3.2051209730E+04    1.4413653827E-12
    3.2064722040E+04    1.1053820464E-12
    3.2078234350E+04    1.5257604434E-12
    3.2091746670E+04    6.3490019529E-13
    3.2105258980E+04    2.2427225145E-13
    3.2118771300E+04    4.3009651529E-13
    3.2132283610E+04    1.8802417427E-12
    3.2145795930E+04    6.7992997983E-12
    3.2159308240E+04    1.4103627245E-11
    3.2172820550E+04    1.8734328471E-11
    3.2186332870E+04    1.6604779172E-11
    3.2199845180E+04    1.4116573103E-11
    3.2213357500E+04    1.2219595466E-11
    3.2226869810E+04    7.6259015409E-12
    3.2240382130E+04    6.5063793451E-12
    3.2253894440E+04    6.9177011568E-12
    3.2267406760E+04    4.2012589956E-12
    3.2280919070E+04    3.1205249097E-12
    3.2294431380E+04    5.4355697680E-13
    3.2307943700E+04    7.0867556606E-14
    3.2321456010E+04    2.4734861005E-14
    3.2334968330E+04    2.3227367418E-13
    3.2348480640E+04    1.9244939500E-12
    3.2361992960E+04    3.7850704288E-12
    3.2375505270E+04    4.1640030884E-12
    3.2389017590E+04    4.0336003936E-12
    3.2402529900E+04    2.5346285096E-12
    3.2416042210E+04    4.6470195188E-12
    3.2429554530E+04    3.5735308422E-12
    3.2443066840E+04    2.1872609550E-12
    3.2456579160E+04    3.3707944530E-12
    3.2470091470E+04    2.8289816280E-12
    3.2483603790E+04    2.1517522864E-12
    3.2497116100E+04    6.3606144040E-12
    3.2510628410E+04    1.4019010135E-11
    3.2524140730E+04    1.7811304344E-11
    3.2537653040E+04    2.3080448567E-11
    3.2551165360E+04    2.1834648338E-11
    3.2564677670E+04    1.4372347081E-11
    3.2578189990E+04    1.7582711688E-11
    3.2591702300E+04    2.4032284777E-11
    3.2605214620E+04    1.4729984110E-11
    3.2618726930E+04    1.1339560160E-11
    3.2632239240E+04    1.5937484461E-11
    3.2645751560E+04    1.3853433866E-11
    3.2659263870E+04    1.8424199636E-11
    3.2672776190E+04    1.7782493736E-11
    3.2686288500E+04    1.4114189606E-11
    3.2699800820E+04    5.1114996667E-12
    3.2713313130E+04    5.8066623930E-12
    3.2726825440E+04    1.1785398168E-11
    3.2740337760E+04    1.1065948456E-11
    3.2753850070E+04    5.6664607636E-12
    3.2767362390E+04    3.1764257786E-12
    3.2780874700E+04    5.4135769294E-12
    3.2794387020E+04    4.9150483784E-12
    3.2807899330E+04    3.4533983474E-12
    3.2821411650E+04    5.3002565868E-12
    3.2834923960E+04    3.9004472020E-12
    3.2848436270E+04    1.5035971787E-12
    3.2861948590E+04    9.3020164799E-13
    3.2875460900E+04    4.6604152779E-13
    3.2888973220E+04    2.2736458008E-15
    3.2902485530E+04    4.3100558354E-16
    3.2915997850E+04    1.3286353504E-14
    3.2929510160E+04    6.7476376094E-13
    3.2943022470E+04    8.1382416917E-13
    3.2956534790E+04    7.7081773597E-13
    3.2970047100E+04    3.0028569500E-12
    3.2983559420E+04    4.9391229216E-12
    3.2997071730E+04    2.8474349926E-12
    3.3010584050E+04    1.0977968794E-12
    3.3024096360E+04    1.7021694194E-12
    3.3037608680E+04    3.6221512965E-12
    3.3051120990E+04    5.4331724880E-12
    3.3064633300E+04    4.9297488447E-12
    3.3078145620E+04    5.5776546254E-12
    3.3091657930E+04    7.5751592236E-12
    3.3105170250E+04    5.4218720874E-12
    3.3118682560E+04    3.7418098026E-12
    3.3132194880E+04    6.3841270514E-12
    3.3145707190E+04    1.0485986997E-11
    3.3159219510E+04    4.0714153014E-12
    3.3172731820E+04    7.0423303487E-15
    3.3186244130E+04    1.0415497211E-13
    3.3199756450E+04    1.9024504288E-12
    3.3213268760E+04    2.8240401488E-13
    3.3226781080E+04    2.2487687232E-13
    3.3240293390E+04    3.0244980881E-13
    3.3253805710E+04    3.0428996739E-13
    3.3267318020E+04    1.2966628618E-13
    3.3280830330E+04    1.4065734961E-13
    3.3294342650E+04    3.5252617532E-13
    3.3307854960E+04    4.5235151648E-13
    3.3321367280E+04    3.8209383828E-13
    3.3334879590E+04    2.2064895002E-13
    3.3348391910E+04    1.3372162736E-13
    3.3361904220E+04    4.9057842931E-13
    3.3375416540E+04    6.5949274330E-13
    3.3388928850E+04    1.4088923159E-12
    3.3402441160E+04    1.7395537322E-12
    3.3415953480E+04    1.6734469050E-12
    3.3429465790E+04    1.2776606858E-12
    3.3442978110E+04    1.0590595665E-12
    3.3456490420E+04    9.2242547145E-13
    3.3470002740E+04    3.3090341506E-14
    3.3483515050E+04    3.8507611363E-14
    3.3497027360E+04    2.4327874420E-14
    3.3510539680E+04    1.6436904809E-14
    3.3524051990E+04    2.0940066144E-14
    3.3537564310E+04    2.9483700608E-15
    3.3551076620E+04    1.2023453294E-14
    3.3564588940E+04    6.1127734952E-14
    3.3578101250E+04    9.1771622591E-13
    3.3591613570E+04    6.9902271764E-13
    3.3605125880E+04    5.1002780044E-13
    3.3618638190E+04    2.8384353059E-13
    3.3632150510E+04    1.3196772507E-13
    3.3645662820E+04    1.3612117883E-13
    3.3659175140E+04    1.9262851407E-13
    3.3672687450E+04    1.5574625376E-13
    3.3686199770E+04    1.1430238065E-13
    3.3699712080E+04    1.2848853698E-13
    3.3713224390E+04    9.5577538173E-14
    3.3726736710E+04    2.2503385921E-15
    3.3740249020E+04    3.3985638456E-14
    3.3753761340E+04    1.2211344942E-12
    3.3767273650E+04    1.0550928766E-13
    3.3780785970E+04    6.1319412853E-13
    3.3794298280E+04    1.2045975076E-14
    3.3807810600E+04    5.6180075642E-15
    3.3821322910E+04    5.6325494064E-15
    3.3834835220E+04    5.6429039112E-15
    3.3848347540E+04    5.2436232903E-15
    3.3861859850E+04    5.3465090550E-14
    3.3875372170E+04    2.2567401925E-14
    3.3888884480E+04    2.7205368157E-13
    3.3902396800E+04    2.4048459732E-13
    3.3915909110E+04    7.3448535589E-14
    3.3929421430E+04    3.5925087432E-14
    3.3942933740E+04    1.3302406603E-12
    3.3956446050E+04    1.8184570417E-12
    3.3969958370E+04    6.1677780157E-13
    3.3983470680E+04    1.3223200355E-13
    3.3996983000E+04    8.7587728684E-13
    3.4010495310E+04    4.1533999330E-12
    3.4024007630E+04    5.1269453616E-12
    3.4037519940E+04    2.2675426499E-12
    3.4051032250E+04    5.0996960051E-12
    3.4064544570E+04    9.8628149913E-12
    3.4078056880E+04    1.2109500112E-11
    3.4091569200E+04    8.3782703223E-12
    3.4105081510E+04    2.3839607557E-12
    3.4118593830E+04    2.0886662698E-12
    3.4132106140E+04    1.4168091405E-11
    3.4145618460E+04    5.3107752457E-12
    3.4159130770E+04    2.0099778475E-12
    3.4172643080E+04    8.6370066407E-13
    3.4186155400E+04    3.6887199261E-12
    3.4199667710E+04    9.5270916939E-12
    3.4213180030E+04    1.2151821280E-11
    3.4226692340E+04    9.9069997331E-12
    3.4240204660E+04    6.2563494830E-12
    3.4253716970E+04    4.2063963452E-12
    3.4267229280E+04    3.6019418180E-12
    3.4280741600E+04    3.5697895945E-12
    3.4294253910E+04    4.8714454944E-12
    3.4307766230E+04    7.0664799296E-12
    3.4321278540E+04    9.5092612723E-12
    3.4334790860E+04    1.6598334616E-11
    3.4348303170E+04    3.0490065938E-11
    3.4361815490E+04    5.1698999666E-11
    3.4375327800E+04    8.8616980184E-11
    3.4388840110E+04    1.2642275123E-10
    3.4402352430E+04    1.5880329552E-10
    3.4415864740E+04    2.1930367435E-10
    3.4429377060E+04    2.7096520431E-10
    3.4442889370E+04    2.7493289371E-10
    3.4456401690E+04    2.4942912625E-10
    3.4469914000E+04    2.2595082613E-10
    3.4483426310E+04    2.0331443438E-10
    3.4496938630E+04    1.5965968377E-10
    3.4510450940E+04    1.2937271473E-10
    3.4523963260E+04    1.0622238547E-10
    3.4537475570E+04    8.0842378978E-11
    3.4550987890E+04    6.7373264204E-11
    3.4564500200E+04    6.7545106669E-11
    3.4578012520E+04    6.7691546340E-11
    3.4591524830E+04    8.2251931761E-11
    3.4605037140E+04    9.3327324937E-11
    3.4618549460E+04    1.0498621035E-10
    3.4632061770E+04    9.2403502215E-11
    3.4645574090E+04    8.5802152293E-11
    3.4659086400E+04    1.0200834685E-10
    3.4672598720E+04    1.4466727075E-10
    3.4686111030E+04    1.7369809843E-10
    3.4699623350E+04    1.6524488623E-10
    3.4713135660E+04    1.5793444818E-10
    3.4726647970E+04    1.3673703074E-10
    3.4740160290E+04    1.5459881482E-10
    3.4753672600E+04    1.7611606027E-10
    3.4767184920E+04    1.6939681605E-10
    3.4780697230E+04    1.2842532695E-10
    3.4794209550E+04    8.6211650806E-11
    3.4807721860E+04    6.5202891655E-11
    3.4821234170E+04    7.4818518966E-11
    3.4834746490E+04    7.1686865689E-11
    3.4848258800E+04    5.3773543288E-11
    3.4861771120E+04    3.7322172198E-11
    3.4875283430E+04    3.3675549983E-11
    3.4888795750E+04    3.4799913577E-11
    3.4902308060E+04    3.5773779577E-11
    3.4915820380E+04    3.2708842033E-11
    3.4929332690E+04    2.6090058028E-11
    3.4942845000E+04    2.4933064278E-11
    3.4956357320E+04    2.2136716163E-11
    3.4969869630E+04    1.7154979807E-11
    3.4983381950E+04    1.1733713340E-11
    3.4996894260E+04    9.4215876758E-12
    3.5010406580E+04    1.0797469568E-11
    3.5023918890E+04    1.1317228888E-11
    3.5037431200E+04    1.0141964490E-11
    3.5050943520E+04    9.1252662761E-12
    3.5064455830E+04    7.4674289543E-12
    3.5077968150E+04    8.3258060972E-12
    3.5091480460E+04    1.1139052424E-11
    3.5104992780E+04    1.5207058202E-11
    3.5118505090E+04    1.5684292031E-11
    3.5132017410E+04    1.4325045285E-11
    3.5145529720E+04    1.6174129353E-11
    3.5159042030E+04    1.9860168262E-11
    3.5172554350E+04    2.1924986786E-11
    3.5186066660E+04    2.0532607047E-11
    3.5199578980E+04    1.5280658263E-11
    3.5213091290E+04    1.1751761605E-11
    3.5226603610E+04    1.2920297727E-11
    3.5240115920E+04    1.3972575211E-11
    3.5253628240E+04    1.5690946185E-11
    3.5267140550E+04    2.3672318332E-11
    3.5280652860E+04    3.7851945875E-11
    3.5294165180E+04    5.4834509439E-11
    3.5307677490E+04    4.5453390579E-11
    3.5321189810E+04    3.1420269711E-11
    3.5334702120E+04    2.3054419494E-11
    3.5348214440E+04    1.6683991159E-11
    3.5361726750E+04    1.2606812571E-11
    3.5375239060E+04    9.5870809065E-12
    3.5388751380E+04    5.2234410204E-12
    3.5402263690E+04    2.2691992803E-12
    3.5415776010E+04    2.5616050862E-12
    3.5429288320E+04    2.1002745785E-12
    3.5442800640E+04    1.2229717627E-12
    3.5456312950E+04    1.2986088701E-12
    3.5469825270E+04    3.7032709513E-12
    3.5483337580E+04    7.0950526749E-12
    3.5496849890E+04    1.4750392329E-11
    3.5510362210E+04    2.1886013688E-11
    3.5523874520E+04    1.9877879317E-11
    3.5537386840E+04    1.9012140639E-11
    3.5550899150E+04    2.1319852962E-11
    3.5564411470E+04    2.1956957623E-11
    3.5577923780E+04    2.9151383203E-11
    3.5591436090E+04    6.3984647670E-11
    3.5604948410E+04    9.6635401207E-11
    3.5618460720E+04    9.7543842802E-11
    3.5631973040E+04    7.9499437251E-11
    3.5645485350E+04    7.8071751476E-11
    3.5658997670E+04    9.6358766448E-11
    3.5672509980E+04    1.2654529621E-10
    3.5686022300E+04    1.3665956275E-10
    3.5699534610E+04    1.2937406622E-10
    3.5713046920E+04    1.2818898089E-10
    3.5726559240E+04    1.4148481467E-10
    3.5740071550E+04    1.5827262579E-10
    3.5753583870E+04    1.7796518433E-10
    3.5767096180E+04    1.9662307885E-10
    3.5780608500E+04    1.9367335855E-10
    3.5794120810E+04    1.7749304627E-10
    3.5807633120E+04    1.6656569196E-10
    3.5821145440E+04    1.5957092462E-10
    3.5834657750E+04    1.6651924463E-10
    3.5848170070E+04    1.7416636575E-10
    3.5861682380E+04    1.7580853262E-10
    3.5875194700E+04    1.7931045593E-10
    3.5888707010E+04    1.7694836224E-10
    3.5902219330E+04    1.7897909226E-10
    3.5915731640E+04    2.0121357372E-10
    3.5929243950E+04    2.1228631339E-10
    3.5942756270E+04    1.7861379032E-10
    3.5956268580E+04    1.4235669111E-10
    3.5969780900E+04    1.3684593755E-10
    3.5983293210E+04    1.5374372600E-10
    3.5996805530E+04    1.6629992911E-10
    3.6010317840E+04    1.5495455127E-10
    3.6023830160E+04    1.2489953998E-10
    3.6037342470E+04    1.0429055288E-10
    3.6050854780E+04    1.0884187655E-10
    3.6064367100E+04    1.2729863726E-10
    3.6077879410E+04    1.3427708678E-10
    3.6091391730E+04    1.2744603481E-10
    3.6104904040E+04    1.2606565342E-10
    3.6118416360E+04    1.4556672227E-10
    3.6131928670E+04    1.9194515419E-10
    3.6145440980E+04    2.2921910814E-10
    3.6158953300E+04    2.4858602623E-10
    3.6172465610E+04    2.9409816468E-10
    3.6185977930E+04    3.2747176855E-10
    3.6199490240E+04    2.8044006976E-10
    3.6213002560E+04    2.1058840130E-10
    3.6226514870E+04    1.6342112749E-10
    3.6240027190E+04    1.1252452148E-10
    3.6253539500E+04    1.1628156641E-10
    3.6267051810E+04    1.6071765692E-10
    3.6280564130E+04    1.7161464443E-10
    3.6294076440E+04    1.6947487359E-10
    3.6307588760E+04    1.7023700552E-10
    3.6321101070E+04    1.4356737026E-10
    3.6334613390E+04    1.4717411615E-10
    3.6348125700E+04    1.9187571384E-10
    3.6361638010E+04    2.4365906212E-10
    3.6375150330E+04    3.0086988305E-10
    3.6388662640E+04    2.8741660632E-10
    3.6402174960E+04    2.0194006006E-10
    3.6415687270E+04    1.3716548778E-10
    3.6429199590E+04    9.7398432050E-11
    3.6442711900E+04    1.0064722323E-10
    3.6456224220E+04    1.2864497043E-10
    3.6469736530E+04    1.5788536654E-10
    3.6483248840E+04    2.1780294809E-10
    3.6496761160E+04    2.9380934181E-10
    3.6510273470E+04    2.2304066295E-10
    3.6523785790E+04    1.2001563017E-10
    3.6537298100E+04    1.0934891583E-10
    3.6550810420E+04    1.2916379854E-10
    3.6564322730E+04    1.3737033701E-10
    3.6577835040E+04    1.8318009493E-10
    3.6591347360E+04    1.6261639746E-10
    3.6604859670E+04    2.0456044260E-10
    3.6618371990E+04    2.0346493157E-10
    3.6631884300E+04    1.8289620377E-10
    3.6645396620E+04    1.4461434376E-10
    3.6658908930E+04    1.1522554784E-10
    3.6672421250E+04    1.2884208033E-10
    3.6685933560E+04    1.9805406771E-10
    3.6699445870E+04    2.4458934511E-10
    3.6712958190E+04    2.2725635195E-10
    3.6726470500E+04    2.2066815247E-10
    3.6739982820E+04    2.8691545830E-10
    3.6753495130E+04    4.1465439589E-10
    3.6767007450E+04    4.9671370067E-10
    3.6780519760E+04    4.7546051100E-10
    3.6794032080E+04    4.0667112413E-10
    3.6807544390E+04    3.7209539406E-10
    3.6821056700E+04    3.6954919263E-10
    3.6834569020E+04    4.3343392905E-10
    3.6848081330E+04    4.6890164296E-10
    3.6861593650E+04    3.5769142378E-10
    3.6875105960E+04    2.3775383416E-10
    3.6888618280E+04    2.2932890822E-10
    3.6902130590E+04    2.3569977879E-10
    3.6915642900E+04    1.3815791198E-10
    3.6929155220E+04    1.2626299791E-11
    3.6942667530E+04    8.5619161850E-13
    3.6956179850E+04    1.3901915683E-10
    3.6969692160E+04    3.0981792992E-10
    3.6983204480E+04    3.7471175375E-11
    3.6996716790E+04    1.7645586602E-10
    3.7010229110E+04    2.2109760436E-11
    3.7023741420E+04    7.3542714374E-13
    3.7037253730E+04    7.8298023347E-13
    3.7050766050E+04    8.3453715394E-13
    3.7064278360E+04    8.8483023528E-13
    3.7077790680E+04    9.3452092324E-13
    3.7091302990E+04    9.9001174907E-13
    3.7104815310E+04    1.0527108765E-12
    3.7118327620E+04    1.1218843034E-12
    3.7131839930E+04    1.1949563612E-12
    3.7145352250E+04    3.7688294473E-12
    3.7158864560E+04    9.3226028735E-11
    3.7172376880E+04    1.1423123257E-11
    3.7185889190E+04    1.5462880165E-12
    3.7199401510E+04    1.6460059663E-12
    3.7212913820E+04    1.7499320856E-12
    3.7226426140E+04    3.0699731911E-11
    3.7239938450E+04    7.0836162451E-10
    3.7253450760E+04    6.1688641543E-10
    3.7266963080E+04    1.0192487904E-11
    3.7280475390E+04    2.4125815016E-12
    3.7293987710E+04    2.5693800873E-12
    3.7307500020E+04    2.7460897540E-12
    3.7321012340E+04    2.9410876607E-12
    3.7334524650E+04    3.1473843358E-12
    3.7348036960E+04    3.3688350142E-12
    3.7361549280E+04    7.7648995816E-11
    3.7375061590E+04    1.5957135049E-09
    3.7388573910E+04    2.6842826677E-09
    3.7402086220E+04    2.0545677086E-11
    3.7415598540E+04    4.7585356534E-12
    3.7429110850E+04    5.0766391702E-12
    3.7442623170E+04    5.4092256206E-12
    3.7456135480E+04    2.4550125059E-11
    3.7469647790E+04    1.2330763987E-10
    3.7483160110E+04    2.0023630264E-11
    3.7496672420E+04    6.9058472714E-12
    3.7510184740E+04    7.3416950914E-12
    3.7523697050E+04    7.4784146475E-11
    3.7537209370E+04    1.6596980991E-09
    3.7550721680E+04    3.7017264857E-09
    3.7564234000E+04    6.3717447538E-09
    3.7577746310E+04    5.5963740843E-09
    3.7591258620E+04    7.4776627300E-09
    3.7604770940E+04    7.7606074114E-09
    3.7618283250E+04    2.2201020970E-09
    3.7631795570E+04    4.7472541233E-11
    3.7645307880E+04    1.0927917956E-10
    3.7658820200E+04    1.8501298490E-09
    3.7672332510E+04    4.9534761855E-09
    3.7685844820E+04    6.8611103972E-09
    3.7699357140E+04    1.0360361514E-08
    3.7712869450E+04    1.0250545272E-08
    3.7726381770E+04    3.8179935439E-09
    3.7739894080E+04    1.8827242399E-10
    3.7753406400E+04    2.0793156633E-11
    3.7766918710E+04    2.1974059521E-11
    3.7780431030E+04    2.3210660845E-11
    3.7793943340E+04    2.4508444954E-11
    3.7807455650E+04    2.5878071153E-11
    3.7820967970E+04    1.0101612573E-10
    3.7834480280E+04    4.4816712960E-09
    3.7847992600E+04    8.8015367606E-10
    3.7861504910E+04    3.2179628744E-11
    3.7875017230E+04    3.3996391694E-11
    3.7888529540E+04    3.5920545543E-11
    3.7902041850E+04    3.7957901355E-11
    3.7915554170E+04    4.0108146724E-11
    3.7929066480E+04    4.2394501881E-11
    3.7942578800E+04    4.4833391976E-11
    3.7956091110E+04    4.7428035658E-11
    3.7969603430E+04    5.0189510693E-11
    3.7983115740E+04    5.3142291085E-11
    3.7996628060E+04    6.2876549029E-11
    3.8010140370E+04    5.3073763383E-09
    3.8023652680E+04    6.4279456943E-11
    3.8037165000E+04    6.7201571252E-11
    3.8050677310E+04    7.1367744802E-11
    3.8064189630E+04    7.5848509169E-11
    3.8077701940E+04    8.0662961156E-11
    3.8091214260E+04    8.5831135066E-11
    3.8104726570E+04    9.1384674027E-11
    3.8118238890E+04    5.0920701962E-09
    3.8131751200E+04    4.4146641721E-08
    3.8145263510E+04    6.4885726087E-08
    3.8158775830E+04    2.8618643381E-08
    3.8172288140E+04    5.3386292061E-10
    3.8185800460E+04    1.3520325741E-10
    3.8199312770E+04    1.4468109780E-10
    3.8212825090E+04    1.5494296238E-10
    3.8226337400E+04    1.6606237887E-10
    3.8239849710E+04    1.7811316686E-10
    3.8253362030E+04    1.9117168124E-10
    3.8266874340E+04    2.0532649968E-10
    3.8280386660E+04    2.2067438187E-10
    3.8293898970E+04    2.3732352059E-10
    3.8307411290E+04    4.5282809169E-10
    3.8320923600E+04    5.5431553341E-08
    3.8334435920E+04    1.5601393335E-07
    3.8347948230E+04    3.0936600095E-07
    3.8361460540E+04    1.9409451437E-07
    3.8374972860E+04    1.4494045058E-07
    3.8388485170E+04    2.0839614411E-07
    3.8401997490E+04    1.8888687275E-07
    3.8415509800E+04    1.9835851100E-07
    3.8429022120E+04    5.6335348921E-07
    3.8442534430E+04    1.2321138786E-06
    3.8456046740E+04    1.5746688065E-06
    3.8469559060E+04    1.5035221970E-06
    3.8483071370E+04    1.2860535375E-06
    3.8496583690E+04    7.7907653258E-07
    3.8510096000E+04    4.4760657020E-07
    3.8523608320E+04    4.0137647274E-07
    3.8537120630E+04    3.1852581506E-07
    3.8550632950E+04    3.4998731921E-07
    3.8564145260E+04    3.8315305660E-07
    3.8577657570E+04    4.0392314358E-07
    3.8591169890E+04    2.5553704848E-07
    3.8604682200E+04    2.4708369393E-07
    3.8618194520E+04    7.7543754616E-07
    3.8631706830E+04    9.6921907327E-07
    3.8645219150E+04    3.8691563121E-07
    3.8658731460E+04    1.0505239388E-07
    3.8672243770E+04    7.6844637108E-07
    3.8685756090E+04    1.1884079254E-06
    3.8699268400E+04    2.4980549198E-06
    3.8712780720E+04    3.4614173301E-06
    3.8726293030E+04    2.8718743950E-06
    3.8739805350E+04    1.6783092324E-06
    3.8753317660E+04    1.6901815124E-06
    3.8766829980E+04    2.7100012855E-06
    3.8780342290E+04    2.7343363283E-06
    3.8793854600E+04    1.2879743149E-06
    3.8807366920E+04    1.2503029349E-06
    3.8820879230E+04    2.1291711139E-06
    3.8834391550E+04    3.0077350301E-06
    3.8847903860E+04    3.8804418844E-06
    3.8861416180E+04    4.0615904508E-06
    3.8874928490E+04    3.6179056568E-06
    3.8888440810E+04    3.2439227722E-06
    3.8901953120E+04    2.3608609856E-06
    3.8915465430E+04    5.6163051381E-08
    3.8928977750E+04    3.7690434372E-09
    3.8942490060E+04    3.8412077731E-09
    3.8956002380E+04    3.9097163221E-09
    3.8969514690E+04    3.9745945245E-09
    3.8983027010E+04    4.0406103647E-09
    3.8996539320E+04    4.0986961726E-09
    3.9010051630E+04    4.1535002935E-09
    3.9023563950E+04    4.2051752679E-09
    3.9037076260E+04    4.2539033360E-09
    3.9050588580E+04    4.2998116430E-09
    3.9064100890E+04    4.3430020238E-09
    3.9077613210E+04    4.3836826370E-09
    3.9091125520E+04    4.4219816836E-09
    3.9104637840E+04    4.4579936750E-09
    3.9118150150E+04    8.2631713143E-09
    3.9131662460E+04    1.9181860635E-07
    3.9145174780E+04    2.8994886010E-06
    3.9158687090E+04    9.1586581886E-06
    3.9172199410E+04    1.3416899078E-05
    3.9185711720E+04    1.8330327454E-05
    3.9199224040E+04    2.1911337441E-05
    3.9212736350E+04    2.1798408475E-05
    3.9226248660E+04    2.0716956232E-05
    3.9239760980E+04    2.0719178363E-05
    3.9253273290E+04    2.0943871274E-05
    3.9266785610E+04    1.9714932452E-05
    3.9280297920E+04    1.7318556186E-05
    3.9293810240E+04    1.4512736298E-05
    3.9307322550E+04    1.2014845407E-05
    3.9320834870E+04    9.8209837621E-06
    3.9334347180E+04    5.3985832471E-06
    3.9347859490E+04    2.6407046516E-06
    3.9361371810E+04    2.0863636726E-08
    3.9374884120E+04    4.8452446603E-09
    3.9388396440E+04    4.8555727193E-09
    3.9401908750E+04    4.8624634110E-09
    3.9415421070E+04    4.8693609100E-09
    3.9428933380E+04    4.8757388050E-09
    3.9442445690E+04    4.8815780608E-09
    3.9455958010E+04    4.8869431561E-09
    3.9469470320E+04    4.8919032051E-09
    3.9482982640E+04    4.8964655606E-09
    3.9496494950E+04    4.9006458354E-09
    3.9510007270E+04    4.9039360218E-09
    3.9523519580E+04    4.9067227028E-09
    3.9537031900E+04    4.9092003077E-09
    3.9550544210E+04    1.2227708021E-08
    3.9564056520E+04    1.0541394311E-06
    3.9577568840E+04    2.9764747701E-06
    3.9591081150E+04    5.6801585018E-06
    3.9604593470E+04    9.3861135109E-06
    3.9618105780E+04    1.5256118505E-05
    3.9631618100E+04    2.8904581747E-05
    3.9645130410E+04    4.4120176975E-05
    3.9658642730E+04    6.0594492602E-05
    3.9672155040E+04    7.9062083557E-05
    3.9685667350E+04    9.9006632194E-05
    3.9699179670E+04    1.2069908847E-04
    3.9712691980E+04    1.4405412070E-04
    3.9726204300E+04    1.6280130798E-04
    3.9739716610E+04    1.7915769872E-04
    3.9753228930E+04    1.9859318320E-04
    3.9766741240E+04    2.2083755951E-04
    3.9780253550E+04    2.4525042553E-04
    3.9793765870E+04    2.7322447973E-04
    3.9807278180E+04    3.0804245756E-04
    3.9820790500E+04    3.4680040776E-04
    3.9834302810E+04    3.8606268434E-04
    3.9847815130E+04    4.2944372680E-04
    3.9861327440E+04    4.7857598514E-04
    3.9874839760E+04    5.3474848590E-04
    3.9888352070E+04    5.9930167527E-04
    3.9901864380E+04    6.7437208176E-04
    3.9915376700E+04    7.6385254294E-04
    3.9928889010E+04    8.7279991968E-04
    3.9942401330E+04    9.9982675587E-04
    3.9955913640E+04    1.1384348667E-03
    3.9969425960E+04    1.2938673069E-03
    3.9982938270E+04    1.4691819404E-03
    3.9996450580E+04    1.6679814511E-03
    4.0009962900E+04    1.8995213874E-03
    4.0023475210E+04    2.1773947313E-03
    4.0036987530E+04    2.5142240477E-03
    4.0050499840E+04    2.9220573234E-03
    4.0064012160E+04    3.4290915388E-03
    4.0077524470E+04    4.0611762861E-03
    4.0091036790E+04    4.8565032084E-03
    4.0104549100E+04    5.8669847165E-03
    4.0118061410E+04    7.1622575478E-03
    4.0131573730E+04    8.8402026329E-03
    4.0145086040E+04    1.1048491607E-02
    4.0158598360E+04    1.4012834823E-02
    4.0172110670E+04    1.8076540214E-02
    4.0185622990E+04    2.3724533128E-02
    4.0199135300E+04    3.1687768938E-02
    4.0212647610E+04    4.3086277657E-02
    4.0226159930E+04    5.9413391576E-02
    4.0239672240E+04    8.2767445702E-02
    4.0253184560E+04    1.1547427186E-01
    4.0266696870E+04    1.5838840298E-01
    4.0280209190E+04    2.0927627449E-01
    4.0293721500E+04    2.6288386826E-01
    4.0307233820E+04    3.1155817554E-01
    4.0320746130E+04    3.4821279622E-01
    4.0334258440E+04    3.6937310534E-01
    4.0347770760E+04    3.7633753030E-01
    4.0361283070E+04    3.7344916029E-01
    4.0374795390E+04    3.6725423147E-01
    4.0388307700E+04    3.6183331220E-01
    4.0401820020E+04    3.5894094501E-01
    4.0415332330E+04    3.5938383332E-01
    4.0428844650E+04    3.6321337843E-01
    4.0442356960E+04    3.7001533881E-01
    4.0455869270E+04    3.7889288920E-01
    4.0469381590E+04    3.8818198651E-01
    4.0482893900E+04    3.9642493088E-01
    4.0496406220E+04    4.0252147364E-01
    4.0509918530E+04    4.0569416258E-01
    4.0523430850E+04    4.0570053044E-01
    4.0536943160E+04    4.0274838379E-01
    4.0550455470E+04    3.9723101981E-01
    4.0563967790E+04    3.9044968764E-01
    4.0577480100E+04    3.8353307270E-01
    4.0590992420E+04    3.7711834210E-01
    4.0604504730E+04    3.7173084770E-01
    4.0618017050E+04    3.6716123634E-01
    4.0631529360E+04    3.6257676349E-01
    4.0645041680E+04    3.5632041291E-01
    4.0658553990E+04    3.4623807341E-01
    4.0672066300E+04    3.3057372910E-01
    4.0685578620E+04    3.0824728018E-01
    4.0699090930E+04    2.7930929137E-01
    4.0712603250E+04    2.4510298130E-01
    4.0726115560E+04    2.0754280065E-01
    4.0739627880E+04    1.6940471137E-01
    4.0753140190E+04    1.3467207534E-01
    4.0766652500E+04    1.0498620814E-01
    4.0780164820E+04    8.0810429007E-02
    4.0793677130E+04    6.1832198037E-02
    4.0807189450E+04    4.7313178257E-02
    4.0820701760E+04    3.6437399208E-02
    4.0834214080E+04    2.8302748266E-02
    4.0847726390E+04    2.2198165486E-02
    4.0861238710E+04    1.7586522474E-02
    4.0874751020E+04    1.4072771406E-02
    4.0888263330E+04    1.1371370626E-02
    4.0901775650E+04    9.2916471115E-03
    4.0915287960E+04    7.6637265532E-03
    4.0928800280E+04    6.3738408070E-03
    4.0942312590E+04    5.3429811007E-03
    4.0955824910E+04    4.5107525615E-03
    4.0969337220E+04    3.8311809624E-03
    4.0982849530E+04    3.2754377337E-03
    4.0996361850E+04    2.8192994627E-03
    4.1009874160E+04    2.4381308866E-03
    4.1023386480E+04    2.1168984943E-03
    4.1036898790E+04    1.8463895931E-03
    4.1050411110E+04    1.6158225806E-03
    4.1063923420E+04    1.4166415544E-03
    4.1077435740E+04    1.2440824066E-03
    4.1090948050E+04    1.0961333679E-03
    4.1104460360E+04    9.6881047938E-04
    4.1117972680E+04    8.5851676767E-04
    4.1131484990E+04    7.6249876094E-04
    4.1144997310E+04    6.8001447587E-04
    4.1158509620E+04    6.0859445134E-04
    4.1172021940E+04    5.4692745191E-04
    4.1185534250E+04    4.9370396328E-04
    4.1199046570E+04    4.4676868374E-04
    4.1212558880E+04    4.0428210961E-04
    4.1226071190E+04    3.6610026331E-04
    4.1239583510E+04    3.3045100424E-04
    4.1253095820E+04    2.9656668539E-04
    4.1266608140E+04    2.6520058374E-04
    4.1280120450E+04    2.3729541555E-04
    4.1293632770E+04    2.1302536709E-04
    4.1307145080E+04    1.9188324694E-04
    4.1320657390E+04    1.7388140152E-04
    4.1334169710E+04    1.5765833602E-04
    4.1347682020E+04    1.4209928253E-04
    4.1361194340E+04    1.2668457286E-04
    4.1374706650E+04    1.1214334243E-04
    4.1388218970E+04    9.8693012306E-05
    4.1401731280E+04    8.6658197039E-05
    4.1415243600E+04    7.5870289449E-05
    4.1428755910E+04    6.5898338175E-05
    4.1442268220E+04    5.6043958269E-05
    4.1455780540E+04    4.9199532948E-05
    4.1469292850E+04    4.6252306671E-05
    4.1482805170E+04    4.4726258225E-05
    4.1496317480E+04    4.3562842797E-05
    4.1509829800E+04    4.2160785362E-05
    4.1523342110E+04    4.0542606422E-05
    4.1536854420E+04    3.7490711924E-05
    4.1550366740E+04    3.4307607732E-05
    4.1563879050E+04    3.1608397512E-05
    4.1577391370E+04    2.9362832299E-05
    4.1590903680E+04    2.5551604105E-05
    4.1604416000E+04    2.1935363197E-05
    4.1617928310E+04    2.0448926397E-05
    4.1631440630E+04    2.0119480898E-05
    4.1644952940E+04    1.9483567262E-05
    4.1658465250E+04    1.7325174522E-05
    4.1671977570E+04    1.4880514476E-05
    4.1685489880E+04    1.3797967805E-05
    4.1699002200E+04    1.1215596362E-05
    4.1712514510E+04    1.2224788447E-05
    4.1726026830E+04    1.1964736303E-05
    4.1739539140E+04    1.1341116912E-05
    4.1753051460E+04    1.0150347115E-05
    4.1766563770E+04    9.5947838797E-06
    4.1780076080E+04    7.9663876636E-06
    4.1793588400E+04    7.7377559120E-06
    4.1807100710E+04    1.1252442231E-05
    4.1820613030E+04    1.3352869164E-05
    4.1834125340E+04    1.2707025630E-05
    4.1847637660E+04    1.0698071719E-05
    4.1861149970E+04    9.1081888625E-06
    4.1874662280E+04    5.4874411766E-06
    4.1888174600E+04    9.8599080317E-07
    4.1901686910E+04    6.9289739365E-08
    4.1915199230E+04    8.8536080346E-09
    4.1928711540E+04    1.3594133110E-06
    4.1942223860E+04    1.1850403701E-06
    4.1955736170E+04    3.0561897917E-08
    4.1969248490E+04    4.9358537558E-09
    4.1982760800E+04    6.9718039835E-09
    4.1996273110E+04    2.1689474105E-07
    4.2009785430E+04    4.4464454265E-07
    4.2023297740E+04    4.4992232056E-07
    4.2036810060E+04    5.1063181432E-07
    4.2050322370E+04    8.5503759614E-07
    4.2063834690E+04    8.8660337167E-07
    4.2077347000E+04    1.2043059678E-06
    4.2090859310E+04    3.4032055113E-06
    4.2104371630E+04    6.6372558235E-06
    4.2117883940E+04    7.8402411330E-06
    4.2131396260E+04    5.9705799120E-06
    4.2144908570E+04    6.2023138422E-06
    4.2158420890E+04    8.3934450166E-06
    4.2171933200E+04    1.0418615795E-05
    4.2185445520E+04    1.0400064919E-05
    4.2198957830E+04    9.3688275681E-06
    4.2212470140E+04    8.9817938504E-06
    4.2225982460E+04    9.4873460318E-06
    4.2239494770E+04    1.0805517518E-05
    4.2253007090E+04    1.2586102249E-05
    4.2266519400E+04    1.1870103201E-05
    4.2280031720E+04    9.9961057262E-06
    4.2293544030E+04    8.2251215394E-06
    4.2307056340E+04    7.3895850718E-06
    4.2320568660E+04    6.5025832262E-06
    4.2334080970E+04    4.6405161172E-06
    4.2347593290E+04    3.3877965222E-06
    4.2361105600E+04    2.8687760781E-06
    4.2374617920E+04    3.1056614161E-06
    4.2388130230E+04    2.8333917933E-06
    4.2401642550E+04    2.3706578386E-06
    4.2415154860E+04    1.9942889423E-06
    4.2428667170E+04    1.6891210195E-06
    4.2442179490E+04    1.0923960877E-06
    4.2455691800E+04    1.6948838833E-08
    4.2469204120E+04    4.9062945070E-09
    4.2482716430E+04    4.9106916356E-09
    4.2496228750E+04    4.9096737022E-09
    4.2509741060E+04    4.9085489712E-09
    4.2523253380E+04    4.9073585553E-09
    4.2536765690E+04    4.9061638809E-09
    4.2550278000E+04    4.9049807038E-09
    4.2563790320E+04    4.9037863541E-09
    4.2577302630E+04    4.9025822190E-09
    4.2590814950E+04    4.9013839784E-09
    4.2604327260E+04    4.8972594153E-09
    4.2617839580E+04    4.8868969451E-09
    4.2631351890E+04    4.8765334738E-09
    4.2644864200E+04    4.8661699746E-09
    4.2658376520E+04    4.8557763495E-09
    4.2671888830E+04    4.8453306585E-09
    4.2685401150E+04    4.8348547305E-09
    4.2698913460E+04    4.8243634722E-09
    4.2712425780E+04    4.8096108015E-09
    4.2725938090E+04    4.7944488201E-09
    4.2739450410E+04    4.7792727085E-09
    4.2752962720E+04    4.7640989612E-09
    4.2766475030E+04    4.7489170583E-09
    4.2779987350E+04    4.7337341765E-09
    4.2793499660E+04    4.7185725634E-09
    4.2807011980E+04    4.7222451948E-09
    4.2820524290E+04    4.7433298476E-09
    4.2834036610E+04    4.7643766735E-09
    4.2847548920E+04    4.7853942589E-09
    4.2861061230E+04    4.8063665264E-09
    4.2874573550E+04    4.8272695703E-09
    4.2888085860E+04    4.8481201684E-09
    4.2901598180E+04    4.8663676976E-09
    4.2915110490E+04    4.8654245352E-09
    4.2928622810E+04    3.7137823470E-08
    4.2942135120E+04    5.6832698585E-08
    4.2955647440E+04    4.8734418544E-09
    4.2969159750E+04    4.8724520969E-09
    4.2982672060E+04    4.8714517926E-09
    4.2996184380E+04    4.8704578917E-09
    4.3009696690E+04    4.8689122140E-09
    4.3023209010E+04    4.8671253898E-09
    4.3036721320E+04    4.8653122454E-09
    4.3050233640E+04    4.8634983800E-09
    4.3063745950E+04    4.8616806713E-09
    4.3077258260E+04    4.8598482752E-09
    4.3090770580E+04    4.8580100060E-09
    4.3104282890E+04    4.8561750250E-09
    4.3117795210E+04    4.8543188638E-09
    4.3131307520E+04    4.8524595039E-09
    4.3144819840E+04    4.8506060784E-09
    4.3158332150E+04    4.8487640498E-09
    4.3171844470E+04    4.8469178760E-09
    4.3185356780E+04    4.8450583846E-09
    4.3198869090E+04    4.8431946575E-09
    4.3212381410E+04    4.8414636136E-09
    4.3225893720E+04    9.5750868341E-09
    4.3239406040E+04    1.5048232922E-06
    4.3252918350E+04    3.8168045977E-06
    4.3266430670E+04    5.2023569125E-06
    4.3279942980E+04    5.3995122668E-06
    4.3293455300E+04    3.8539486762E-06
    4.3306967610E+04    1.4583305440E-06
    4.3320479920E+04    8.3033685464E-07
    4.3333992240E+04    3.1596119741E-06
    4.3347504550E+04    4.8473578365E-06
    4.3361016870E+04    4.2292237707E-06
    4.3374529180E+04    3.9826914154E-06
    4.3388041500E+04    3.5799166269E-06
    4.3401553810E+04    4.1839632947E-06
    4.3415066120E+04    4.2722923885E-06
    4.3428578440E+04    3.9095360380E-06
    4.3442090750E+04    3.7693449418E-06
    4.3455603070E+04    3.5561753124E-06
    4.3469115380E+04    4.4550078312E-06
    4.3482627700E+04    5.3553591476E-06
    4.3496140010E+04    5.7791389702E-06
    4.3509652330E+04    5.4248550174E-06
    4.3523164640E+04    4.9937554948E-06
    4.3536676950E+04    3.8357706034E-06
    4.3550189270E+04    1.6610233915E-06
    4.3563701580E+04    1.0684161463E-08
    4.3577213900E+04    3.4502122193E-08
    4.3590726210E+04    8.0982918839E-07
    4.3604238530E+04    4.0641751299E-06
    4.3617750840E+04    4.8356994812E-06
    4.3631263150E+04    4.9595898828E-06
    4.3644775470E+04    4.0550456017E-06
    4.3658287780E+04    3.3396107587E-06
    4.3671800100E+04    2.7932919329E-06
    4.3685312410E+04    2.9542391387E-06
    4.3698824730E+04    4.2558608332E-06
    4.3712337040E+04    6.2788255904E-06
    4.3725849360E+04    6.3413837116E-06
    4.3739361670E+04    5.3720461857E-06
    4.3752873980E+04    3.8247135183E-06
    4.3766386300E+04    4.4621569188E-06
    4.3779898610E+04    7.0145453367E-06
    4.3793410930E+04    6.9557355516E-06
    4.3806923240E+04    5.7258648716E-06
    4.3820435560E+04    5.5363082849E-06
    4.3833947870E+04    6.0191104719E-06
    4.3847460180E+04    7.2979401097E-06
    4.3860972500E+04    7.9178599791E-06
    4.3874484810E+04    5.8601894564E-06
    4.3887997130E+04    4.6441645608E-06
    4.3901509440E+04    2.6218974260E-06
    4.3915021760E+04    1.2301223516E-06
    4.3928534070E+04    7.7694501126E-07
    4.3942046390E+04    7.1727782808E-07
    4.3955558700E+04    1.2352567087E-06
    4.3969071010E+04    2.0703690171E-06
    4.3982583330E+04    2.5387212970E-06
    4.3996095640E+04    2.5966625248E-06
    4.4009607960E+04    2.6619914369E-06
    4.4023120270E+04    2.9563249479E-06
    4.4036632590E+04    2.7604068719E-06
    4.4050144900E+04    2.1087087155E-06
    4.4063657220E+04    1.5440623921E-06
    4.4077169530E+04    1.7839368224E-06
    4.4090681840E+04    2.3469249114E-06
    4.4104194160E+04    2.7843616804E-06
    4.4117706470E+04    3.6036941887E-06
    4.4131218790E+04    4.7729707442E-06
    4.4144731100E+04    6.0496356128E-06
    4.4158243420E+04    5.6583359991E-06
    4.4171755730E+04    4.3257674184E-06
    4.4185268040E+04    3.4295470068E-06
    4.4198780360E+04    3.1810688294E-06
    4.4212292670E+04    2.8830656539E-06
    4.4225804990E+04    2.0876873230E-06
    4.4239317300E+04    1.2934470828E-06
    4.4252829620E+04    7.9836257643E-07
    4.4266341930E+04    3.5727468993E-07
    4.4279854250E+04    2.4224911050E-07
    4.4293366560E+04    3.4538331943E-07
    4.4306878870E+04    1.2631166208E-06
    4.4320391190E+04    2.5317819684E-06
    4.4333903500E+04    3.0888544847E-06
    4.4347415820E+04    3.0636495313E-06
    4.4360928130E+04    4.8819731170E-06
    4.4374440450E+04    6.6529223798E-06
    4.4387952760E+04    7.6112873455E-06
    4.4401465070E+04    6.5837177496E-06
    4.4414977390E+04    5.3085317880E-06
    4.4428489700E+04    4.3625476209E-06
    4.4442002020E+04    4.2169379456E-06
    4.4455514330E+04    4.8417500529E-06
    4.4469026650E+04    5.1940065260E-06
    4.4482538960E+04    4.1767830182E-06
    4.4496051280E+04    3.2702356664E-06
    4.4509563590E+04    4.3049395412E-06
    4.4523075900E+04    7.2290759553E-06
    4.4536588220E+04    8.5918514777E-06
    4.4550100530E+04    6.7074583832E-06
    4.4563612850E+04    3.9211887084E-06
    4.4577125160E+04    1.8533584318E-06
    4.4590637480E+04    1.3781880841E-06
    4.4604149790E+04    1.0217284054E-06
    4.4617662110E+04    6.0708115268E-07
    4.4631174420E+04    9.5578094430E-07
    4.4644686730E+04    1.4849916739E-06
    4.4658199050E+04    2.8150867322E-06
    4.4671711360E+04    2.6907110904E-06
    4.4685223680E+04    1.6559066724E-06
    4.4698735990E+04    1.2553087375E-06
    4.4712248310E+04    3.0699172066E-06
    4.4725760620E+04    5.1216384362E-06
    4.4739272930E+04    4.7353162850E-06
    4.4752785250E+04    4.7507105884E-06
    4.4766297560E+04    4.3383588092E-06
    4.4779809880E+04    4.9496003451E-06
    4.4793322190E+04    6.8012798723E-06
    4.4806834510E+04    7.1096175880E-06
    4.4820346820E+04    6.3608892276E-06
    4.4833859140E+04    4.9331415315E-06
    4.4847371450E+04    5.2575875288E-06
    4.4860883760E+04    4.9622830679E-06
    4.4874396080E+04    4.2520810927E-06
    4.4887908390E+04    3.3435720675E-06
    4.4901420710E+04    3.6864314816E-06
    4.4914933020E+04    4.9053113141E-06
    4.4928445340E+04    1.0278869678E-05
    4.4941957650E+04    1.1205910772E-05
    4.4955469960E+04    1.0261790653E-05
    4.4968982280E+04    8.8569215703E-06
    4.4982494590E+04    7.3858823619E-06
    4.4996006910E+04    6.5649451331E-06
    4.5009519220E+04    6.2926177482E-06
    4.5023031540E+04    7.1044711207E-06
    4.5036543850E+04    7.3886494605E-06
    4.5050056170E+04    6.9564676450E-06
    4.5063568480E+04    5.8090431184E-06
    4.5077080790E+04    5.5314604111E-06
    4.5090593110E+04    5.7371426629E-06
    4.5104105420E+04    6.5904114932E-06
    4.5117617740E+04    6.5484673724E-06
    4.5131130050E+04    6.8290372061E-06
    4.5144642370E+04    7.4047135562E-06
    4.5158154680E+04    8.3723094067E-06
    4.5171666990E+04    7.8651864281E-06
    4.5185179310E+04    5.8024316207E-06
    4.5198691620E+04    4.8482801925E-06
    4.5212203940E+04    4.4643546776E-06
    4.5225716250E+04    4.3464423719E-06
    4.5239228570E+04    4.5952747804E-06
    4.5252740880E+04    4.9332984714E-06
    4.5266253200E+04    4.7757165626E-06
    4.5279765510E+04    4.0850951949E-06
    4.5293277820E+04    3.9632942736E-06
    4.5306790140E+04    4.6958181513E-06
    4.5320302450E+04    6.5480498457E-06
    4.5333814770E+04    7.6533384907E-06
    4.5347327080E+04    7.8164841053E-06
    4.5360839400E+04    7.2336904926E-06
    4.5374351710E+04    6.3227014456E-06
    4.5387864030E+04    5.6549809866E-06
    4.5401376340E+04    5.3162045675E-06
    4.5414888650E+04    5.8636193035E-06
    4.5428400970E+04    6.4255228206E-06
    4.5441913280E+04    6.4517950234E-06
    4.5455425600E+04    5.0087528767E-06
    4.5468937910E+04    3.0879118440E-06
    4.5482450230E+04    1.8825614410E-06
    4.5495962540E+04    1.3090956997E-06
    4.5509474850E+04    7.3298464880E-07
    4.5522987170E+04    5.8984340897E-07
    4.5536499480E+04    1.0376255883E-06
    4.5550011800E+04    2.0185736793E-06
    4.5563524110E+04    2.8804264429E-06
    4.5577036430E+04    2.4321648597E-06
    4.5590548740E+04    7.5392182468E-07
    4.5604061060E+04    3.6455995674E-07
    4.5617573370E+04    3.7950612480E-07
    4.5631085680E+04    5.7414369127E-07
    4.5644598000E+04    5.8076205540E-07
    4.5658110310E+04    3.4581357772E-07
    4.5671622630E+04    6.4987688159E-07
    4.5685134940E+04    1.2718664652E-06
    4.5698647260E+04    3.8908321226E-06
    4.5712159570E+04    3.4174025240E-06
    4.5725671880E+04    1.6311278705E-06
    4.5739184200E+04    1.8209309158E-06
    4.5752696510E+04    1.6079548262E-06
    4.5766208830E+04    9.6995754461E-07
    4.5779721140E+04    2.0612515643E-06
    4.5793233460E+04    3.1931868491E-06
    4.5806745770E+04    4.6967750630E-06
    4.5820258090E+04    4.7350994111E-06
    4.5833770400E+04    2.9804851611E-06
    4.5847282710E+04    2.4803393577E-06
    4.5860795030E+04    3.2330889569E-06
    4.5874307340E+04    3.3387977701E-06
    4.5887819660E+04    3.4409303359E-06
    4.5901331970E+04    4.8761696323E-06
    4.5914844290E+04    7.3647255614E-06
    4.5928356600E+04    9.9935480502E-06
    4.5941868910E+04    1.0719512669E-05
    4.5955381230E+04    9.2795039164E-06
    4.5968893540E+04    8.5089450184E-06
    4.5982405860E+04    7.7805677725E-06
    4.5995918170E+04    6.8992505362E-06
    4.6009430490E+04    5.8723369021E-06
    4.6022942800E+04    5.0819532149E-06
    4.6036455120E+04    3.7680067391E-06
    4.6049967430E+04    3.2797628307E-06
    4.6063479740E+04    2.3989100145E-06
    4.6076992060E+04    6.2565184565E-07
    4.6090504370E+04    3.8163845071E-06
    4.6104016690E+04    5.3484979086E-06
    4.6117529000E+04    5.1833503910E-06
    4.6131041320E+04    4.9776723002E-06
    4.6144553630E+04    4.9543778470E-06
    4.6158065950E+04    4.3491912187E-06
    4.6171578260E+04    3.9772328460E-06
    4.6185090570E+04    3.6277384442E-06
    4.6198602890E+04    3.8608349388E-06
    4.6212115200E+04    4.5122758197E-06
    4.6225627520E+04    4.8097707162E-06
    4.6239139830E+04    4.7364068283E-06
    4.6252652150E+04    4.7665962260E-06
    4.6266164460E+04    4.2618509111E-06
    4.6279676770E+04    2.4635277643E-06
    4.6293189090E+04    1.5220643698E-06
    4.6306701400E+04    6.4887988780E-07
    4.6320213720E+04    6.3058184692E-07
    4.6333726030E+04    9.6210586469E-07
    4.6347238350E+04    2.1680368282E-06
    4.6360750660E+04    4.4433815975E-06
    4.6374262980E+04    6.7018240349E-06
    4.6387775290E+04    6.6083655315E-06
    4.6401287600E+04    5.9354514845E-06
    4.6414799920E+04    5.5146730736E-06
    4.6428312230E+04    4.3949220984E-06
    4.6441824550E+04    2.4875863560E-06
    4.6455336860E+04    1.5181291376E-06
    4.6468849180E+04    2.5983852712E-08
    4.6482361490E+04    9.2693505748E-09
    4.6495873800E+04    3.9006235037E-07
    4.6509386120E+04    1.3054422429E-06
    4.6522898430E+04    2.0476227743E-06
    4.6536410750E+04    2.4048326449E-06
    4.6549923060E+04    3.0996785117E-06
    4.6563435380E+04    3.5338209449E-06
    4.6576947690E+04    3.3787444464E-06
    4.6590460010E+04    2.3029231689E-06
    4.6603972320E+04    1.6376695117E-06
    4.6617484630E+04    1.9495051727E-07
    4.6630996950E+04    4.0778069498E-07
    4.6644509260E+04    4.3778396420E-06
    4.6658021580E+04    6.9127529072E-06
    4.6671533890E+04    8.2424356217E-06
    4.6685046210E+04    7.2244691789E-06
    4.6698558520E+04    5.7269610916E-06
    4.6712070830E+04    5.8602192035E-06
    4.6725583150E+04    6.3027302970E-06
    4.6739095460E+04    6.2923986287E-06
    4.6752607780E+04    6.1998230297E-06
    4.6766120090E+04    5.2422819054E-06
    4.6779632410E+04    4.9287094882E-06
    4.6793144720E+04    5.0341737449E-06
    4.6806657040E+04    5.9757049558E-06
    4.6820169350E+04    6.4883873690E-06
    4.6833681660E+04    6.5463584843E-06
    4.6847193980E+04    5.1170694466E-06
    4.6860706290E+04    4.1926772676E-06
    4.6874218610E+04    2.6685562888E-06
    4.6887730920E+04    9.7481682853E-07
    4.6901243240E+04    5.0253710910E-07
    4.6914755550E+04    1.4277220299E-06
    4.6928267870E+04    3.9770478939E-06
    4.6941780180E+04    5.6824299814E-06
    4.6955292490E+04    6.1215024631E-06
    4.6968804810E+04    6.2554324951E-06
    4.6982317120E+04    6.6229298931E-06
    4.6995829440E+04    5.2489667752E-06
    4.7009341750E+04    4.0183523784E-06
    4.7022854070E+04    2.7731358679E-06
    4.7036366380E+04    2.3558861814E-06
    4.7049878690E+04    2.4741255876E-06
    4.7063391010E+04    3.4094675276E-06
    4.7076903320E+04    4.1637979218E-06
    4.7090415640E+04    4.6943517452E-06
    4.7103927950E+04    4.3840938936E-06
    4.7117440270E+04    5.0267308407E-06
    4.7130952580E+04    6.7741131833E-06
    4.7144464900E+04    7.3856144343E-06
    4.7157977210E+04    6.5904573624E-06
    4.7171489520E+04    5.3797517025E-06
    4.7185001840E+04    4.5919287158E-06
    4.7198514150E+04    4.0471892135E-06
    4.7212026470E+04    4.1249634523E-06
    4.7225538780E+04    3.0280051756E-06
    4.7239051100E+04    1.8128760135E-06
    4.7252563410E+04    3.5203087211E-08
    4.7266075720E+04    3.9416760893E-09
    4.7279588040E+04    3.9392441656E-09
    4.7293100350E+04    2.1694554182E-08
    4.7306612670E+04    1.7901331617E-07
    4.7320124980E+04    1.9318921567E-07
    4.7333637300E+04    1.4199051999E-06
    4.7347149610E+04    2.3957588558E-06
    4.7360661930E+04    2.3968490587E-06
    4.7374174240E+04    2.8102625869E-06
    4.7387686550E+04    3.9419062915E-06
    4.7401198870E+04    4.1952288702E-06
    4.7414711180E+04    3.5957351785E-06
    4.7428223500E+04    1.5927539373E-06
    4.7441735810E+04    6.4190580467E-07
    4.7455248130E+04    2.3543472795E-07
    4.7468760440E+04    1.2862462440E-08
    4.7482272760E+04    3.9025726301E-09
    4.7495785070E+04    3.8993497496E-09
    4.7509297380E+04    3.8960680580E-09
    4.7522809700E+04    3.8927352470E-09
    4.7536322010E+04    3.8893103739E-09
    4.7549834330E+04    3.8858071558E-09
    4.7563346640E+04    3.8822650748E-09
    4.7576858960E+04    2.0773475923E-08
    4.7590371270E+04    2.0351713712E-07
    4.7603883580E+04    6.5557783913E-07
    4.7617395900E+04    8.6298449494E-07
    4.7630908210E+04    5.9489213161E-07
    4.7644420530E+04    1.4261112566E-08
    4.7657932840E+04    7.9710896924E-09
    4.7671445160E+04    1.4591602502E-07
    4.7684957470E+04    4.3155753150E-07
    4.7698469790E+04    7.0607270229E-07
    4.7711982100E+04    7.4153096349E-07
    4.7725494410E+04    1.8100199308E-07
    4.7739006730E+04    6.6576995471E-07
    4.7752519040E+04    2.1050271258E-08
    4.7766031360E+04    3.8225545583E-09
    4.7779543670E+04    3.8183351877E-09
    4.7793055990E+04    2.1131595407E-08
    4.7806568300E+04    7.4304703044E-07
    4.7820080610E+04    8.5502125373E-07
    4.7833592930E+04    2.3218062042E-06
    4.7847105240E+04    3.6013958775E-06
    4.7860617560E+04    4.2139917379E-06
    4.7874129870E+04    4.2370413598E-06
    4.7887642190E+04    2.8246183164E-06
    4.7901154500E+04    2.4025045538E-06
    4.7914666820E+04    2.4968966094E-06
    4.7928179130E+04    3.5199911378E-06
    4.7941691440E+04    4.6022758751E-06
    4.7955203760E+04    4.2251480514E-06
    4.7968716070E+04    2.8353293361E-06
    4.7982228390E+04    1.8630479742E-06
    4.7995740700E+04    1.0612839387E-06
    4.8009253020E+04    8.4689556853E-07
    4.8022765330E+04    1.5247080949E-06
    4.8036277640E+04    2.4224847892E-06
    4.8049789960E+04    4.6394137078E-06
    4.8063302270E+04    4.8222797779E-06
    4.8076814590E+04    4.3521454073E-06
    4.8090326900E+04    3.2247809813E-06
    4.8103839220E+04    3.3081199783E-06
    4.8117351530E+04    3.9234813469E-06
    4.8130863850E+04    5.2550729242E-06
    4.8144376160E+04    6.2561605466E-06
    4.8157888470E+04    6.4919900226E-06
    4.8171400790E+04    6.3622748348E-06
    4.8184913100E+04    5.9490851234E-06
    4.8198425420E+04    6.1554591419E-06
    4.8211937730E+04    6.8010533201E-06
    4.8225450050E+04    7.1887370481E-06
    4.8238962360E+04    6.8454522368E-06
    4.8252474680E+04    6.4043977405E-06
    4.8265986990E+04    5.6249428879E-06
    4.8279499300E+04    5.1869466643E-06
    4.8293011620E+04    5.1743889618E-06
    4.8306523930E+04    5.7149318903E-06
    4.8320036250E+04    7.4110128902E-06
    4.8333548560E+04    7.4963520090E-06
    4.8347060880E+04    7.2919461853E-06
    4.8360573190E+04    7.1629092209E-06
    4.8374085500E+04    7.5148649854E-06
    4.8387597820E+04    7.8757717296E-06
    4.8401110130E+04    7.6370858857E-06
    4.8414622450E+04    7.6458335274E-06
    4.8428134760E+04    7.7081816580E-06
    4.8441647080E+04    8.4643725536E-06
    4.8455159390E+04    9.5821566431E-06
    4.8468671710E+04    9.5205470530E-06
    4.8482184020E+04    8.8382192158E-06
    4.8495696330E+04    7.4116319222E-06
    4.8509208650E+04    6.0091406905E-06
    4.8522720960E+04    4.7393807837E-06
    4.8536233280E+04    2.9143602035E-06
    4.8549745590E+04    1.3031128889E-06
    4.8563257910E+04    9.7518408043E-07
    4.8576770220E+04    7.2695335219E-07
    4.8590282530E+04    1.2888113685E-06
    4.8603794850E+04    1.4120909494E-06
    4.8617307160E+04    4.5647118309E-07
    4.8630819480E+04    4.0937917469E-07
    4.8644331790E+04    1.5277976422E-06
    4.8657844110E+04    2.9250843548E-06
    4.8671356420E+04    3.3909834188E-06
    4.8684868740E+04    3.5594423513E-06
    4.8698381050E+04    3.0703221385E-06
    4.8711893360E+04    1.6034216026E-06
    4.8725405680E+04    2.1175300418E-06
    4.8738917990E+04    1.8661984750E-06
    4.8752430310E+04    1.6810527993E-06
    4.8765942620E+04    2.2395160735E-06
    4.8779454940E+04    3.7030160947E-06
    4.8792967250E+04    4.5835590872E-06
    4.8806479560E+04    5.5775072459E-06
    4.8819991880E+04    6.7212657510E-06
    4.8833504190E+04    7.5897958573E-06
    4.8847016510E+04    7.8687640996E-06
    4.8860528820E+04    7.4025747626E-06
    4.8874041140E+04    6.1791238562E-06
    4.8887553450E+04    5.7383795799E-06
    4.8901065770E+04    4.0535538448E-06
    4.8914578080E+04    2.0551601955E-06
    4.8928090390E+04    7.0504591944E-07
    4.8941602710E+04    3.3253218634E-07
    4.8955115020E+04    4.3062955746E-07
    4.8968627340E+04    8.5743424129E-07
    4.8982139650E+04    2.2223611228E-06
    4.8995651970E+04    2.7653990693E-06
    4.9009164280E+04    2.9543891634E-06
    4.9022676600E+04    2.4257235296E-06
    4.9036188910E+04    1.5042708431E-06
    4.9049701220E+04    1.5813316397E-06
    4.9063213540E+04    2.0723342042E-06
    4.9076725850E+04    2.5998381329E-06
    4.9090238170E+04    2.5718336281E-06
    4.9103750480E+04    1.5476177832E-06
    4.9117262800E+04    1.2429971728E-06
    4.9130775110E+04    9.3291960583E-07
    4.9144287420E+04    7.6385604140E-07
    4.9157799740E+04    1.3321122882E-06
    4.9171312050E+04    2.0078084575E-06
    4.9184824370E+04    2.5530678840E-06
    4.9198336680E+04    2.0591669022E-06
    4.9211849000E+04    1.4124077647E-06
    4.9225361310E+04    5.0647429858E-07
    4.9238873630E+04    1.8481176598E-07
    4.9252385940E+04    8.0470037917E-08
    4.9265898250E+04    1.0486752546E-07
    4.9279410570E+04    5.6175410402E-07
    4.9292922880E+04    1.5004843081E-06
    4.9306435200E+04    2.7518315478E-06
    4.9319947510E+04    2.1720482989E-06
    4.9333459830E+04    1.3319159079E-06
    4.9346972140E+04    1.3306411709E-06
    4.9360484450E+04    1.9778383787E-06
    4.9373996770E+04    3.3616530606E-06
    4.9387509080E+04    4.2803417148E-06
    4.9401021400E+04    5.2681782334E-06
    4.9414533710E+04    4.8310550612E-06
    4.9428046030E+04    4.4660543228E-06
    4.9441558340E+04    3.8112835258E-06
    4.9455070660E+04    3.4339867680E-06
    4.9468582970E+04    2.9783864869E-06
    4.9482095280E+04    3.5374571950E-06
    4.9495607600E+04    4.4466093573E-06
    4.9509119910E+04    5.2526549483E-06
    4.9522632230E+04    5.3465016314E-06
    4.9536144540E+04    4.4027852218E-06
    4.9549656860E+04    3.1583494995E-06
    4.9563169170E+04    2.9592817925E-06
    4.9576681480E+04    2.4711715910E-06
    4.9590193800E+04    2.0148352429E-06
    4.9603706110E+04    1.7384210475E-06
    4.9617218430E+04    1.7538949956E-06
    4.9630730740E+04    2.5287928032E-06
    4.9644243060E+04    3.2973428310E-06
    4.9657755370E+04    3.8718257058E-06
    4.9671267690E+04    2.9569185926E-06
    4.9684780000E+04    3.0162158290E-06
    4.9698292310E+04    3.0016733596E-06
    4.9711804630E+04    3.3587706719E-06
    4.9725316940E+04    3.6443673169E-06
    4.9738829260E+04    3.9525248174E-06
    4.9752341570E+04    4.5241235741E-06
    4.9765853890E+04    5.4432303397E-06
    4.9779366200E+04    6.1893003423E-06
    4.9792878520E+04    6.0764088407E-06
    4.9806390830E+04    5.8525829686E-06
    4.9819903140E+04    4.3270538373E-06
    4.9833415460E+04    1.8850765304E-06
    4.9846927770E+04    1.0798821788E-06
    4.9860440090E+04    1.0662787921E-06
    4.9873952400E+04    9.7279644115E-07
    4.9887464720E+04    7.7406193749E-07
    4.9900977030E+04    1.5815160761E-06
    4.9914489340E+04    1.9191629012E-06
    4.9928001660E+04    2.1224104811E-06
    4.9941513970E+04    1.8776137034E-06
    4.9955026290E+04    1.9128456875E-06
    4.9968538600E+04    2.4153639382E-06
    4.9982050920E+04    3.2656836697E-06
    4.9995563230E+04    4.1600618575E-06
    5.0009075550E+04    4.0153150174E-06
    5.0022587860E+04    3.7141458146E-06
    5.0036100170E+04    3.1320529860E-06
    5.0049612490E+04    2.8782139086E-06
    5.0063124800E+04    2.7162034372E-06
    5.0076637120E+04    2.3820634545E-06
    5.0090149430E+04    1.9741651282E-06
    5.0103661750E+04    1.6386218056E-06
    5.0117174060E+04    1.4407892489E-06
    5.0130686370E+04    1.6368885001E-06
    5.0144198690E+04    1.8978468265E-06
    5.0157711000E+04    1.8293354617E-06
    5.0171223320E+04    1.5461962422E-06
    5.0184735630E+04    1.3982510123E-06
    5.0198247950E+04    1.2987616427E-06
    5.0211760260E+04    1.2198760861E-06
    5.0225272580E+04    1.0224604156E-06
    5.0238784890E+04    8.4010688677E-07
    5.0252297200E+04    6.5254115985E-07
    5.0265809520E+04    4.5697211130E-07
    5.0279321830E+04    5.1918082840E-07
    5.0292834150E+04    6.9240977719E-07
    5.0306346460E+04    8.4846726874E-07
    5.0319858780E+04    8.5000140157E-07
    5.0333371090E+04    7.5208452346E-07
    5.0346883410E+04    7.2314514235E-07
    5.0360395720E+04    8.1589925783E-07
    5.0373908030E+04    8.4095184140E-07
    5.0387420350E+04    8.4852782877E-07
    5.0400932660E+04    7.6301059293E-07
    5.0414444980E+04    6.7732173778E-07
    5.0427957290E+04    5.9699364088E-07
    5.0441469610E+04    5.7235926333E-07
    5.0454981920E+04    5.7584155677E-07
    5.0468494230E+04    6.5305892535E-07
    5.0482006550E+04    7.7782726836E-07
    5.0495518860E+04    8.3864368553E-07
    5.0509031180E+04    8.7899938558E-07
    5.0522543490E+04    7.6530463250E-07
    5.0536055810E+04    6.3277264069E-07
    5.0549568120E+04    4.7384793311E-07
    5.0563080440E+04    3.5716867107E-07
    5.0576592750E+04    2.6744196781E-07
    5.0590105060E+04    2.4887172377E-07
    5.0603617380E+04    2.6394088591E-07
    5.0617129690E+04    3.4341828704E-07
    5.0630642010E+04    4.8028928401E-07
    5.0644154320E+04    5.5766406475E-07
    5.0657666640E+04    6.3013688164E-07
    5.0671178950E+04    6.2414716336E-07
    5.0684691260E+04    6.0968540514E-07
    5.0698203580E+04    5.8230216917E-07
    5.0711715890E+04    5.2696422567E-07
    5.0725228210E+04    4.5906906509E-07
    5.0738740520E+04    3.4297559361E-07
    5.0752252840E+04    2.4209568098E-07
    5.0765765150E+04    1.8165890436E-07
    5.0779277470E+04    1.5478388623E-07
    5.0792789780E+04    2.0212372619E-07
    5.0806302090E+04    2.6123391350E-07
    5.0819814410E+04    3.0510278941E-07
    5.0833326720E+04    3.4817837770E-07
    5.0846839040E+04    3.4989966746E-07
    5.0860351350E+04    3.4727129856E-07
    5.0873863670E+04    3.3534951745E-07
    5.0887375980E+04    3.2350334835E-07
    5.0900888290E+04    3.1202763033E-07
    5.0914400610E+04    2.8936520257E-07
    5.0927912920E+04    2.6727681552E-07
    5.0941425240E+04    2.3494167913E-07
    5.0954937550E+04    2.1005787776E-07
    5.0968449870E+04    1.8341253536E-07
    5.0981962180E+04    1.5624336932E-07
    5.0995474500E+04    1.2662216431E-07
