###   Wavelength (A)        Transmission
    2.0004663860E+04    2.2689226883E-10
    2.0020744780E+04    2.0455650125E-10
    2.0036825700E+04    1.8545825611E-10
    2.0052906620E+04    1.6926471570E-10
    2.0068987540E+04    1.5521009547E-10
    2.0085068460E+04    1.4392680223E-10
    2.0101149380E+04    1.3433537369E-10
    2.0117230300E+04    1.2575420597E-10
    2.0133311220E+04    1.1914068419E-10
    2.0149392140E+04    1.1375417473E-10
    2.0165473060E+04    1.0737860669E-10
    2.0181553980E+04    1.0271631223E-10
    2.0197634900E+04    9.7343987576E-11
    2.0213715820E+04    9.3524571277E-11
    2.0229796740E+04    8.9941141709E-11
    2.0245877660E+04    8.5431933876E-11
    2.0261958580E+04    8.2476694346E-11
    2.0278039490E+04    7.9866370382E-11
    2.0294120410E+04    7.7485912277E-11
    2.0310201330E+04    7.5417814362E-11
    2.0326282250E+04    7.3731639794E-11
    2.0342363170E+04    7.1445017274E-11
    2.0358444090E+04    7.0394388200E-11
    2.0374525010E+04    6.9657676389E-11
    2.0390605930E+04    6.9338776753E-11
    2.0406686850E+04    6.9974087244E-11
    2.0422767770E+04    7.0132807588E-11
    2.0438848690E+04    7.0553780921E-11
    2.0454929610E+04    7.1237989271E-11
    2.0471010530E+04    7.2118477649E-11
    2.0487091450E+04    7.3764296842E-11
    2.0503172370E+04    7.5491852585E-11
    2.0519253290E+04    7.7294759760E-11
    2.0535334210E+04    8.0389767632E-11
    2.0551415130E+04    8.3232488428E-11
    2.0567496050E+04    8.7212244919E-11
    2.0583576970E+04    9.1290114825E-11
    2.0599657880E+04    9.6532749882E-11
    2.0615738800E+04    1.0225305436E-10
    2.0631819720E+04    1.0843804417E-10
    2.0647900640E+04    1.1548436048E-10
    2.0663981560E+04    1.2347055880E-10
    2.0680062480E+04    1.3227469100E-10
    2.0696143400E+04    1.4185430545E-10
    2.0712224320E+04    1.5274302656E-10
    2.0728305240E+04    1.6662334601E-10
    2.0744386160E+04    1.8112906521E-10
    2.0760467080E+04    1.9920507880E-10
    2.0776548000E+04    2.1904196360E-10
    2.0792628920E+04    2.4371936505E-10
    2.0808709840E+04    2.7223967242E-10
    2.0824790760E+04    3.0365360576E-10
    2.0840871680E+04    3.4192700923E-10
    2.0856952600E+04    3.8642251521E-10
    2.0873033520E+04    4.3824120763E-10
    2.0889114440E+04    4.9857065480E-10
    2.0905195360E+04    5.7030358387E-10
    2.0921276270E+04    6.5461841918E-10
    2.0937357190E+04    7.5636140692E-10
    2.0953438110E+04    8.8236859886E-10
    2.0969519030E+04    1.0259628886E-09
    2.0985599950E+04    1.1979245265E-09
    2.1001680870E+04    1.4058400736E-09
    2.1017761790E+04    1.6404773310E-09
    2.1033842710E+04    1.9183869624E-09
    2.1049923630E+04    2.2324849983E-09
    2.1066004550E+04    2.5649594300E-09
    2.1082085470E+04    2.9275976632E-09
    2.1098166390E+04    3.2947787031E-09
    2.1114247310E+04    3.6523973326E-09
    2.1130328230E+04    3.9710077005E-09
    2.1146409150E+04    4.2179505873E-09
    2.1162490070E+04    4.4156048387E-09
    2.1178570990E+04    4.5063434697E-09
    2.1194651910E+04    4.5289724375E-09
    2.1210732830E+04    4.4920541681E-09
    2.1226813750E+04    4.4030337731E-09
    2.1242894660E+04    4.2668744690E-09
    2.1258975580E+04    4.1308303678E-09
    2.1275056500E+04    3.9883993331E-09
    2.1291137420E+04    3.8358841116E-09
    2.1307218340E+04    3.6962260424E-09
    2.1323299260E+04    3.5611258463E-09
    2.1339380180E+04    3.4352926776E-09
    2.1355461100E+04    3.3251011484E-09
    2.1371542020E+04    3.2411272406E-09
    2.1387622940E+04    3.1596646287E-09
    2.1403703860E+04    3.0955710058E-09
    2.1419784780E+04    3.0307347323E-09
    2.1435865700E+04    2.9856011567E-09
    2.1451946620E+04    2.9425899289E-09
    2.1468027540E+04    2.9003497837E-09
    2.1484108460E+04    2.8601870990E-09
    2.1500189380E+04    2.8248834785E-09
    2.1516270300E+04    2.7992939048E-09
    2.1532351220E+04    2.7863730612E-09
    2.1548432140E+04    2.7810183396E-09
    2.1564513050E+04    2.7912272180E-09
    2.1580593970E+04    2.8033064420E-09
    2.1596674890E+04    2.8319442982E-09
    2.1612755810E+04    2.8709387614E-09
    2.1628836730E+04    2.9039983362E-09
    2.1644917650E+04    2.9486749037E-09
    2.1660998570E+04    2.9973482025E-09
    2.1677079490E+04    3.0504193724E-09
    2.1693160410E+04    3.1096811773E-09
    2.1709241330E+04    3.1670898973E-09
    2.1725322250E+04    3.2407898974E-09
    2.1741403170E+04    3.3181504422E-09
    2.1757484090E+04    3.4038011866E-09
    2.1773565010E+04    3.4972119893E-09
    2.1789645930E+04    3.6025577882E-09
    2.1805726850E+04    3.7216117654E-09
    2.1821807770E+04    3.8507651546E-09
    2.1837888690E+04    3.9981314030E-09
    2.1853969610E+04    4.1686433634E-09
    2.1870050530E+04    4.3456827139E-09
    2.1886131450E+04    4.5442876244E-09
    2.1902212360E+04    4.7668134806E-09
    2.1918293280E+04    5.0125031003E-09
    2.1934374200E+04    5.2807372947E-09
    2.1950455120E+04    5.5759860776E-09
    2.1966536040E+04    5.9154620432E-09
    2.1982616960E+04    6.2979399621E-09
    2.1998697880E+04    6.7363574662E-09
    2.2014778800E+04    7.2669137526E-09
    2.2030859720E+04    7.8681989847E-09
    2.2046940640E+04    8.5668383542E-09
    2.2063021560E+04    9.3827658204E-09
    2.2079102480E+04    1.0345424013E-08
    2.2095183400E+04    1.1514693648E-08
    2.2111264320E+04    1.2908128153E-08
    2.2127345240E+04    1.4606108898E-08
    2.2143426160E+04    1.6718166982E-08
    2.2159507080E+04    1.9289162756E-08
    2.2175588000E+04    2.2556177580E-08
    2.2191668920E+04    2.6589699581E-08
    2.2207749840E+04    3.1554166456E-08
    2.2223830750E+04    3.7472886830E-08
    2.2239911670E+04    4.3978240836E-08
    2.2255992590E+04    5.0128905110E-08
    2.2272073510E+04    5.5239218776E-08
    2.2288154430E+04    5.8749214691E-08
    2.2304235350E+04    6.1024833937E-08
    2.2320316270E+04    6.2689226998E-08
    2.2336397190E+04    6.4439340222E-08
    2.2352478110E+04    6.6840245872E-08
    2.2368559030E+04    7.0207148316E-08
    2.2384639950E+04    7.4770823103E-08
    2.2400720870E+04    8.0616411524E-08
    2.2416801790E+04    8.8337438414E-08
    2.2432882710E+04    9.7811073273E-08
    2.2448963630E+04    1.0964293963E-07
    2.2465044550E+04    1.2405099709E-07
    2.2481125470E+04    1.4118636593E-07
    2.2497206390E+04    1.6170227260E-07
    2.2513287310E+04    1.8573602833E-07
    2.2529368230E+04    2.1281080296E-07
    2.2545449140E+04    2.4327840551E-07
    2.2561530060E+04    2.7641173061E-07
    2.2577610980E+04    3.1214894427E-07
    2.2593691900E+04    3.4958712615E-07
    2.2609772820E+04    3.8880496767E-07
    2.2625853740E+04    4.2844271338E-07
    2.2641934660E+04    4.6812449362E-07
    2.2658015580E+04    5.0707525035E-07
    2.2674096500E+04    5.4371636945E-07
    2.2690177420E+04    5.7831044259E-07
    2.2706258340E+04    6.1059024480E-07
    2.2722339260E+04    6.3968588999E-07
    2.2738420180E+04    6.6729008066E-07
    2.2754501100E+04    6.9343475118E-07
    2.2770582020E+04    7.1927432177E-07
    2.2786662940E+04    7.4484196683E-07
    2.2802743860E+04    7.7214956410E-07
    2.2818824780E+04    8.0308564142E-07
    2.2834905700E+04    8.3732128362E-07
    2.2850986620E+04    8.7600851300E-07
    2.2867067530E+04    9.2030117029E-07
    2.2883148450E+04    9.6912139391E-07
    2.2899229370E+04    1.0254679451E-06
    2.2915310290E+04    1.0901336698E-06
    2.2931391210E+04    1.1643615525E-06
    2.2947472130E+04    1.2516863201E-06
    2.2963553050E+04    1.3547276297E-06
    2.2979633970E+04    1.4747775080E-06
    2.2995714890E+04    1.6182854923E-06
    2.3011795810E+04    1.7825349537E-06
    2.3027876730E+04    1.9773949395E-06
    2.3043957650E+04    2.2079596368E-06
    2.3060038570E+04    2.4825532304E-06
    2.3076119490E+04    2.8124735213E-06
    2.3092200410E+04    3.2043768956E-06
    2.3108281330E+04    3.6814000822E-06
    2.3124362250E+04    4.2649290322E-06
    2.3140443170E+04    4.9716706611E-06
    2.3156524090E+04    5.8604907613E-06
    2.3172605010E+04    6.9561475793E-06
    2.3188685920E+04    8.2812093839E-06
    2.3204766840E+04    9.8753715046E-06
    2.3220847760E+04    1.1713244934E-05
    2.3236928680E+04    1.3783841400E-05
    2.3253009600E+04    1.5996733929E-05
    2.3269090520E+04    1.8327940001E-05
    2.3285171440E+04    2.0675620327E-05
    2.3301252360E+04    2.3015987584E-05
    2.3317333280E+04    2.5349580090E-05
    2.3333414200E+04    2.7570008705E-05
    2.3349495120E+04    2.9655388763E-05
    2.3365576040E+04    3.1442291717E-05
    2.3381656960E+04    3.2924896405E-05
    2.3397737880E+04    3.3962150072E-05
    2.3413818800E+04    3.4625021023E-05
    2.3429899720E+04    3.4966383165E-05
    2.3445980640E+04    3.5059627461E-05
    2.3462061560E+04    3.5065466079E-05
    2.3478142480E+04    3.5070110073E-05
    2.3494223400E+04    3.5149336746E-05
    2.3510304310E+04    3.5359070749E-05
    2.3526385230E+04    3.5712209718E-05
    2.3542466150E+04    3.6301755412E-05
    2.3558547070E+04    3.7074793078E-05
    2.3574627990E+04    3.8046929971E-05
    2.3590708910E+04    3.9095925358E-05
    2.3606789830E+04    4.0332751431E-05
    2.3622870750E+04    4.1561678471E-05
    2.3638951670E+04    4.2816891480E-05
    2.3655032590E+04    4.4006106621E-05
    2.3671113510E+04    4.5136209010E-05
    2.3687194430E+04    4.6179615508E-05
    2.3703275350E+04    4.7046136240E-05
    2.3719356270E+04    4.7714004067E-05
    2.3735437190E+04    4.8188291005E-05
    2.3751518110E+04    4.8433834873E-05
    2.3767599030E+04    4.8434326261E-05
    2.3783679950E+04    4.8239525082E-05
    2.3799760870E+04    4.7867952036E-05
    2.3815841790E+04    4.7401925034E-05
    2.3831922710E+04    4.6813663453E-05
    2.3848003620E+04    4.6196291300E-05
    2.3864084540E+04    4.5573961234E-05
    2.3880165460E+04    4.5066330313E-05
    2.3896246380E+04    4.4580913080E-05
    2.3912327300E+04    4.4182263533E-05
    2.3928408220E+04    4.3869352819E-05
    2.3944489140E+04    4.3664303211E-05
    2.3960570060E+04    4.3538440524E-05
    2.3976650980E+04    4.3471694436E-05
    2.3992731900E+04    4.3486997339E-05
    2.4008812820E+04    4.3554530142E-05
    2.4024893740E+04    4.3670385865E-05
    2.4040974660E+04    4.3834714221E-05
    2.4057055580E+04    4.4016752131E-05
    2.4073136500E+04    4.4204448371E-05
    2.4089217420E+04    4.4382634058E-05
    2.4105298340E+04    4.4591488076E-05
    2.4121379260E+04    4.4827970047E-05
    2.4137460180E+04    4.5074882286E-05
    2.4153541100E+04    4.5295089790E-05
    2.4169622010E+04    4.5486271989E-05
    2.4185702930E+04    4.5626204681E-05
    2.4201783850E+04    4.5651796947E-05
    2.4217864770E+04    4.5607457740E-05
    2.4233945690E+04    4.5385284932E-05
    2.4250026610E+04    4.5029960487E-05
    2.4266107530E+04    4.4566387203E-05
    2.4282188450E+04    4.4104208193E-05
    2.4298269370E+04    4.3663503423E-05
    2.4314350290E+04    4.3312052891E-05
    2.4330431210E+04    4.3135313592E-05
    2.4346512130E+04    4.3131643195E-05
    2.4362593050E+04    4.3260872461E-05
    2.4378673970E+04    4.3468557596E-05
    2.4394754890E+04    4.3755561004E-05
    2.4410835810E+04    4.4049762975E-05
    2.4426916730E+04    4.4321411348E-05
    2.4442997650E+04    4.4570685363E-05
    2.4459078570E+04    4.4766656026E-05
    2.4475159490E+04    4.4855848714E-05
    2.4491240400E+04    4.4869212565E-05
    2.4507321320E+04    4.4855245687E-05
    2.4523402240E+04    4.4779112203E-05
    2.4539483160E+04    4.4643587377E-05
    2.4555564080E+04    4.4527066655E-05
    2.4571645000E+04    4.4478991478E-05
    2.4587725920E+04    4.4515376076E-05
    2.4603806840E+04    4.4658345983E-05
    2.4619887760E+04    4.4901711156E-05
    2.4635968680E+04    4.5260650624E-05
    2.4652049600E+04    4.5672220547E-05
    2.4668130520E+04    4.6112942898E-05
    2.4684211440E+04    4.6516820943E-05
    2.4700292360E+04    4.6883178895E-05
    2.4716373280E+04    4.7229212105E-05
    2.4732454200E+04    4.7563812486E-05
    2.4748535120E+04    4.7955934153E-05
    2.4764616040E+04    4.8344092619E-05
    2.4780696960E+04    4.8843867653E-05
    2.4796777880E+04    4.9342567502E-05
    2.4812858790E+04    4.9809218621E-05
    2.4828939710E+04    5.0185858421E-05
    2.4845020630E+04    5.0514509808E-05
    2.4861101550E+04    5.0752950305E-05
    2.4877182470E+04    5.0846485607E-05
    2.4893263390E+04    5.0902831853E-05
    2.4909344310E+04    5.0919236436E-05
    2.4925425230E+04    5.1034758357E-05
    2.4941506150E+04    5.1211598613E-05
    2.4957587070E+04    9.3914842020E-05
    2.4973667990E+04    1.3624986520E-04
    2.4989748910E+04    1.7797946170E-04
    2.4997781620E+04    2.1942636733E-04
    2.5011293930E+04    2.5951244359E-04
    2.5024806240E+04    2.9921521447E-04
    2.5038318560E+04    3.3759142455E-04
    2.5051830870E+04    3.7445045066E-04
    2.5065343190E+04    3.6792044632E-04
    2.5078855500E+04    3.6065888142E-04
    2.5092367820E+04    3.5298773937E-04
    2.5105880130E+04    3.4381324979E-04
    2.5119392440E+04    3.3497594049E-04
    2.5132904760E+04    3.2460385380E-04
    2.5146417070E+04    3.1405996771E-04
    2.5159929390E+04    3.0402650668E-04
    2.5173441700E+04    2.9339606409E-04
    2.5186954020E+04    2.8209455383E-04
    2.5200466330E+04    2.7061061773E-04
    2.5213978650E+04    2.5979218752E-04
    2.5227490960E+04    2.4814684333E-04
    2.5241003270E+04    2.3682971040E-04
    2.5254515590E+04    2.2541583341E-04
    2.5268027900E+04    2.1336002400E-04
    2.5281540220E+04    2.0200400269E-04
    2.5295052530E+04    1.9093538819E-04
    2.5308564850E+04    1.7972124799E-04
    2.5322077160E+04    1.6831225650E-04
    2.5335589480E+04    1.5749304132E-04
    2.5349101790E+04    1.4658342667E-04
    2.5362614100E+04    1.3615714559E-04
    2.5376126420E+04    1.2579686654E-04
    2.5389638730E+04    1.1558495837E-04
    2.5403151050E+04    1.0589335069E-04
    2.5416663360E+04    9.7160076316E-05
    2.5430175680E+04    8.8691602185E-05
    2.5443687990E+04    8.0196046413E-05
    2.5457200300E+04    7.2111917232E-05
    2.5470712620E+04    6.5209067846E-05
    2.5484224930E+04    5.9379573311E-05
    2.5497737250E+04    5.3022674426E-05
    2.5511249560E+04    4.7203756789E-05
    2.5524761880E+04    4.1111164792E-05
    2.5538274190E+04    3.6285619973E-05
    2.5551786510E+04    3.2487534632E-05
    2.5565298820E+04    2.9387056391E-05
    2.5578811130E+04    2.4816219674E-05
    2.5592323450E+04    2.0663295834E-05
    2.5605835760E+04    1.8375123404E-05
    2.5619348080E+04    1.6397381448E-05
    2.5632860390E+04    1.4828308914E-05
    2.5646372710E+04    1.3345984076E-05
    2.5659885020E+04    1.1584609826E-05
    2.5673397330E+04    9.9696583372E-06
    2.5686909650E+04    9.7383559950E-06
    2.5700421960E+04    9.2641183587E-06
    2.5713934280E+04    7.8957993041E-06
    2.5727446590E+04    6.9922793088E-06
    2.5740958910E+04    6.0631648698E-06
    2.5754471220E+04    4.9478002780E-06
    2.5767983540E+04    4.2040016874E-06
    2.5781495850E+04    4.0329950896E-06
    2.5795008160E+04    3.3998500213E-06
    2.5808520480E+04    3.2252340037E-06
    2.5822032790E+04    3.4408505783E-06
    2.5835545110E+04    2.9141697046E-06
    2.5849057420E+04    2.6243736802E-06
    2.5862569740E+04    2.5617638068E-06
    2.5876082050E+04    2.5558639897E-06
    2.5889594370E+04    2.0535668533E-06
    2.5903106680E+04    2.2444074040E-06
    2.5916618990E+04    2.2178061016E-06
    2.5930131310E+04    1.8256479946E-06
    2.5943643620E+04    1.9012006278E-06
    2.5957155940E+04    1.8621303997E-06
    2.5970668250E+04    1.6559474626E-06
    2.5984180570E+04    1.4558315697E-06
    2.5997692880E+04    1.4674783515E-06
    2.6011205190E+04    1.4667809360E-06
    2.6024717510E+04    1.2612198508E-06
    2.6038229820E+04    1.5264232024E-06
    2.6051742140E+04    1.9959323816E-06
    2.6065254450E+04    2.2340629844E-06
    2.6078766770E+04    2.3090303608E-06
    2.6092279080E+04    2.6470548753E-06
    2.6105791400E+04    3.0808238178E-06
    2.6119303710E+04    2.7760486438E-06
    2.6132816020E+04    2.5815115756E-06
    2.6146328340E+04    2.5824120183E-06
    2.6159840650E+04    2.1216710980E-06
    2.6173352970E+04    1.8967350793E-06
    2.6186865280E+04    1.7488765597E-06
    2.6200377600E+04    1.3348182136E-06
    2.6213889910E+04    8.8005090168E-07
    2.6227402220E+04    8.7197434544E-07
    2.6240914540E+04    8.5868470210E-07
    2.6254426850E+04    5.2578066204E-07
    2.6267939170E+04    8.4271802963E-07
    2.6281451480E+04    1.0999792182E-06
    2.6294963800E+04    1.3387877951E-06
    2.6308476110E+04    1.7418632720E-06
    2.6321988430E+04    2.1131771925E-06
    2.6335500740E+04    2.5008641729E-06
    2.6349013050E+04    2.8847234864E-06
    2.6362525370E+04    2.9201843366E-06
    2.6376037680E+04    2.5250483134E-06
    2.6389550000E+04    2.5870323255E-06
    2.6403062310E+04    2.6545677722E-06
    2.6416574630E+04    2.2358446885E-06
    2.6430086940E+04    1.7953898791E-06
    2.6443599250E+04    1.5786386912E-06
    2.6457111570E+04    1.1980771931E-06
    2.6470623880E+04    1.2212497385E-06
    2.6484136200E+04    1.4196117886E-06
    2.6497648510E+04    1.1012001471E-06
    2.6511160830E+04    9.2705422875E-07
    2.6524673140E+04    9.5630021287E-07
    2.6538185460E+04    1.0832267714E-06
    2.6551697770E+04    1.2060574208E-06
    2.6565210080E+04    1.3599278271E-06
    2.6578722400E+04    1.6520045947E-06
    2.6592234710E+04    1.6521139371E-06
    2.6605747030E+04    1.9007480212E-06
    2.6619259340E+04    2.0866309374E-06
    2.6632771660E+04    2.6162994210E-06
    2.6646283970E+04    2.6713983752E-06
    2.6659796290E+04    2.2552584056E-06
    2.6673308600E+04    2.1227213992E-06
    2.6686820910E+04    1.7548583230E-06
    2.6700333230E+04    1.4622852091E-06
    2.6713845540E+04    1.2597419344E-06
    2.6727357860E+04    1.4826901858E-06
    2.6740870170E+04    9.2914688707E-07
    2.6754382490E+04    7.1793669405E-07
    2.6767894800E+04    7.1768282932E-07
    2.6781407110E+04    7.6425588210E-07
    2.6794919430E+04    9.1373202915E-07
    2.6808431740E+04    1.2309915058E-06
    2.6821944060E+04    1.1676884190E-06
    2.6835456370E+04    6.0200255683E-07
    2.6848968690E+04    5.7818933747E-07
    2.6862481000E+04    6.1336286568E-07
    2.6875993320E+04    6.1389585092E-07
    2.6889505630E+04    6.0347450715E-07
    2.6903017940E+04    4.9709981023E-07
    2.6916530260E+04    1.7223151012E-07
    2.6930042570E+04    1.8138946292E-07
    2.6943554890E+04    1.8140597747E-07
    2.6957067200E+04    1.6453655868E-07
    2.6970579520E+04    4.4303776940E-07
    2.6984091830E+04    4.8022117113E-07
    2.6997604140E+04    4.2152691566E-07
    2.7011116460E+04    4.1190569844E-07
    2.7024628770E+04    7.1750437909E-07
    2.7038141090E+04    1.3003913297E-06
    2.7051653400E+04    1.3592419677E-06
    2.7065165720E+04    1.3645787203E-06
    2.7078678030E+04    1.3423369812E-06
    2.7092190350E+04    1.5153129994E-06
    2.7105702660E+04    1.5171758906E-06
    2.7119214970E+04    1.5791656810E-06
    2.7132727290E+04    1.2683536146E-06
    2.7146239600E+04    7.1831097732E-07
    2.7159751920E+04    6.6103126279E-07
    2.7173264230E+04    8.1205211419E-07
    2.7186776550E+04    6.2600348606E-07
    2.7200288860E+04    6.0395779481E-07
    2.7213801170E+04    7.3151404610E-07
    2.7227313490E+04    6.2828311932E-07
    2.7240825800E+04    6.2801043721E-07
    2.7254338120E+04    7.5193193742E-07
    2.7267850430E+04    8.9034591409E-07
    2.7281362750E+04    7.3419552721E-07
    2.7294875060E+04    7.1159443165E-07
    2.7308387380E+04    5.2478930708E-07
    2.7321899690E+04    4.0015866314E-07
    2.7335412000E+04    4.3075166483E-07
    2.7348924320E+04    7.4954591171E-07
    2.7362436630E+04    7.2065073113E-07
    2.7375948950E+04    7.5616915352E-07
    2.7389461260E+04    7.5659357710E-07
    2.7402973580E+04    7.0198714981E-07
    2.7416485890E+04    7.0177573293E-07
    2.7429998210E+04    6.9829659799E-07
    2.7443510520E+04    7.3727763688E-07
    2.7457022830E+04    4.1751982417E-07
    2.7470535150E+04    2.7813651401E-07
    2.7484047460E+04    1.0908977395E-07
    2.7497559780E+04    1.0864054947E-07
    2.7511072090E+04    8.4239688395E-08
    2.7524584410E+04    3.8152064764E-07
    2.7538096720E+04    5.7536432495E-07
    2.7551609030E+04    7.2363157290E-07
    2.7565121350E+04    8.0539871008E-07
    2.7578633660E+04    8.0522137469E-07
    2.7592145980E+04    8.1486627785E-07
    2.7605658290E+04    9.0245450833E-07
    2.7619170610E+04    8.9701462938E-07
    2.7632682920E+04    5.9984364543E-07
    2.7646195240E+04    4.0603478109E-07
    2.7659707550E+04    2.6162644403E-07
    2.7673219860E+04    1.7944484669E-07
    2.7686732180E+04    1.9119625127E-07
    2.7700244490E+04    3.2977879896E-07
    2.7713756810E+04    3.6546671518E-07
    2.7727269120E+04    3.6608979103E-07
    2.7740781440E+04    5.2110124660E-07
    2.7754293750E+04    5.2579971137E-07
    2.7767806060E+04    4.5290765637E-07
    2.7781318380E+04    4.8459056656E-07
    2.7794830690E+04    7.1582808076E-07
    2.7808343010E+04    8.3739383783E-07
    2.7821855320E+04    7.1475379078E-07
    2.7835367640E+04    7.1639494749E-07
    2.7848879950E+04    7.3489178528E-07
    2.7862392270E+04    1.1072541892E-06
    2.7875904580E+04    1.3197827618E-06
    2.7889416890E+04    1.2899701344E-06
    2.7902929210E+04    1.0481877482E-06
    2.7916441520E+04    9.6165639976E-07
    2.7929953840E+04    1.1889419868E-06
    2.7943466150E+04    1.1892096785E-06
    2.7956978470E+04    1.0177752749E-06
    2.7970490780E+04    6.8012240928E-07
    2.7984003090E+04    5.6308304747E-07
    2.7997515410E+04    6.7815202488E-07
    2.8011027720E+04    6.8410114661E-07
    2.8024540040E+04    5.5542211362E-07
    2.8038052350E+04    4.7922966184E-07
    2.8051564670E+04    5.8503261057E-07
    2.8065076980E+04    6.6280694249E-07
    2.8078589300E+04    8.3441509898E-07
    2.8092101610E+04    8.4957846958E-07
    2.8105613920E+04    7.6188550831E-07
    2.8119126240E+04    7.5536570516E-07
    2.8132638550E+04    8.1039962593E-07
    2.8146150870E+04    7.8364596085E-07
    2.8159663180E+04    7.7344389409E-07
    2.8173175500E+04    7.1833191431E-07
    2.8186687810E+04    5.1004432874E-07
    2.8200200130E+04    3.9888371202E-07
    2.8213712440E+04    4.2340096807E-07
    2.8227224750E+04    7.4728447126E-07
    2.8240737070E+04    6.3510898509E-07
    2.8254249380E+04    5.1191743904E-07
    2.8267761700E+04    6.7635297675E-07
    2.8281274010E+04    7.3109473018E-07
    2.8294786330E+04    8.4922735404E-07
    2.8308298640E+04    9.0121912595E-07
    2.8321810950E+04    8.4760473989E-07
    2.8335323270E+04    7.5656491495E-07
    2.8348835580E+04    9.3377998278E-07
    2.8362347900E+04    9.5266802125E-07
    2.8375860210E+04    6.9021009632E-07
    2.8389372530E+04    6.1065332731E-07
    2.8402884840E+04    4.9224157498E-07
    2.8416397160E+04    4.4020303440E-07
    2.8429909470E+04    5.2139814539E-07
    2.8443421780E+04    2.9084311095E-07
    2.8456934100E+04    1.1041251281E-07
    2.8470446410E+04    3.2203524862E-07
    2.8483958730E+04    5.8060482833E-07
    2.8497471040E+04    5.8285032679E-07
    2.8510983360E+04    5.7976301179E-07
    2.8524495670E+04    5.7907576143E-07
    2.8538007980E+04    5.0572032757E-07
    2.8551520300E+04    6.8894631615E-07
    2.8565032610E+04    7.4530645761E-07
    2.8578544930E+04    5.1380908068E-07
    2.8592057240E+04    2.5851020069E-07
    2.8605569560E+04    3.3456099059E-07
    2.8619081870E+04    3.3416892991E-07
    2.8632594190E+04    4.5308585105E-07
    2.8646106500E+04    5.9880620748E-07
    2.8659618810E+04    4.6604007546E-07
    2.8673131130E+04    4.0900193563E-07
    2.8686643440E+04    5.4889905287E-07
    2.8700155760E+04    7.1302528013E-07
    2.8713668070E+04    8.4177374710E-07
    2.8727180390E+04    9.6024996994E-07
    2.8740692700E+04    8.4112106968E-07
    2.8754205010E+04    6.8724451464E-07
    2.8767717330E+04    7.6306524393E-07
    2.8781229640E+04    9.8984891380E-07
    2.8794741960E+04    9.2989151898E-07
    2.8808254270E+04    9.3799208497E-07
    2.8821766590E+04    9.5934599492E-07
    2.8835278900E+04    1.0710009461E-06
    2.8848791220E+04    1.0713492286E-06
    2.8862303530E+04    1.0697017382E-06
    2.8875815840E+04    9.4301531069E-07
    2.8889328160E+04    7.1651908499E-07
    2.8902840470E+04    6.3633181838E-07
    2.8916352790E+04    4.6291871422E-07
    2.8929865100E+04    3.2084810770E-07
    2.8943377420E+04    9.2846458089E-08
    2.8956889730E+04    9.2124168806E-08
    2.8970402050E+04    1.1406019165E-07
    2.8983914360E+04    2.3489708694E-07
    2.8997426670E+04    2.8222888544E-07
    2.9010938990E+04    2.8207770018E-07
    2.9024451300E+04    2.8168885825E-07
    2.9037963620E+04    2.0758937697E-07
    2.9051475930E+04    3.3258099995E-07
    2.9064988250E+04    5.2746556207E-07
    2.9078500560E+04    7.0068729497E-07
    2.9092012870E+04    7.1837294698E-07
    2.9105525190E+04    6.7022664160E-07
    2.9119037500E+04    6.6937035832E-07
    2.9132549820E+04    6.6884631767E-07
    2.9146062130E+04    6.5745955615E-07
    2.9159574450E+04    7.0366416576E-07
    2.9173086760E+04    6.6674413699E-07
    2.9186599080E+04    5.5497540767E-07
    2.9200111390E+04    4.8507131099E-07
    2.9213623700E+04    7.1763544720E-07
    2.9227136020E+04    9.3179670249E-07
    2.9240648330E+04    1.0674393644E-06
    2.9254160650E+04    1.2213460999E-06
    2.9267672960E+04    1.0492260858E-06
    2.9281185280E+04    8.9793879382E-07
    2.9294697590E+04    9.6049336686E-07
    2.9308209900E+04    1.0626131919E-06
    2.9321722220E+04    1.2367391684E-06
    2.9335234530E+04    1.2517111460E-06
    2.9348746850E+04    1.1369226066E-06
    2.9362259160E+04    1.2204026095E-06
    2.9375771480E+04    1.3437155521E-06
    2.9389283790E+04    1.3349202272E-06
    2.9402796110E+04    1.1889917720E-06
    2.9416308420E+04    1.0187054363E-06
    2.9429820730E+04    6.2096735760E-07
    2.9443333050E+04    5.4028941717E-07
    2.9456845360E+04    7.0452079609E-07
    2.9470357680E+04    6.2919640931E-07
    2.9483869990E+04    5.0352457730E-07
    2.9497382310E+04    5.0285887000E-07
    2.9510894620E+04    5.0274626918E-07
    2.9524406940E+04    5.0216616891E-07
    2.9537919250E+04    4.9687660055E-07
    2.9551431560E+04    3.9781456615E-07
    2.9564943880E+04    4.3780826540E-07
    2.9578456190E+04    4.4211852738E-07
    2.9591968510E+04    4.4183483340E-07
    2.9605480820E+04    4.4122422046E-07
    2.9618993140E+04    4.4045615496E-07
    2.9632505450E+04    4.7855748392E-07
    2.9646017760E+04    5.1592417354E-07
    2.9659530080E+04    4.8135230211E-07
    2.9673042390E+04    3.3125065558E-07
    2.9686554710E+04    2.2154003525E-07
    2.9700067020E+04    2.2332816924E-07
    2.9713579340E+04    2.2323029047E-07
    2.9727091650E+04    4.3205034500E-07
    2.9740603970E+04    7.8773828379E-07
    2.9754116280E+04    9.5799695688E-07
    2.9767628590E+04    1.0321225093E-06
    2.9781140910E+04    9.5757157418E-07
    2.9794653220E+04    9.0259162538E-07
    2.9808165540E+04    8.9923517792E-07
    2.9821677850E+04    8.9799402231E-07
    2.9835190170E+04    6.8894608026E-07
    2.9848702480E+04    2.9564570442E-07
    2.9862214790E+04    9.1198585570E-08
    2.9875727110E+04    3.0335704855E-07
    2.9889239420E+04    7.1599145985E-07
    2.9902751740E+04    7.7909424442E-07
    2.9916264050E+04    7.8528826463E-07
    2.9929776370E+04    8.0198333524E-07
    2.9943288680E+04    8.1730599215E-07
    2.9956801000E+04    8.1669079989E-07
    2.9970313310E+04    8.2152222459E-07
    2.9983825620E+04    5.7481055649E-07
    2.9997337940E+04    2.2261191553E-07
    3.0010850250E+04    3.0798645659E-07
    3.0024362570E+04    4.9313372669E-07
    3.0037874880E+04    7.0032086726E-07
    3.0051387200E+04    7.2493227235E-07
    3.0064899510E+04    7.4598621883E-07
    3.0078411820E+04    7.9969419172E-07
    3.0091924140E+04    7.9662279867E-07
    3.0105436450E+04    7.3767120686E-07
    3.0118948770E+04    6.0869246626E-07
    3.0132461080E+04    5.0312567948E-07
    3.0145973400E+04    2.7975962806E-07
    3.0159485710E+04    2.4111246961E-07
    3.0172998030E+04    2.8116261508E-07
    3.0186510340E+04    2.7722407991E-07
    3.0200022650E+04    2.6256593689E-07
    3.0213534970E+04    4.1076320797E-07
    3.0227047280E+04    5.6884522273E-07
    3.0240559600E+04    4.8425283229E-07
    3.0254071910E+04    4.8396718571E-07
    3.0267584230E+04    6.6689395981E-07
    3.0281096540E+04    9.0981645137E-07
    3.0294608860E+04    1.3402577931E-06
    3.0308121170E+04    1.6454172011E-06
    3.0321633480E+04    1.7341626449E-06
    3.0335145800E+04    1.6297228777E-06
    3.0348658110E+04    1.7704228772E-06
    3.0362170430E+04    2.0569204956E-06
    3.0375682740E+04    2.1254517857E-06
    3.0389195060E+04    2.1190151897E-06
    3.0402707370E+04    1.6482781141E-06
    3.0416219680E+04    1.4233967044E-06
    3.0429732000E+04    1.6171224456E-06
    3.0443244310E+04    1.8672273080E-06
    3.0456756630E+04    2.1007242804E-06
    3.0470268940E+04    2.0779777847E-06
    3.0483781260E+04    2.1366159327E-06
    3.0497293570E+04    2.2274668592E-06
    3.0510805890E+04    2.4811095742E-06
    3.0524318200E+04    2.7240675348E-06
    3.0537830510E+04    2.8444751759E-06
    3.0551342830E+04    2.8843124794E-06
    3.0564855140E+04    2.7222005333E-06
    3.0578367460E+04    2.7035076577E-06
    3.0591879770E+04    2.6466979534E-06
    3.0605392090E+04    2.4242375769E-06
    3.0618904400E+04    2.5356343323E-06
    3.0632416710E+04    2.6913237439E-06
    3.0645929030E+04    2.3100578271E-06
    3.0659441340E+04    2.0539018263E-06
    3.0672953660E+04    2.0130034224E-06
    3.0686465970E+04    2.0546710691E-06
    3.0699978290E+04    2.2287974808E-06
    3.0713490600E+04    2.2428384273E-06
    3.0727002920E+04    2.1051369356E-06
    3.0740515230E+04    2.0497874356E-06
    3.0754027540E+04    2.2794033331E-06
    3.0767539860E+04    2.5142331503E-06
    3.0781052170E+04    2.6702379362E-06
    3.0794564490E+04    2.5982536448E-06
    3.0808076800E+04    2.3503604062E-06
    3.0821589120E+04    2.3058564434E-06
    3.0835101430E+04    2.1108435877E-06
    3.0848613740E+04    1.7161857996E-06
    3.0862126060E+04    1.3475798879E-06
    3.0875638370E+04    1.2738887376E-06
    3.0889150690E+04    1.3225855714E-06
    3.0902663000E+04    1.9022620483E-06
    3.0916175320E+04    2.6033552317E-06
    3.0929687630E+04    3.0962980795E-06
    3.0943199950E+04    3.6754480133E-06
    3.0956712260E+04    4.0657663500E-06
    3.0970224570E+04    4.4199197723E-06
    3.0983736890E+04    4.4122717679E-06
    3.0997249200E+04    4.4619783570E-06
    3.1010761520E+04    3.9735101968E-06
    3.1024273830E+04    3.3620103844E-06
    3.1037786150E+04    2.9597520272E-06
    3.1051298460E+04    2.6621743210E-06
    3.1064810780E+04    2.8106418816E-06
    3.1078323090E+04    2.7831253067E-06
    3.1091835400E+04    2.7855982771E-06
    3.1105347720E+04    2.7166497575E-06
    3.1118860030E+04    2.8482339266E-06
    3.1132372350E+04    2.9192041861E-06
    3.1145884660E+04    2.8239993005E-06
    3.1159396980E+04    2.6950837228E-06
    3.1172909290E+04    2.4519984751E-06
    3.1186421600E+04    2.5864800329E-06
    3.1199933920E+04    2.9003476526E-06
    3.1213446230E+04    3.1467809636E-06
    3.1226958550E+04    3.5173786997E-06
    3.1240470860E+04    4.1057411974E-06
    3.1253983180E+04    4.8030238887E-06
    3.1267495490E+04    5.5710195105E-06
    3.1281007810E+04    6.1051856587E-06
    3.1294520120E+04    6.3069525095E-06
    3.1308032430E+04    6.4940472956E-06
    3.1321544750E+04    6.7387326291E-06
    3.1335057060E+04    6.8671880364E-06
    3.1348569380E+04    7.0218796413E-06
    3.1362081690E+04    7.1284697957E-06
    3.1375594010E+04    7.2520905240E-06
    3.1389106320E+04    7.6850647691E-06
    3.1402618630E+04    8.2090223536E-06
    3.1416130950E+04    8.4949287318E-06
    3.1429643260E+04    8.6977008449E-06
    3.1443155580E+04    8.6053549767E-06
    3.1456667890E+04    8.4084597432E-06
    3.1470180210E+04    8.4458036589E-06
    3.1483692520E+04    8.1913660945E-06
    3.1497204840E+04    7.3551039707E-06
    3.1510717150E+04    6.8115558478E-06
    3.1524229460E+04    6.8569757660E-06
    3.1537741780E+04    7.0325181923E-06
    3.1551254090E+04    6.9760495911E-06
    3.1564766410E+04    6.7034971715E-06
    3.1578278720E+04    6.4484720885E-06
    3.1591791040E+04    6.4075055369E-06
    3.1605303350E+04    6.8457453546E-06
    3.1618815660E+04    7.1558737399E-06
    3.1632327980E+04    6.6698595581E-06
    3.1645840290E+04    5.7318186247E-06
    3.1659352610E+04    5.3087873258E-06
    3.1672864920E+04    4.9521871606E-06
    3.1686377240E+04    4.5314526147E-06
    3.1699889550E+04    4.0226718614E-06
    3.1713401870E+04    3.3507470409E-06
    3.1726914180E+04    2.6165916230E-06
    3.1740426490E+04    2.2258130268E-06
    3.1753938810E+04    1.9365034307E-06
    3.1767451120E+04    1.5633214628E-06
    3.1780963440E+04    1.2997208637E-06
    3.1794475750E+04    1.0078475229E-06
    3.1807988070E+04    8.1587219273E-07
    3.1821500380E+04    7.6056855278E-07
    3.1835012700E+04    5.2392396366E-07
    3.1848525010E+04    3.0606730871E-07
    3.1862037320E+04    4.5459278867E-07
    3.1875549640E+04    8.9723910934E-07
    3.1889061950E+04    1.2747680671E-06
    3.1902574270E+04    1.6250176410E-06
    3.1916086580E+04    1.9848365610E-06
    3.1929598900E+04    2.4082379320E-06
    3.1943111210E+04    2.8194345131E-06
    3.1956623520E+04    3.1179094550E-06
    3.1970135840E+04    3.3358571640E-06
    3.1983648150E+04    3.5300400245E-06
    3.1997160470E+04    3.8077291615E-06
    3.2010672780E+04    3.8876476245E-06
    3.2024185100E+04    3.9962382922E-06
    3.2037697410E+04    4.1508699647E-06
    3.2051209730E+04    4.7796142115E-06
    3.2064722040E+04    5.1240638054E-06
    3.2078234350E+04    5.2679149126E-06
    3.2091746670E+04    5.2051058657E-06
    3.2105258980E+04    4.9722823357E-06
    3.2118771300E+04    4.8428187916E-06
    3.2132283610E+04    4.8092819713E-06
    3.2145795930E+04    4.4879503981E-06
    3.2159308240E+04    3.8105636254E-06
    3.2172820550E+04    3.5872580952E-06
    3.2186332870E+04    3.3943200373E-06
    3.2199845180E+04    3.1420709008E-06
    3.2213357500E+04    3.0860422226E-06
    3.2226869810E+04    3.2509547614E-06
    3.2240382130E+04    3.0204452752E-06
    3.2253894440E+04    2.9887587686E-06
    3.2267406760E+04    3.1406608770E-06
    3.2280919070E+04    3.1159131672E-06
    3.2294431380E+04    3.1038892797E-06
    3.2307943700E+04    3.2468273734E-06
    3.2321456010E+04    3.2790131141E-06
    3.2334968330E+04    3.1250804766E-06
    3.2348480640E+04    3.1810122678E-06
    3.2361992960E+04    3.1067971253E-06
    3.2375505270E+04    2.9562401717E-06
    3.2389017590E+04    3.2081938331E-06
    3.2402529900E+04    3.6899607247E-06
    3.2416042210E+04    3.7960986784E-06
    3.2429554530E+04    4.2220812769E-06
    3.2443066840E+04    4.8338393111E-06
    3.2456579160E+04    5.4241496799E-06
    3.2470091470E+04    5.8027139837E-06
    3.2483603790E+04    6.1352585818E-06
    3.2497116100E+04    6.1535660215E-06
    3.2510628410E+04    5.7817987299E-06
    3.2524140730E+04    5.5546831801E-06
    3.2537653040E+04    5.2432668483E-06
    3.2551165360E+04    4.9362044946E-06
    3.2564677670E+04    4.3758331653E-06
    3.2578189990E+04    3.9698225490E-06
    3.2591702300E+04    3.7939464905E-06
    3.2605214620E+04    4.3097610420E-06
    3.2618726930E+04    5.3556216971E-06
    3.2632239240E+04    6.2636896346E-06
    3.2645751560E+04    6.4990520760E-06
    3.2659263870E+04    6.5414901752E-06
    3.2672776190E+04    6.8030708833E-06
    3.2686288500E+04    7.2870835629E-06
    3.2699800820E+04    7.7214466167E-06
    3.2713313130E+04    7.5288209507E-06
    3.2726825440E+04    6.9663432962E-06
    3.2740337760E+04    6.3252059969E-06
    3.2753850070E+04    6.3031473130E-06
    3.2767362390E+04    6.7811493764E-06
    3.2780874700E+04    7.4270863037E-06
    3.2794387020E+04    7.5917500811E-06
    3.2807899330E+04    7.5665988859E-06
    3.2821411650E+04    7.5067234365E-06
    3.2834923960E+04    7.8671349576E-06
    3.2848436270E+04    8.3919003648E-06
    3.2861948590E+04    8.2658456552E-06
    3.2875460900E+04    7.8485131896E-06
    3.2888973220E+04    7.5304094357E-06
    3.2902485530E+04    7.4304660199E-06
    3.2915997850E+04    7.1228726199E-06
    3.2929510160E+04    6.9661857437E-06
    3.2943022470E+04    6.3786153214E-06
    3.2956534790E+04    5.6054863711E-06
    3.2970047100E+04    5.2937007946E-06
    3.2983559420E+04    5.0490981311E-06
    3.2997071730E+04    4.9388752964E-06
    3.3010584050E+04    4.8294210544E-06
    3.3024096360E+04    4.7883352576E-06
    3.3037608680E+04    4.4511091568E-06
    3.3051120990E+04    4.4533930997E-06
    3.3064633300E+04    4.8519733768E-06
    3.3078145620E+04    5.2564660221E-06
    3.3091657930E+04    5.4937116499E-06
    3.3105170250E+04    5.4917363733E-06
    3.3118682560E+04    5.6525615270E-06
    3.3132194880E+04    5.7822066721E-06
    3.3145707190E+04    6.0310142999E-06
    3.3159219510E+04    5.9679172747E-06
    3.3172731820E+04    5.8472202683E-06
    3.3186244130E+04    5.8034026006E-06
    3.3199756450E+04    5.6824739091E-06
    3.3213268760E+04    5.2374990235E-06
    3.3226781080E+04    4.5993173658E-06
    3.3240293390E+04    4.5027302822E-06
    3.3253805710E+04    4.5489317857E-06
    3.3267318020E+04    4.3633480134E-06
    3.3280830330E+04    4.0474021087E-06
    3.3294342650E+04    4.0119689817E-06
    3.3307854960E+04    4.3088087060E-06
    3.3321367280E+04    4.7313762567E-06
    3.3334879590E+04    5.5495635273E-06
    3.3348391910E+04    6.2253268923E-06
    3.3361904220E+04    6.4497296934E-06
    3.3375416540E+04    6.7559295758E-06
    3.3388928850E+04    6.9543915835E-06
    3.3402441160E+04    7.2163849237E-06
    3.3415953480E+04    7.3512272840E-06
    3.3429465790E+04    7.3992757308E-06
    3.3442978110E+04    7.0023406922E-06
    3.3456490420E+04    6.4681621039E-06
    3.3470002740E+04    6.3732101527E-06
    3.3483515050E+04    6.7483701005E-06
    3.3497027360E+04    7.3866577474E-06
    3.3510539680E+04    7.4206733397E-06
    3.3524051990E+04    7.1514216669E-06
    3.3537564310E+04    7.2944897492E-06
    3.3551076620E+04    7.7631539930E-06
    3.3564588940E+04    8.2864414204E-06
    3.3578101250E+04    8.9396669297E-06
    3.3591613570E+04    9.1753843623E-06
    3.3605125880E+04    9.4092104314E-06
    3.3618638190E+04    9.8959711920E-06
    3.3632150510E+04    1.0289514062E-05
    3.3645662820E+04    1.0445573866E-05
    3.3659175140E+04    1.0624680363E-05
    3.3672687450E+04    1.0676182674E-05
    3.3686199770E+04    1.0430257379E-05
    3.3699712080E+04    1.0661783552E-05
    3.3713224390E+04    1.1212052385E-05
    3.3726736710E+04    1.2067974287E-05
    3.3740249020E+04    1.2706069662E-05
    3.3753761340E+04    1.2415895156E-05
    3.3767273650E+04    1.2052265001E-05
    3.3780785970E+04    1.2231997497E-05
    3.3794298280E+04    1.2731690369E-05
    3.3807810600E+04    1.2831731433E-05
    3.3821322910E+04    1.2709144621E-05
    3.3834835220E+04    1.2454187617E-05
    3.3848347540E+04    1.2284445992E-05
    3.3861859850E+04    1.3245779865E-05
    3.3875372170E+04    1.4316312049E-05
    3.3888884480E+04    1.4994314439E-05
    3.3902396800E+04    1.5203493735E-05
    3.3915909110E+04    1.5126584496E-05
    3.3929421430E+04    1.5192960242E-05
    3.3942933740E+04    1.5091805329E-05
    3.3956446050E+04    1.5375336223E-05
    3.3969958370E+04    1.5410143597E-05
    3.3983470680E+04    1.5257153269E-05
    3.3996983000E+04    1.4729268460E-05
    3.4010495310E+04    1.4361261485E-05
    3.4024007630E+04    1.4709564265E-05
    3.4037519940E+04    1.4902195882E-05
    3.4051032250E+04    1.5095077827E-05
    3.4064544570E+04    1.5144087152E-05
    3.4078056880E+04    1.5071321551E-05
    3.4091569200E+04    1.5186087061E-05
    3.4105081510E+04    1.5332704238E-05
    3.4118593830E+04    1.5168452852E-05
    3.4132106140E+04    1.4505030513E-05
    3.4145618460E+04    1.4041241855E-05
    3.4159130770E+04    1.3583372750E-05
    3.4172643080E+04    1.3231597462E-05
    3.4186155400E+04    1.3382188284E-05
    3.4199667710E+04    1.3297714570E-05
    3.4213180030E+04    1.3120842099E-05
    3.4226692340E+04    1.2775994623E-05
    3.4240204660E+04    1.2519641155E-05
    3.4253716970E+04    1.2472361573E-05
    3.4267229280E+04    1.2974178316E-05
    3.4280741600E+04    1.3431745129E-05
    3.4294253910E+04    1.3202754280E-05
    3.4307766230E+04    1.2737881109E-05
    3.4321278540E+04    1.2685101579E-05
    3.4334790860E+04    1.3334830631E-05
    3.4348303170E+04    1.3997783362E-05
    3.4361815490E+04    1.3905889357E-05
    3.4375327800E+04    1.3316171126E-05
    3.4388840110E+04    1.2860369141E-05
    3.4402352430E+04    1.2519599460E-05
    3.4415864740E+04    1.2106617351E-05
    3.4429377060E+04    1.1300223377E-05
    3.4442889370E+04    1.0513746710E-05
    3.4456401690E+04    9.9484951395E-06
    3.4469914000E+04    9.5550537348E-06
    3.4483426310E+04    9.0839927944E-06
    3.4496938630E+04    8.7251586685E-06
    3.4510450940E+04    8.6484215059E-06
    3.4523963260E+04    8.7105804445E-06
    3.4537475570E+04    9.0658759959E-06
    3.4550987890E+04    9.6202677542E-06
    3.4564500200E+04    1.0178924772E-05
    3.4578012520E+04    1.0849633545E-05
    3.4591524830E+04    1.1243961020E-05
    3.4605037140E+04    1.1559790064E-05
    3.4618549460E+04    1.2084436791E-05
    3.4632061770E+04    1.2636796865E-05
    3.4645574090E+04    1.2855281167E-05
    3.4659086400E+04    1.2333407840E-05
    3.4672598720E+04    1.1577668375E-05
    3.4686111030E+04    1.0925151238E-05
    3.4699623350E+04    1.0560606302E-05
    3.4713135660E+04    1.0166410923E-05
    3.4726647970E+04    9.5101453507E-06
    3.4740160290E+04    9.3955968747E-06
    3.4753672600E+04    9.6014733567E-06
    3.4767184920E+04    9.9930884533E-06
    3.4780697230E+04    1.0290770203E-05
    3.4794209550E+04    1.0370831253E-05
    3.4807721860E+04    1.0747669135E-05
    3.4821234170E+04    1.1039065058E-05
    3.4834746490E+04    1.1181514966E-05
    3.4848258800E+04    1.1364870045E-05
    3.4861771120E+04    1.1702012657E-05
    3.4875283430E+04    1.2115343159E-05
    3.4888795750E+04    1.2425812558E-05
    3.4902308060E+04    1.2566517270E-05
    3.4915820380E+04    1.2664543082E-05
    3.4929332690E+04    1.2988839105E-05
    3.4942845000E+04    1.3188493970E-05
    3.4956357320E+04    1.2282129704E-05
    3.4969869630E+04    1.1152586678E-05
    3.4983381950E+04    1.0185331420E-05
    3.4996894260E+04    9.7716553542E-06
    3.5010406580E+04    9.6591661299E-06
    3.5023918890E+04    9.4436923898E-06
    3.5037431200E+04    9.1001724002E-06
    3.5050943520E+04    9.1470325136E-06
    3.5064455830E+04    9.5030176776E-06
    3.5077968150E+04    1.0190722345E-05
    3.5091480460E+04    1.0803388338E-05
    3.5104992780E+04    1.0748853332E-05
    3.5118505090E+04    1.0353692621E-05
    3.5132017410E+04    9.7674968524E-06
    3.5145529720E+04    9.1915878858E-06
    3.5159042030E+04    8.5839424873E-06
    3.5172554350E+04    8.5038083913E-06
    3.5186066660E+04    8.7184883647E-06
    3.5199578980E+04    9.0413566587E-06
    3.5213091290E+04    9.3223007124E-06
    3.5226603610E+04    9.7274253402E-06
    3.5240115920E+04    9.9728834759E-06
    3.5253628240E+04    1.0003536887E-05
    3.5267140550E+04    9.9842165073E-06
    3.5280652860E+04    1.0159288819E-05
    3.5294165180E+04    1.0118297079E-05
    3.5307677490E+04    9.9453022808E-06
    3.5321189810E+04    1.0261481964E-05
    3.5334702120E+04    1.0788688102E-05
    3.5348214440E+04    1.1352918173E-05
    3.5361726750E+04    1.1870970517E-05
    3.5375239060E+04    1.2374965428E-05
    3.5388751380E+04    1.2825489939E-05
    3.5402263690E+04    1.3284428763E-05
    3.5415776010E+04    1.3762997512E-05
    3.5429288320E+04    1.3841334138E-05
    3.5442800640E+04    1.3721067706E-05
    3.5456312950E+04    1.3843513757E-05
    3.5469825270E+04    1.4161718340E-05
    3.5483337580E+04    1.4435335531E-05
    3.5496849890E+04    1.4618622241E-05
    3.5510362210E+04    1.4423206153E-05
    3.5523874520E+04    1.4061568745E-05
    3.5537386840E+04    1.3916507539E-05
    3.5550899150E+04    1.3953778896E-05
    3.5564411470E+04    1.3978814249E-05
    3.5577923780E+04    1.3866485876E-05
    3.5591436090E+04    1.3706443622E-05
    3.5604948410E+04    1.3787877133E-05
    3.5618460720E+04    1.4083683067E-05
    3.5631973040E+04    1.4329242209E-05
    3.5645485350E+04    1.4381586335E-05
    3.5658997670E+04    1.4507769050E-05
    3.5672509980E+04    1.5111297092E-05
    3.5686022300E+04    1.6097469877E-05
    3.5699534610E+04    1.7042482201E-05
    3.5713046920E+04    1.7621315717E-05
    3.5726559240E+04    1.8044955812E-05
    3.5740071550E+04    1.8719718237E-05
    3.5753583870E+04    1.9555782110E-05
    3.5767096180E+04    2.0079824291E-05
    3.5780608500E+04    2.0228855749E-05
    3.5794120810E+04    2.0350869374E-05
    3.5807633120E+04    2.0648637176E-05
    3.5821145440E+04    2.0879458008E-05
    3.5834657750E+04    2.0962175040E-05
    3.5848170070E+04    2.0991106793E-05
    3.5861682380E+04    2.1021291308E-05
    3.5875194700E+04    2.1181123729E-05
    3.5888707010E+04    2.1371977631E-05
    3.5902219330E+04    2.1359177244E-05
    3.5915731640E+04    2.1318773938E-05
    3.5929243950E+04    2.1522930356E-05
    3.5942756270E+04    2.1793633209E-05
    3.5956268580E+04    2.1933608078E-05
    3.5969780900E+04    2.2184644083E-05
    3.5983293210E+04    2.2669373203E-05
    3.5996805530E+04    2.3004595186E-05
    3.6010317840E+04    2.3095434084E-05
    3.6023830160E+04    2.3080384166E-05
    3.6037342470E+04    2.3009783192E-05
    3.6050854780E+04    2.2993888060E-05
    3.6064367100E+04    2.3121438336E-05
    3.6077879410E+04    2.3236740482E-05
    3.6091391730E+04    2.3331118414E-05
    3.6104904040E+04    2.3527961176E-05
    3.6118416360E+04    2.3840311345E-05
    3.6131928670E+04    2.4254111498E-05
    3.6145440980E+04    2.4626570634E-05
    3.6158953300E+04    2.4908806385E-05
    3.6172465610E+04    2.5256773139E-05
    3.6185977930E+04    2.5516723206E-05
    3.6199490240E+04    2.5484396611E-05
    3.6213002560E+04    2.5517899316E-05
    3.6226514870E+04    2.5918489888E-05
    3.6240027190E+04    2.6304079614E-05
    3.6253539500E+04    2.6710640544E-05
    3.6267051810E+04    2.7373299022E-05
    3.6280564130E+04    2.8149764530E-05
    3.6294076440E+04    2.8876490666E-05
    3.6307588760E+04    2.9446674614E-05
    3.6321101070E+04    2.9732027118E-05
    3.6334613390E+04    2.9896989336E-05
    3.6348125700E+04    3.0214955364E-05
    3.6361638010E+04    3.0649485549E-05
    3.6375150330E+04    3.1028608512E-05
    3.6388662640E+04    3.1188520191E-05
    3.6402174960E+04    3.1322504094E-05
    3.6415687270E+04    3.1743319704E-05
    3.6429199590E+04    3.2489730100E-05
    3.6442711900E+04    3.3323316135E-05
    3.6456224220E+04    3.3887935810E-05
    3.6469736530E+04    3.4239881736E-05
    3.6483248840E+04    3.4451198730E-05
    3.6496761160E+04    3.4463562760E-05
    3.6510273470E+04    3.4651113432E-05
    3.6523785790E+04    3.5093295437E-05
    3.6537298100E+04    3.5377254039E-05
    3.6550810420E+04    3.5614075079E-05
    3.6564322730E+04    3.6070871881E-05
    3.6577835040E+04    3.6603170969E-05
    3.6591347360E+04    3.7286652023E-05
    3.6604859670E+04    3.8122459727E-05
    3.6618371990E+04    3.8740737122E-05
    3.6631884300E+04    3.9166211575E-05
    3.6645396620E+04    3.9539614183E-05
    3.6658908930E+04    3.9983117694E-05
    3.6672421250E+04    4.0605589410E-05
    3.6685933560E+04    4.1217626995E-05
    3.6699445870E+04    4.1798565843E-05
    3.6712958190E+04    4.2416018713E-05
    3.6726470500E+04    4.3254236801E-05
    3.6739982820E+04    4.4407307652E-05
    3.6753495130E+04    4.5608821636E-05
    3.6767007450E+04    4.6582270492E-05
    3.6780519760E+04    4.7389032527E-05
    3.6794032080E+04    4.8161242735E-05
    3.6807544390E+04    4.9152971636E-05
    3.6821056700E+04    5.0313181585E-05
    3.6834569020E+04    5.1206571081E-05
    3.6848081330E+04    5.1808146347E-05
    3.6861593650E+04    5.2283384551E-05
    3.6875105960E+04    5.2717560959E-05
    3.6888618280E+04    5.3351321305E-05
    3.6902130590E+04    5.4109412092E-05
    3.6915642900E+04    5.4747246219E-05
    3.6929155220E+04    5.5549751878E-05
    3.6942667530E+04    5.6646022306E-05
    3.6956179850E+04    5.7790104767E-05
    3.6969692160E+04    5.9295084411E-05
    3.6983204480E+04    6.1006277256E-05
    3.6996716790E+04    6.2629724944E-05
    3.7010229110E+04    6.4378488482E-05
    3.7023741420E+04    6.6337794611E-05
    3.7037253730E+04    6.8743200948E-05
    3.7050766050E+04    7.1235045397E-05
    3.7064278360E+04    7.3632104542E-05
    3.7077790680E+04    7.6124713531E-05
    3.7091302990E+04    7.9139339137E-05
    3.7104815310E+04    8.2744364966E-05
    3.7118327620E+04    8.6613697957E-05
    3.7131839930E+04    9.0661434656E-05
    3.7145352250E+04    9.4997542379E-05
    3.7158864560E+04    1.0028441239E-04
    3.7172376880E+04    1.0653386127E-04
    3.7185889190E+04    1.1357757338E-04
    3.7199401510E+04    1.2101250121E-04
    3.7212913820E+04    1.2874676340E-04
    3.7226426140E+04    1.3744837950E-04
    3.7239938450E+04    1.4718166956E-04
    3.7253450760E+04    1.5727901585E-04
    3.7266963080E+04    1.6758923828E-04
    3.7280475390E+04    1.7815437328E-04
    3.7293987710E+04    1.8924112415E-04
    3.7307500020E+04    2.0153895333E-04
    3.7321012340E+04    2.1491356326E-04
    3.7334524650E+04    2.2874421402E-04
    3.7348036960E+04    2.4294470422E-04
    3.7361549280E+04    2.5789174653E-04
    3.7375061590E+04    2.7359247307E-04
    3.7388573910E+04    2.9090882905E-04
    3.7402086220E+04    3.0921344426E-04
    3.7415598540E+04    3.2825249346E-04
    3.7429110850E+04    3.4824026245E-04
    3.7442623170E+04    3.6973704857E-04
    3.7456135480E+04    3.9310118358E-04
    3.7469647790E+04    4.1868059431E-04
    3.7483160110E+04    4.4591462396E-04
    3.7496672420E+04    4.7483034771E-04
    3.7510184740E+04    5.0611437204E-04
    3.7523697050E+04    5.3953445555E-04
    3.7537209370E+04    5.7477012238E-04
    3.7550721680E+04    6.1192436607E-04
    3.7564234000E+04    6.5104056063E-04
    3.7577746310E+04    6.9263790198E-04
    3.7591258620E+04    7.3702432610E-04
    3.7604770940E+04    7.8364667170E-04
    3.7618283250E+04    8.3244193913E-04
    3.7631795570E+04    8.8395290214E-04
    3.7645307880E+04    9.3855321229E-04
    3.7658820200E+04    9.9655804537E-04
    3.7672332510E+04    1.0578714083E-03
    3.7685844820E+04    1.1222530673E-03
    3.7699357140E+04    1.1900527788E-03
    3.7712869450E+04    1.2614539760E-03
    3.7726381770E+04    1.3364762507E-03
    3.7739894080E+04    1.4155367225E-03
    3.7753406400E+04    1.4986789240E-03
    3.7766918710E+04    1.5870838001E-03
    3.7780431030E+04    1.6793762601E-03
    3.7793943340E+04    1.7756374644E-03
    3.7807455650E+04    1.8765695435E-03
    3.7820967970E+04    1.9830554760E-03
    3.7834480280E+04    2.0952517392E-03
    3.7847992600E+04    2.2127573566E-03
    3.7861504910E+04    2.3361027732E-03
    3.7875017230E+04    2.4659132277E-03
    3.7888529540E+04    2.6024403750E-03
    3.7902041850E+04    2.7463515792E-03
    3.7915554170E+04    2.8975265951E-03
    3.7929066480E+04    3.0565645906E-03
    3.7942578800E+04    3.2241959018E-03
    3.7956091110E+04    3.4013936942E-03
    3.7969603430E+04    3.5889024452E-03
    3.7983115740E+04    3.7872456217E-03
    3.7996628060E+04    3.9964463033E-03
    3.8010140370E+04    4.2181227742E-03
    3.8023652680E+04    4.4534611524E-03
    3.8037165000E+04    4.7035260479E-03
    3.8050677310E+04    4.9693102999E-03
    3.8064189630E+04    5.2517497114E-03
    3.8077701940E+04    5.5517851861E-03
    3.8091214260E+04    5.8714339344E-03
    3.8104726570E+04    6.2128530050E-03
    3.8118238890E+04    6.5768254798E-03
    3.8131751200E+04    6.9650315108E-03
    3.8145263510E+04    7.3797371552E-03
    3.8158775830E+04    7.8235397618E-03
    3.8172288140E+04    8.3015490883E-03
    3.8185800460E+04    8.8202498722E-03
    3.8199312770E+04    9.3688093053E-03
    3.8212825090E+04    9.9580179153E-03
    3.8226337400E+04    1.0592463673E-02
    3.8239849710E+04    1.1276696575E-02
    3.8253362030E+04    1.2014824519E-02
    3.8266874340E+04    1.2811114651E-02
    3.8280386660E+04    1.3670148916E-02
    3.8293898970E+04    1.4597694740E-02
    3.8307411290E+04    1.5600690110E-02
    3.8320923600E+04    1.6685964287E-02
    3.8334435920E+04    1.7860735045E-02
    3.8347948230E+04    1.9133308908E-02
    3.8361460540E+04    2.0512862001E-02
    3.8374972860E+04    2.2009565820E-02
    3.8388485170E+04    2.3656948146E-02
    3.8401997490E+04    2.5427933567E-02
    3.8415509800E+04    2.7347120454E-02
    3.8429022120E+04    2.9432314983E-02
    3.8442534430E+04    3.1698163300E-02
    3.8456046740E+04    3.4160214002E-02
    3.8469559060E+04    3.6835377615E-02
    3.8483071370E+04    3.9741720159E-02
    3.8496583690E+04    4.2898470238E-02
    3.8510096000E+04    4.6325456644E-02
    3.8523608320E+04    5.0044450961E-02
    3.8537120630E+04    5.4078488347E-02
    3.8550632950E+04    5.8450438635E-02
    3.8564145260E+04    6.3183557706E-02
    3.8577657570E+04    6.8361817868E-02
    3.8591169890E+04    7.3911310679E-02
    3.8604682200E+04    7.9872092187E-02
    3.8618194520E+04    8.6284741630E-02
    3.8631706830E+04    9.3167167479E-02
    3.8645219150E+04    1.0053555171E-01
    3.8658731460E+04    1.0840371213E-01
    3.8672243770E+04    1.1678026186E-01
    3.8685756090E+04    1.2566866501E-01
    3.8699268400E+04    1.3506848230E-01
    3.8712780720E+04    1.4496731121E-01
    3.8726293030E+04    1.5535010096E-01
    3.8739805350E+04    1.6619389127E-01
    3.8753317660E+04    1.7746602214E-01
    3.8766829980E+04    1.8912330391E-01
    3.8780342290E+04    2.0111840172E-01
    3.8793854600E+04    2.1338968957E-01
    3.8807366920E+04    2.2587575371E-01
    3.8820879230E+04    2.3851109624E-01
    3.8834391550E+04    2.5122234554E-01
    3.8847903860E+04    2.6393402289E-01
    3.8861416180E+04    2.7657399594E-01
    3.8874928490E+04    2.8907282572E-01
    3.8888440810E+04    3.0136039778E-01
    3.8901953120E+04    3.1337994339E-01
    3.8915465430E+04    3.2507505411E-01
    3.8928977750E+04    3.3639630346E-01
    3.8942490060E+04    3.4730416553E-01
    3.8956002380E+04    3.5777160319E-01
    3.8969514690E+04    3.6776639302E-01
    3.8983027010E+04    3.7770801748E-01
    3.8996539320E+04    3.8673397551E-01
    3.9010051630E+04    3.9526082409E-01
    3.9023563950E+04    4.0329662864E-01
    3.9037076260E+04    4.1085830647E-01
    3.9050588580E+04    4.1795952839E-01
    3.9064100890E+04    4.2461348918E-01
    3.9077613210E+04    4.3085005116E-01
    3.9091125520E+04    4.3669207706E-01
    3.9104637840E+04    4.4215946741E-01
    3.9118150150E+04    4.4728299362E-01
    3.9131662460E+04    4.5207399824E-01
    3.9145174780E+04    4.5680766140E-01
    3.9158687090E+04    4.6123232887E-01
    3.9172199410E+04    4.6513672802E-01
    3.9185711720E+04    4.6877906201E-01
    3.9199224040E+04    4.7217611818E-01
    3.9212736350E+04    4.7534840075E-01
    3.9226248660E+04    4.7830236923E-01
    3.9239760980E+04    4.8105216577E-01
    3.9253273290E+04    4.8361875404E-01
    3.9266785610E+04    4.8600674378E-01
    3.9280297920E+04    4.8822297372E-01
    3.9293810240E+04    4.9028197450E-01
    3.9307322550E+04    4.9218234531E-01
    3.9320834870E+04    4.9393148095E-01
    3.9334347180E+04    4.9554667445E-01
    3.9347859490E+04    4.9703476612E-01
    3.9361371810E+04    4.9839789700E-01
    3.9374884120E+04    4.9992836330E-01
    3.9388396440E+04    5.0137015024E-01
    3.9401908750E+04    5.0242309252E-01
    3.9415421070E+04    5.0344439928E-01
    3.9428933380E+04    5.0438268670E-01
    3.9442445690E+04    5.0523696440E-01
    3.9455958010E+04    5.0601521268E-01
    3.9469470320E+04    5.0672595444E-01
    3.9482982640E+04    5.0737120377E-01
    3.9496494950E+04    5.0795510122E-01
    3.9510007270E+04    5.0842922529E-01
    3.9523519580E+04    5.0883583568E-01
    3.9537031900E+04    5.0919484739E-01
    3.9550544210E+04    5.0951969679E-01
    3.9564056520E+04    5.0981287215E-01
    3.9577568840E+04    5.1007491780E-01
    3.9591081150E+04    5.1031474710E-01
    3.9604593470E+04    5.1053837845E-01
    3.9618105780E+04    5.1074577675E-01
    3.9631618100E+04    5.1093567661E-01
    3.9645130410E+04    5.1111683443E-01
    3.9658642730E+04    5.1128514534E-01
    3.9672155040E+04    5.1144323346E-01
    3.9685667350E+04    5.1160038580E-01
    3.9699179670E+04    5.1227277148E-01
    3.9712691980E+04    5.1247844574E-01
    3.9726204300E+04    5.1263938258E-01
    3.9739716610E+04    5.1280267913E-01
    3.9753228930E+04    5.1296485277E-01
    3.9766741240E+04    5.1313027480E-01
    3.9780253550E+04    5.1389183092E-01
    3.9793765870E+04    5.1405831874E-01
    3.9807278180E+04    5.1421939158E-01
    3.9820790500E+04    5.1437846208E-01
    3.9834302810E+04    5.1453602938E-01
    3.9847815130E+04    5.1469265355E-01
    3.9861327440E+04    5.1485215245E-01
    3.9874839760E+04    5.1501238700E-01
    3.9888352070E+04    5.1516921606E-01
    3.9901864380E+04    5.1533117192E-01
    3.9915376700E+04    5.1549400260E-01
    3.9928889010E+04    5.1565256376E-01
    3.9942401330E+04    5.1581250703E-01
    3.9955913640E+04    5.1597343710E-01
    3.9969425960E+04    5.1613084220E-01
    3.9982938270E+04    5.1628399610E-01
    3.9996450580E+04    5.1643742457E-01
    4.0009962900E+04    5.1657747812E-01
    4.0023475210E+04    5.1670865134E-01
    4.0036987530E+04    5.1684180951E-01
    4.0050499840E+04    5.1697207326E-01
    4.0064012160E+04    5.1709758092E-01
    4.0077524470E+04    5.1722155806E-01
    4.0091036790E+04    5.1734553026E-01
    4.0104549100E+04    5.1748688831E-01
    4.0118061410E+04    5.1767176498E-01
    4.0131573730E+04    5.1785854002E-01
    4.0145086040E+04    5.1803882168E-01
    4.0158598360E+04    5.1821486661E-01
    4.0172110670E+04    5.1839008316E-01
    4.0185622990E+04    5.1889809298E-01
    4.0199135300E+04    5.1932660284E-01
    4.0212647610E+04    5.2000876007E-01
    4.0226159930E+04    5.2011339796E-01
    4.0239672240E+04    5.2021389352E-01
    4.0253184560E+04    5.2031689062E-01
    4.0266696870E+04    5.2042274955E-01
    4.0280209190E+04    5.2052766931E-01
    4.0293721500E+04    5.2063073303E-01
    4.0307233820E+04    5.2073528115E-01
    4.0320746130E+04    5.2083804856E-01
    4.0334258440E+04    5.2093690927E-01
    4.0347770760E+04    5.2103916795E-01
    4.0361283070E+04    5.2114249570E-01
    4.0374795390E+04    5.2124474977E-01
    4.0388307700E+04    5.2134829276E-01
    4.0401820020E+04    5.2146782043E-01
    4.0415332330E+04    5.2164892568E-01
    4.0428844650E+04    5.2182997877E-01
    4.0442356960E+04    5.2201720019E-01
    4.0455869270E+04    5.2220504095E-01
    4.0469381590E+04    5.2239174508E-01
    4.0482893900E+04    5.2258013201E-01
    4.0496406220E+04    5.2277171591E-01
    4.0509918530E+04    5.2290552224E-01
    4.0523430850E+04    5.2302047868E-01
    4.0536943160E+04    5.2313829261E-01
    4.0550455470E+04    5.2325380132E-01
    4.0563967790E+04    5.2336770775E-01
    4.0577480100E+04    5.2348357706E-01
    4.0590992420E+04    5.2360141796E-01
    4.0604504730E+04    5.2398526440E-01
    4.0618017050E+04    5.2443156484E-01
    4.0631529360E+04    5.2454734455E-01
    4.0645041680E+04    5.2465784019E-01
    4.0658553990E+04    5.2476356934E-01
    4.0672066300E+04    5.2486870524E-01
    4.0685578620E+04    5.2496966416E-01
    4.0699090930E+04    5.2506116392E-01
    4.0712603250E+04    5.2521871365E-01
    4.0726115560E+04    5.2573382011E-01
    4.0739627880E+04    5.2611422268E-01
    4.0753140190E+04    5.2626583373E-01
    4.0766652500E+04    5.2641896126E-01
    4.0780164820E+04    5.2656679960E-01
    4.0793677130E+04    5.2670965580E-01
    4.0807189450E+04    5.2681545568E-01
    4.0820701760E+04    5.2688447117E-01
    4.0834214080E+04    5.2694507034E-01
    4.0847726390E+04    5.2700009392E-01
    4.0861238710E+04    5.2705496566E-01
    4.0874751020E+04    5.2710300049E-01
    4.0888263330E+04    5.2714873140E-01
    4.0901775650E+04    5.2719550414E-01
    4.0915287960E+04    5.2724063177E-01
    4.0928800280E+04    5.2728144968E-01
    4.0942312590E+04    5.2732347527E-01
    4.0955824910E+04    5.2736921048E-01
    4.0969337220E+04    5.2741114155E-01
    4.0982849530E+04    5.2745327152E-01
    4.0996361850E+04    5.2749703450E-01
    4.1009874160E+04    5.2749006808E-01
    4.1023386480E+04    5.2745955469E-01
    4.1036898790E+04    5.2784923247E-01
    4.1050411110E+04    5.2801102683E-01
    4.1063923420E+04    5.2798388767E-01
    4.1077435740E+04    5.2795826714E-01
    4.1090948050E+04    5.2793828203E-01
    4.1104460360E+04    5.2794165274E-01
    4.1117972680E+04    5.2798734152E-01
    4.1131484990E+04    5.2803933346E-01
    4.1144997310E+04    5.2809391156E-01
    4.1158509620E+04    5.2814839631E-01
    4.1172021940E+04    5.2820292944E-01
    4.1185534250E+04    5.2858660666E-01
    4.1199046570E+04    5.2890654019E-01
    4.1212558880E+04    5.2897019084E-01
    4.1226071190E+04    5.2903761243E-01
    4.1239583510E+04    5.2910811868E-01
    4.1253095820E+04    5.2917730680E-01
    4.1266608140E+04    5.2924871177E-01
    4.1280120450E+04    5.2932679474E-01
    4.1293632770E+04    5.2940446735E-01
    4.1307145080E+04    5.2944421028E-01
    4.1320657390E+04    5.2945205907E-01
    4.1334169710E+04    5.2946229841E-01
    4.1347682020E+04    5.2946828400E-01
    4.1361194340E+04    5.2947486679E-01
    4.1374706650E+04    5.2948211272E-01
    4.1388218970E+04    5.2948724599E-01
    4.1401731280E+04    5.2950421640E-01
    4.1415243600E+04    5.2963969325E-01
    4.1428755910E+04    5.2977529601E-01
    4.1442268220E+04    5.2990693038E-01
    4.1455780540E+04    5.3003832149E-01
    4.1469292850E+04    5.3017165081E-01
    4.1482805170E+04    5.3091030962E-01
    4.1496317480E+04    5.3103564591E-01
    4.1509829800E+04    5.3111115463E-01
    4.1523342110E+04    5.3116531716E-01
    4.1536854420E+04    5.3121476796E-01
    4.1550366740E+04    5.3125883476E-01
    4.1563879050E+04    5.3130183064E-01
    4.1577391370E+04    5.3133852939E-01
    4.1590903680E+04    5.3136839357E-01
    4.1604416000E+04    5.3165619358E-01
    4.1617928310E+04    5.3201590107E-01
    4.1631440630E+04    5.3204093179E-01
    4.1644952940E+04    5.3206090394E-01
    4.1658465250E+04    5.3207980576E-01
    4.1671977570E+04    5.3209325534E-01
    4.1685489880E+04    5.3209408179E-01
    4.1699002200E+04    5.3209057430E-01
    4.1712514510E+04    5.3208909853E-01
    4.1726026830E+04    5.3208046707E-01
    4.1739539140E+04    5.3206569051E-01
    4.1753051460E+04    5.3204583409E-01
    4.1766563770E+04    5.3202145919E-01
    4.1780076080E+04    5.3198914315E-01
    4.1793588400E+04    5.3195421608E-01
    4.1807100710E+04    5.3191813565E-01
    4.1820613030E+04    5.3187897453E-01
    4.1834125340E+04    5.3183439761E-01
    4.1847637660E+04    5.3179011561E-01
    4.1861149970E+04    5.3174443390E-01
    4.1874662280E+04    5.3169316084E-01
    4.1888174600E+04    5.3163592573E-01
    4.1901686910E+04    5.3157617729E-01
    4.1915199230E+04    5.3150664959E-01
    4.1928711540E+04    5.3143104716E-01
    4.1942223860E+04    5.3196136657E-01
    4.1955736170E+04    5.3188327018E-01
    4.1969248490E+04    5.3180160423E-01
    4.1982760800E+04    5.3171747393E-01
    4.1996273110E+04    5.3163673118E-01
    4.2009785430E+04    5.3155384127E-01
    4.2023297740E+04    5.3146818451E-01
    4.2036810060E+04    5.3178144894E-01
    4.2050322370E+04    5.3188463743E-01
    4.2063834690E+04    5.3179846334E-01
    4.2077347000E+04    5.3171089250E-01
    4.2090859310E+04    5.3162405582E-01
    4.2104371630E+04    5.3154477433E-01
    4.2117883940E+04    5.3147468778E-01
    4.2131396260E+04    5.3140369203E-01
    4.2144908570E+04    5.3133456316E-01
    4.2158420890E+04    5.3126727986E-01
    4.2171933200E+04    5.3119833720E-01
    4.2185445520E+04    5.3113149181E-01
    4.2198957830E+04    5.3106835661E-01
    4.2212470140E+04    5.3099531639E-01
    4.2225982460E+04    5.3092093356E-01
    4.2239494770E+04    5.3084943140E-01
    4.2253007090E+04    5.3077900274E-01
    4.2266519400E+04    5.3070556173E-01
    4.2280031720E+04    5.3062887468E-01
    4.2293544030E+04    5.3055240648E-01
    4.2307056340E+04    5.3047529216E-01
    4.2320568660E+04    5.3039388741E-01
    4.2334080970E+04    5.3030901482E-01
    4.2347593290E+04    5.3022599584E-01
    4.2361105600E+04    5.3014443013E-01
    4.2374617920E+04    5.3006591318E-01
    4.2388130230E+04    5.2999537527E-01
    4.2401642550E+04    5.2993284674E-01
    4.2415154860E+04    5.2986746774E-01
    4.2428667170E+04    5.3033278488E-01
    4.2442179490E+04    5.3036249398E-01
    4.2455691800E+04    5.3031586716E-01
    4.2469204120E+04    5.3026904305E-01
    4.2482716430E+04    5.3080745523E-01
    4.2496228750E+04    5.3076303961E-01
    4.2509741060E+04    5.3070899547E-01
    4.2523253380E+04    5.3064940438E-01
    4.2536765690E+04    5.3059067889E-01
    4.2550278000E+04    5.3053479213E-01
    4.2563790320E+04    5.3047947639E-01
    4.2577302630E+04    5.3042543537E-01
    4.2590814950E+04    5.3037447249E-01
    4.2604327260E+04    5.3000847341E-01
    4.2617839580E+04    5.2896783128E-01
    4.2631351890E+04    5.2792737023E-01
    4.2644864200E+04    5.2688858001E-01
    4.2658376520E+04    5.2584873126E-01
    4.2671888830E+04    5.2480494324E-01
    4.2685401150E+04    5.2375880184E-01
    4.2698913460E+04    5.2271134825E-01
    4.2712425780E+04    5.2120321458E-01
    4.2725938090E+04    5.1965254808E-01
    4.2739450410E+04    5.1810290111E-01
    4.2752962720E+04    5.1655510980E-01
    4.2766475030E+04    5.1500639522E-01
    4.2779987350E+04    5.1345762229E-01
    4.2793499660E+04    5.1191211332E-01
    4.2807011980E+04    5.1241263365E-01
    4.2820524290E+04    5.1480578155E-01
    4.2834036610E+04    5.1719719217E-01
    4.2847548920E+04    5.1958719457E-01
    4.2861061230E+04    5.2197418466E-01
    4.2874573550E+04    5.2435755093E-01
    4.2888085860E+04    5.2673960582E-01
    4.2901598180E+04    5.2884239442E-01
    4.2915110490E+04    5.2886099880E-01
    4.2928622810E+04    5.2887741094E-01
    4.2942135120E+04    5.2960663292E-01
    4.2955647440E+04    5.3010228266E-01
    4.2969159750E+04    5.3012376470E-01
    4.2982672060E+04    5.3014539494E-01
    4.2996184380E+04    5.3016770499E-01
    4.3009696690E+04    5.3013028515E-01
    4.3023209010E+04    5.3006740572E-01
    4.3036721320E+04    5.3000311634E-01
    4.3050233640E+04    5.2993906151E-01
    4.3063745950E+04    5.2987432415E-01
    4.3077258260E+04    5.2980704389E-01
    4.3090770580E+04    5.2973818380E-01
    4.3104282890E+04    5.2966859808E-01
    4.3117795210E+04    5.2959550450E-01
    4.3131307520E+04    5.2952093258E-01
    4.3144819840E+04    5.2944608698E-01
    4.3158332150E+04    5.2937207564E-01
    4.3171844470E+04    5.2929743332E-01
    4.3185356780E+04    5.2922134577E-01
    4.3198869090E+04    5.2914505218E-01
    4.3212381410E+04    5.2908335020E-01
    4.3225893720E+04    5.2902116590E-01
    4.3239406040E+04    5.2895625395E-01
    4.3252918350E+04    5.2888987218E-01
    4.3266430670E+04    5.2882199569E-01
    4.3279942980E+04    5.2875136159E-01
    4.3293455300E+04    5.2867803773E-01
    4.3306967610E+04    5.2859930280E-01
    4.3320479920E+04    5.2851526808E-01
    4.3333992240E+04    5.2842960660E-01
    4.3347504550E+04    5.2834193122E-01
    4.3361016870E+04    5.2825401764E-01
    4.3374529180E+04    5.2816412789E-01
    4.3388041500E+04    5.2807164165E-01
    4.3401553810E+04    5.2797539981E-01
    4.3415066120E+04    5.2787525600E-01
    4.3428578440E+04    5.2777062340E-01
    4.3442090750E+04    5.2766172035E-01
    4.3455603070E+04    5.2787340024E-01
    4.3469115380E+04    5.2801298872E-01
    4.3482627700E+04    5.2789014369E-01
    4.3496140010E+04    5.2775060870E-01
    4.3509652330E+04    5.2760208357E-01
    4.3523164640E+04    5.2805066083E-01
    4.3536676950E+04    5.2789302850E-01
    4.3550189270E+04    5.2773076672E-01
    4.3563701580E+04    5.2756291294E-01
    4.3577213900E+04    5.2739078979E-01
    4.3590726210E+04    5.2721227046E-01
    4.3604238530E+04    5.2703188442E-01
    4.3617750840E+04    5.2685538415E-01
    4.3631263150E+04    5.2667244666E-01
    4.3644775470E+04    5.2648230118E-01
    4.3658287780E+04    5.2628509956E-01
    4.3671800100E+04    5.2608135093E-01
    4.3685312410E+04    5.2587084064E-01
    4.3698824730E+04    5.2565430901E-01
    4.3712337040E+04    5.2542803249E-01
    4.3725849360E+04    5.2519756581E-01
    4.3739361670E+04    5.2496192823E-01
    4.3752873980E+04    5.2472177098E-01
    4.3766386300E+04    5.2447656646E-01
    4.3779898610E+04    5.2422917295E-01
    4.3793410930E+04    5.2397779105E-01
    4.3806923240E+04    5.2372863818E-01
    4.3820435560E+04    5.2347968790E-01
    4.3833947870E+04    5.2322844887E-01
    4.3847460180E+04    5.2297423859E-01
    4.3860972500E+04    5.2271867262E-01
    4.3874484810E+04    5.2246048701E-01
    4.3887997130E+04    5.2220253269E-01
    4.3901509440E+04    5.2194388809E-01
    4.3915021760E+04    5.2168368486E-01
    4.3928534070E+04    5.2142451791E-01
    4.3942046390E+04    5.2116785549E-01
    4.3955558700E+04    5.2091384191E-01
    4.3969071010E+04    5.2069414896E-01
    4.3982583330E+04    5.2049254036E-01
    4.3996095640E+04    5.2029290991E-01
    4.4009607960E+04    5.2009573455E-01
    4.4023120270E+04    5.1990070421E-01
    4.4036632590E+04    5.1971040305E-01
    4.4050144900E+04    5.1953158943E-01
    4.4063657220E+04    5.1991221510E-01
    4.4077169530E+04    5.1973453986E-01
    4.4090681840E+04    5.1956425131E-01
    4.4104194160E+04    5.1939892396E-01
    4.4117706470E+04    5.1924020893E-01
    4.4131218790E+04    5.1915967880E-01
    4.4144731100E+04    5.1953367863E-01
    4.4158243420E+04    5.1939440680E-01
    4.4171755730E+04    5.1926207744E-01
    4.4185268040E+04    5.1913509220E-01
    4.4198780360E+04    5.1901316290E-01
    4.4212292670E+04    5.1889875193E-01
    4.4225804990E+04    5.1878878554E-01
    4.4239317300E+04    5.1868380022E-01
    4.4252829620E+04    5.1858210375E-01
    4.4266341930E+04    5.1848632669E-01
    4.4279854250E+04    5.1839382182E-01
    4.4293366560E+04    5.1830725642E-01
    4.4306878870E+04    5.1821908977E-01
    4.4320391190E+04    5.1813078669E-01
    4.4333903500E+04    5.1804495700E-01
    4.4347415820E+04    5.1796392784E-01
    4.4360928130E+04    5.1788617156E-01
    4.4374440450E+04    5.1781158489E-01
    4.4387952760E+04    5.1773940017E-01
    4.4401465070E+04    5.1767047527E-01
    4.4414977390E+04    5.1761033645E-01
    4.4428489700E+04    5.1755193630E-01
    4.4442002020E+04    5.1749318641E-01
    4.4455514330E+04    5.1741562158E-01
    4.4469026650E+04    5.1734083523E-01
    4.4482538960E+04    5.1726542156E-01
    4.4496051280E+04    5.1719183224E-01
    4.4509563590E+04    5.1711478865E-01
    4.4523075900E+04    5.1703847487E-01
    4.4536588220E+04    5.1696149716E-01
    4.4550100530E+04    5.1688491561E-01
    4.4563612850E+04    5.1680843156E-01
    4.4577125160E+04    5.1673206153E-01
    4.4590637480E+04    5.1665562994E-01
    4.4604149790E+04    5.1657923214E-01
    4.4617662110E+04    5.1650665981E-01
    4.4631174420E+04    5.1643336892E-01
    4.4644686730E+04    5.1636041650E-01
    4.4658199050E+04    5.1628438662E-01
    4.4671711360E+04    5.1620865749E-01
    4.4685223680E+04    5.1613112990E-01
    4.4698735990E+04    5.1605326701E-01
    4.4712248310E+04    5.1597226288E-01
    4.4725760620E+04    5.1589036891E-01
    4.4739272930E+04    5.1580764887E-01
    4.4752785250E+04    5.1572370684E-01
    4.4766297560E+04    5.1599493262E-01
    4.4779809880E+04    5.1611685181E-01
    4.4793322190E+04    5.1602980043E-01
    4.4806834510E+04    5.1593961769E-01
    4.4820346820E+04    5.1584790881E-01
    4.4833859140E+04    5.1575244006E-01
    4.4847371450E+04    5.1608893803E-01
    4.4860883760E+04    5.1614381914E-01
    4.4874396080E+04    5.1604261549E-01
    4.4887908390E+04    5.1593944314E-01
    4.4901420710E+04    5.1583470523E-01
    4.4914933020E+04    5.1572435505E-01
    4.4928445340E+04    5.1561027830E-01
    4.4941957650E+04    5.1549362515E-01
    4.4955469960E+04    5.1536510724E-01
    4.4968982280E+04    5.1523702774E-01
    4.4982494590E+04    5.1510507134E-01
    4.4996006910E+04    5.1497156559E-01
    4.5009519220E+04    5.1484177857E-01
    4.5023031540E+04    5.1471422913E-01
    4.5036543850E+04    5.1458317917E-01
    4.5050056170E+04    5.1444753366E-01
    4.5063568480E+04    5.1430992285E-01
    4.5077080790E+04    5.1416809395E-01
    4.5090593110E+04    5.1402338916E-01
    4.5104105420E+04    5.1387206329E-01
    4.5117617740E+04    5.1371796878E-01
    4.5131130050E+04    5.1355948954E-01
    4.5144642370E+04    5.1339882514E-01
    4.5158154680E+04    5.1323318416E-01
    4.5171666990E+04    5.1306404030E-01
    4.5185179310E+04    5.1289327558E-01
    4.5198691620E+04    5.1271829317E-01
    4.5212203940E+04    5.1254317956E-01
    4.5225716250E+04    5.1236285473E-01
    4.5239228570E+04    5.1218185265E-01
    4.5252740880E+04    5.1199580227E-01
    4.5266253200E+04    5.1180605145E-01
    4.5279765510E+04    5.1161070762E-01
    4.5293277820E+04    5.1141264964E-01
    4.5306790140E+04    5.1120882005E-01
    4.5320302450E+04    5.1099680001E-01
    4.5333814770E+04    5.1078192206E-01
    4.5347327080E+04    5.1056333878E-01
    4.5360839400E+04    5.1034600579E-01
    4.5374351710E+04    5.1012428911E-01
    4.5387864030E+04    5.0989958052E-01
    4.5401376340E+04    5.0967142077E-01
    4.5414888650E+04    5.0944290777E-01
    4.5428400970E+04    5.0921215808E-01
    4.5441913280E+04    5.0897590979E-01
    4.5455425600E+04    5.0873541463E-01
    4.5468937910E+04    5.0848953160E-01
    4.5482450230E+04    5.0824311783E-01
    4.5495962540E+04    5.0799223728E-01
    4.5509474850E+04    5.0774552545E-01
    4.5522987170E+04    5.0749973749E-01
    4.5536499480E+04    5.0725387935E-01
    4.5550011800E+04    5.0700630755E-01
    4.5563524110E+04    5.0675567627E-01
    4.5577036430E+04    5.0650626137E-01
    4.5590548740E+04    5.0625584223E-01
    4.5604061060E+04    5.0600486462E-01
    4.5617573370E+04    5.0616855966E-01
    4.5631085680E+04    5.0604693630E-01
    4.5644598000E+04    5.0579116083E-01
    4.5658110310E+04    5.0553527781E-01
    4.5671622630E+04    5.0527915508E-01
    4.5685134940E+04    5.0502173597E-01
    4.5698647260E+04    5.0476829529E-01
    4.5712159570E+04    5.0463521870E-01
    4.5725671880E+04    5.0482742059E-01
    4.5739184200E+04    5.0456735381E-01
    4.5752696510E+04    5.0430847558E-01
    4.5766208830E+04    5.0405114855E-01
    4.5779721140E+04    5.0379192194E-01
    4.5793233460E+04    5.0353239817E-01
    4.5806745770E+04    5.0327273746E-01
    4.5820258090E+04    5.0301807248E-01
    4.5833770400E+04    5.0276101811E-01
    4.5847282710E+04    5.0250299484E-01
    4.5860795030E+04    5.0224319600E-01
    4.5874307340E+04    5.0198300056E-01
    4.5887819660E+04    5.0172273489E-01
    4.5901331970E+04    5.0145616692E-01
    4.5914844290E+04    5.0118154151E-01
    4.5928356600E+04    5.0090579398E-01
    4.5941868910E+04    5.0063246162E-01
    4.5955381230E+04    5.0035558584E-01
    4.5968893540E+04    5.0007559052E-01
    4.5982405860E+04    4.9979478126E-01
    4.5995918170E+04    4.9951364105E-01
    4.6009430490E+04    4.9923284390E-01
    4.6022942800E+04    4.9894585896E-01
    4.6036455120E+04    4.9865765144E-01
    4.6049967430E+04    4.9836718775E-01
    4.6063479740E+04    4.9807504859E-01
    4.6076992060E+04    4.9777834452E-01
    4.6090504370E+04    4.9747638891E-01
    4.6104016690E+04    4.9719480068E-01
    4.6117529000E+04    4.9696082958E-01
    4.6131041320E+04    4.9672302950E-01
    4.6144553630E+04    4.9647735328E-01
    4.6158065950E+04    4.9622876461E-01
    4.6171578260E+04    4.9597882552E-01
    4.6185090570E+04    4.9572564653E-01
    4.6198602890E+04    4.9546859482E-01
    4.6212115200E+04    4.9513711142E-01
    4.6225627520E+04    4.9479678165E-01
    4.6239139830E+04    4.9445241083E-01
    4.6252652150E+04    4.9410287928E-01
    4.6266164460E+04    4.9374773558E-01
    4.6279676770E+04    4.9338882574E-01
    4.6293189090E+04    4.9302839256E-01
    4.6306701400E+04    4.9266311838E-01
    4.6320213720E+04    4.9229392898E-01
    4.6333726030E+04    4.9191822486E-01
    4.6347238350E+04    4.9154017292E-01
    4.6360750660E+04    4.9115850269E-01
    4.6374262980E+04    4.9076922309E-01
    4.6387775290E+04    4.9037617554E-01
    4.6401287600E+04    4.8997929434E-01
    4.6414799920E+04    4.8958439943E-01
    4.6428312230E+04    4.8918447875E-01
    4.6441824550E+04    4.8878001666E-01
    4.6455336860E+04    4.8837418042E-01
    4.6468849180E+04    4.8796774753E-01
    4.6482361490E+04    4.8756117030E-01
    4.6495873800E+04    4.8714825586E-01
    4.6509386120E+04    4.8673031791E-01
    4.6522898430E+04    4.8683927432E-01
    4.6536410750E+04    4.8641412841E-01
    4.6549923060E+04    4.8598627681E-01
    4.6563435380E+04    4.8555303087E-01
    4.6576947690E+04    4.8512084020E-01
    4.6590460010E+04    4.8468917982E-01
    4.6603972320E+04    4.8426067989E-01
    4.6617484630E+04    4.8383560923E-01
    4.6630996950E+04    4.8341066610E-01
    4.6644509260E+04    4.8299025446E-01
    4.6658021580E+04    4.8257172341E-01
    4.6671533890E+04    4.8215507444E-01
    4.6685046210E+04    4.8173767546E-01
    4.6698558520E+04    4.8132446523E-01
    4.6712070830E+04    4.8091863086E-01
    4.6725583150E+04    4.8051560259E-01
    4.6739095460E+04    4.8011536880E-01
    4.6752607780E+04    4.7971698866E-01
    4.6766120090E+04    4.7932547898E-01
    4.6779632410E+04    4.7893850744E-01
    4.6793144720E+04    4.7855250502E-01
    4.6806657040E+04    4.7816431114E-01
    4.6820169350E+04    4.7777490041E-01
    4.6833681660E+04    4.7739412739E-01
    4.6847193980E+04    4.7701793168E-01
    4.6860706290E+04    4.7664628962E-01
    4.6874218610E+04    4.7628150490E-01
    4.6887730920E+04    4.7592621528E-01
    4.6901243240E+04    4.7558272838E-01
    4.6914755550E+04    4.7524840768E-01
    4.6928267870E+04    4.7492016208E-01
    4.6941780180E+04    4.7459925967E-01
    4.6955292490E+04    4.7428752988E-01
    4.6968804810E+04    4.7398343541E-01
    4.6982317120E+04    4.7421977111E-01
    4.6995829440E+04    4.7392491864E-01
    4.7009341750E+04    4.7364050057E-01
    4.7022854070E+04    4.7336640537E-01
    4.7036366380E+04    4.7309815009E-01
    4.7049878690E+04    4.7283360173E-01
    4.7063391010E+04    4.7257878624E-01
    4.7076903320E+04    4.7233290766E-01
    4.7090415640E+04    4.7209593342E-01
    4.7103927950E+04    4.7188160883E-01
    4.7117440270E+04    4.7171651373E-01
    4.7130952580E+04    4.7156026568E-01
    4.7144464900E+04    4.7141111324E-01
    4.7157977210E+04    4.7126795040E-01
    4.7171489520E+04    4.7112690207E-01
    4.7185001840E+04    4.7099096221E-01
    4.7198514150E+04    4.7086235544E-01
    4.7212026470E+04    4.7067997898E-01
    4.7225538780E+04    4.7049337574E-01
    4.7239051100E+04    4.7030807762E-01
    4.7252563410E+04    4.7012820314E-01
    4.7266075720E+04    4.6995386650E-01
    4.7279588040E+04    4.6978029199E-01
    4.7293100350E+04    4.6960784277E-01
    4.7306612670E+04    4.6943661047E-01
    4.7320124980E+04    4.6927114878E-01
    4.7333637300E+04    4.6910918778E-01
    4.7347149610E+04    4.6931296465E-01
    4.7360661930E+04    4.6929595168E-01
    4.7374174240E+04    4.6913382398E-01
    4.7387686550E+04    4.6897526033E-01
    4.7401198870E+04    4.6881638033E-01
    4.7414711180E+04    4.6865738738E-01
    4.7428223500E+04    4.6849642686E-01
    4.7441735810E+04    4.6833468651E-01
    4.7455248130E+04    4.6817366215E-01
    4.7468760440E+04    4.6800755501E-01
    4.7482272760E+04    4.6783556223E-01
    4.7495785070E+04    4.6766101316E-01
    4.7509297380E+04    4.6748463166E-01
    4.7522809700E+04    4.6730740900E-01
    4.7536322010E+04    4.6712415520E-01
    4.7549834330E+04    4.6693607812E-01
    4.7563346640E+04    4.6674721399E-01
    4.7576858960E+04    4.6655663044E-01
    4.7590371270E+04    4.6636318597E-01
    4.7603883580E+04    4.6616384347E-01
    4.7617395900E+04    4.6596349183E-01
    4.7630908210E+04    4.6574381871E-01
    4.7644420530E+04    4.6551677782E-01
    4.7657932840E+04    4.6528461451E-01
    4.7671445160E+04    4.6504429257E-01
    4.7684957470E+04    4.6480029621E-01
    4.7698469790E+04    4.6455488356E-01
    4.7711982100E+04    4.6430385470E-01
    4.7725494410E+04    4.6404747814E-01
    4.7739006730E+04    4.6378472958E-01
    4.7752519040E+04    4.6352087663E-01
    4.7766031360E+04    4.6325703714E-01
    4.7779543670E+04    4.6298919888E-01
    4.7793055990E+04    4.6271759863E-01
    4.7806568300E+04    4.6243809812E-01
    4.7820080610E+04    4.6215602126E-01
    4.7833592930E+04    4.6187575233E-01
    4.7847105240E+04    4.6159271104E-01
    4.7860617560E+04    4.6130746149E-01
    4.7874129870E+04    4.6102139313E-01
    4.7887642190E+04    4.6073863368E-01
    4.7901154500E+04    4.6045754276E-01
    4.7914666820E+04    4.6017645125E-01
    4.7928179130E+04    4.5989429151E-01
    4.7941691440E+04    4.5961346682E-01
    4.7955203760E+04    4.5933702021E-01
    4.7968716070E+04    4.5906240509E-01
    4.7982228390E+04    4.5878645183E-01
    4.7995740700E+04    4.5851228759E-01
    4.8009253020E+04    4.5824559078E-01
    4.8022765330E+04    4.5798633314E-01
    4.8036277640E+04    4.5772965402E-01
    4.8049789960E+04    4.5747316645E-01
    4.8063302270E+04    4.5722150560E-01
    4.8076814590E+04    4.5697660060E-01
    4.8090326900E+04    4.5723765446E-01
    4.8103839220E+04    4.5700039410E-01
    4.8117351530E+04    4.5675818842E-01
    4.8130863850E+04    4.5652271987E-01
    4.8144376160E+04    4.5629518640E-01
    4.8157888470E+04    4.5607325184E-01
    4.8171400790E+04    4.5585306451E-01
    4.8184913100E+04    4.5563367175E-01
    4.8198425420E+04    4.5541974466E-01
    4.8211937730E+04    4.5521986947E-01
    4.8225450050E+04    4.5502404589E-01
    4.8238962360E+04    4.5482856574E-01
    4.8252474680E+04    4.5463369039E-01
    4.8265986990E+04    4.5444469169E-01
    4.8279499300E+04    4.5426148977E-01
    4.8293011620E+04    4.5408027053E-01
    4.8306523930E+04    4.5389682573E-01
    4.8320036250E+04    4.5371176601E-01
    4.8333548560E+04    4.5353189745E-01
    4.8347060880E+04    4.5335562120E-01
    4.8360573190E+04    4.5317740303E-01
    4.8374085500E+04    4.5299518223E-01
    4.8387597820E+04    4.5280974940E-01
    4.8401110130E+04    4.5262383624E-01
    4.8414622450E+04    4.5243406197E-01
    4.8428134760E+04    4.5223611701E-01
    4.8441647080E+04    4.5202971743E-01
    4.8455159390E+04    4.5181676799E-01
    4.8468671710E+04    4.5160008393E-01
    4.8482184020E+04    4.5137770302E-01
    4.8495696330E+04    4.5114319879E-01
    4.8509208650E+04    4.5090537543E-01
    4.8522720960E+04    4.5066207406E-01
    4.8536233280E+04    4.5041183547E-01
    4.8549745590E+04    4.5015241441E-01
    4.8563257910E+04    4.4987721540E-01
    4.8576770220E+04    4.4958820365E-01
    4.8590282530E+04    4.4928721775E-01
    4.8603794850E+04    4.4897534468E-01
    4.8617307160E+04    4.4864904884E-01
    4.8630819480E+04    4.4830421686E-01
    4.8644331790E+04    4.4794289625E-01
    4.8657844110E+04    4.4756660967E-01
    4.8671356420E+04    4.4717597411E-01
    4.8684868740E+04    4.4676764024E-01
    4.8698381050E+04    4.4633730108E-01
    4.8711893360E+04    4.4588247050E-01
    4.8725405680E+04    4.4541015052E-01
    4.8738917990E+04    4.4492207864E-01
    4.8752430310E+04    4.4441495543E-01
    4.8765942620E+04    4.4417462260E-01
    4.8779454940E+04    4.4382489382E-01
    4.8792967250E+04    4.4308471584E-01
    4.8806479560E+04    4.4232606522E-01
    4.8819991880E+04    4.4155292247E-01
    4.8833504190E+04    4.4076135785E-01
    4.8847016510E+04    4.3995490974E-01
    4.8860528820E+04    4.3913647645E-01
    4.8874041140E+04    4.3830593371E-01
    4.8887553450E+04    4.3745932823E-01
    4.8901065770E+04    4.3659698531E-01
    4.8914578080E+04    4.3572003623E-01
    4.8928090390E+04    4.3483440859E-01
    4.8941602710E+04    4.3393969365E-01
    4.8955115020E+04    4.3303181617E-01
    4.8968627340E+04    4.3211223135E-01
    4.8982139650E+04    4.3118394609E-01
    4.8995651970E+04    4.3025134111E-01
    4.9009164280E+04    4.2931369603E-01
    4.9022676600E+04    4.2836795467E-01
    4.9036188910E+04    4.2741643449E-01
    4.9049701220E+04    4.2646307745E-01
    4.9063213540E+04    4.2551167994E-01
    4.9076725850E+04    4.2456144024E-01
    4.9090238170E+04    4.2360927790E-01
    4.9103750480E+04    4.2265628136E-01
    4.9117262800E+04    4.2170775772E-01
    4.9130775110E+04    4.2076490853E-01
    4.9144287420E+04    4.1982575673E-01
    4.9157799740E+04    4.1888682656E-01
    4.9171312050E+04    4.1794792122E-01
    4.9184824370E+04    4.1701302313E-01
    4.9198336680E+04    4.1608380930E-01
    4.9211849000E+04    4.1515453537E-01
    4.9225361310E+04    4.1422425788E-01
    4.9238873630E+04    4.1329406763E-01
    4.9252385940E+04    4.1236726409E-01
    4.9265898250E+04    4.1144547233E-01
    4.9279410570E+04    4.1052577648E-01
    4.9292922880E+04    4.0960409831E-01
    4.9306435200E+04    4.0868018120E-01
    4.9319947510E+04    4.0775612888E-01
    4.9333459830E+04    4.0683283222E-01
    4.9346972140E+04    4.0590461330E-01
    4.9360484450E+04    4.0496710349E-01
    4.9373996770E+04    4.0401629930E-01
    4.9387509080E+04    4.0305462090E-01
    4.9401021400E+04    4.0208011184E-01
    4.9414533710E+04    4.0128746949E-01
    4.9428046030E+04    4.0051041622E-01
    4.9441558340E+04    3.9946396286E-01
    4.9455070660E+04    3.9839131680E-01
    4.9468582970E+04    3.9728600920E-01
    4.9482095280E+04    3.9614601494E-01
    4.9495607600E+04    3.9496247160E-01
    4.9509119910E+04    3.9373179249E-01
    4.9522632230E+04    3.9245580047E-01
    4.9536144540E+04    3.9112587603E-01
    4.9549656860E+04    3.8974408059E-01
    4.9563169170E+04    3.8829272756E-01
    4.9576681480E+04    3.8677524582E-01
    4.9590193800E+04    3.8518604564E-01
    4.9603706110E+04    3.8352297603E-01
    4.9617218430E+04    3.8178373148E-01
    4.9630730740E+04    3.7995184240E-01
    4.9644243060E+04    3.7803519500E-01
    4.9657755370E+04    3.7601624419E-01
    4.9671267690E+04    3.7390765480E-01
    4.9684780000E+04    3.7169495018E-01
    4.9698292310E+04    3.6937484205E-01
    4.9711804630E+04    3.6695257734E-01
    4.9725316940E+04    3.6441332866E-01
    4.9738829260E+04    3.6177338912E-01
    4.9752341570E+04    3.5900678673E-01
    4.9765853890E+04    3.5613073496E-01
    4.9779366200E+04    3.5312897381E-01
    4.9792878520E+04    3.5001132680E-01
    4.9806390830E+04    3.4677872261E-01
    4.9819903140E+04    3.4342431192E-01
    4.9833415460E+04    3.3996126523E-01
    4.9846927770E+04    3.3636925298E-01
    4.9860440090E+04    3.3267834392E-01
    4.9873952400E+04    3.2887255362E-01
    4.9887464720E+04    3.2496964123E-01
    4.9900977030E+04    3.2096356271E-01
    4.9914489340E+04    3.1685697966E-01
    4.9928001660E+04    3.1266417833E-01
    4.9941513970E+04    3.0837771649E-01
    4.9955026290E+04    3.0402482513E-01
    4.9968538600E+04    2.9958461964E-01
    4.9982050920E+04    2.9508147922E-01
    4.9995563230E+04    2.9051030679E-01
    5.0009075550E+04    2.8591537024E-01
    5.0022587860E+04    2.8128718708E-01
    5.0036100170E+04    2.7661073126E-01
    5.0049612490E+04    2.7190169084E-01
    5.0063124800E+04    2.6715107990E-01
    5.0076637120E+04    2.6238820549E-01
    5.0090149430E+04    2.5788298618E-01
    5.0103661750E+04    2.5308594065E-01
    5.0117174060E+04    2.4828032036E-01
    5.0130686370E+04    2.4347409539E-01
    5.0144198690E+04    2.3867704261E-01
    5.0157711000E+04    2.3388857609E-01
    5.0171223320E+04    2.2912220981E-01
    5.0184735630E+04    2.2436929968E-01
    5.0198247950E+04    2.1964669807E-01
    5.0211760260E+04    2.1494968298E-01
    5.0225272580E+04    2.1029016986E-01
    5.0238784890E+04    2.0566606271E-01
    5.0252297200E+04    2.0107944904E-01
    5.0265809520E+04    1.9653418218E-01
    5.0279321830E+04    1.9202790642E-01
    5.0292834150E+04    1.8757093297E-01
    5.0306346460E+04    1.8315394986E-01
    5.0319858780E+04    1.7878578359E-01
    5.0333371090E+04    1.7445677612E-01
    5.0346883410E+04    1.7017479068E-01
    5.0360395720E+04    1.6593726004E-01
    5.0373908030E+04    1.6174584539E-01
    5.0387420350E+04    1.5760015478E-01
    5.0400932660E+04    1.5349534442E-01
    5.0414444980E+04    1.4943846316E-01
    5.0427957290E+04    1.4542119090E-01
    5.0441469610E+04    1.4145509181E-01
    5.0454981920E+04    1.3752727431E-01
    5.0468494230E+04    1.3364558141E-01
    5.0482006550E+04    1.2980318322E-01
    5.0495518860E+04    1.2600440966E-01
    5.0509031180E+04    1.2224833850E-01
    5.0522543490E+04    1.1853232713E-01
    5.0536055810E+04    1.1486005081E-01
    5.0549568120E+04    1.1122336850E-01
    5.0563080440E+04    1.0763447192E-01
    5.0576592750E+04    1.0408224813E-01
    5.0590105060E+04    1.0057915238E-01
    5.0603617380E+04    9.7113786999E-02
    5.0617129690E+04    9.3695337695E-02
    5.0630642010E+04    9.0322472196E-02
    5.0644154320E+04    8.7024192493E-02
    5.0657666640E+04    8.3775568306E-02
    5.0671178950E+04    8.0574580754E-02
    5.0684691260E+04    7.7430140856E-02
    5.0698203580E+04    7.4336299650E-02
    5.0711715890E+04    7.1307527236E-02
    5.0725228210E+04    6.8336369097E-02
    5.0738740520E+04    6.5434264872E-02
    5.0752252840E+04    6.2595195271E-02
    5.0765765150E+04    5.9826895245E-02
    5.0779277470E+04    5.7186481323E-02
    5.0792789780E+04    5.4563274202E-02
    5.0806302090E+04    5.2011229912E-02
    5.0819814410E+04    4.9533458565E-02
    5.0833326720E+04    4.7135149588E-02
    5.0846839040E+04    4.4812353734E-02
    5.0860351350E+04    4.2572382169E-02
    5.0873863670E+04    4.0410321544E-02
    5.0887375980E+04    3.8330904016E-02
    5.0900888290E+04    3.6330210818E-02
    5.0914400610E+04    3.4410955874E-02
    5.0927912920E+04    3.2571044738E-02
    5.0941425240E+04    3.0810655304E-02
    5.0954937550E+04    2.9128379645E-02
    5.0968449870E+04    2.7522170212E-02
    5.0981962180E+04    2.5991556910E-02
    5.0995474500E+04    2.4533474946E-02
