###   Wavelength (A)        Transmission
    2.0004663860E+04    7.3700417757E-16
    2.0020744780E+04    6.5361473975E-16
    2.0036825700E+04    8.6289882042E-16
    2.0052906620E+04    7.4949612462E-16
    2.0068987540E+04    7.7027691136E-16
    2.0085068460E+04    6.2709659950E-16
    2.0101149380E+04    5.0047598074E-16
    2.0117230300E+04    3.6350120855E-16
    2.0133311220E+04    1.5165885989E-16
    2.0149392140E+04    2.3524656905E-16
    2.0165473060E+04    4.3627920141E-16
    2.0181553980E+04    6.0248236075E-16
    2.0197634900E+04    6.3902487452E-16
    2.0213715820E+04    5.2414456222E-16
    2.0229796740E+04    4.3783392578E-16
    2.0245877660E+04    4.0950844965E-16
    2.0261958580E+04    5.0516199733E-16
    2.0278039490E+04    4.4041818595E-16
    2.0294120410E+04    5.2289363746E-17
    2.0310201330E+04    2.0710844123E-18
    2.0326282250E+04    7.0038744661E-19
    2.0342363170E+04    6.8076621083E-19
    2.0358444090E+04    4.6693866332E-18
    2.0374525010E+04    1.2783717161E-16
    2.0390605930E+04    3.7152348989E-16
    2.0406686850E+04    5.1569687320E-16
    2.0422767770E+04    6.5832381937E-16
    2.0438848690E+04    6.8545693286E-16
    2.0454929610E+04    2.3183927000E-16
    2.0471010530E+04    1.8385240264E-16
    2.0487091450E+04    2.4206906495E-16
    2.0503172370E+04    4.6820392127E-16
    2.0519253290E+04    6.7238937753E-16
    2.0535334210E+04    6.5532090297E-16
    2.0551415130E+04    6.4602582123E-16
    2.0567496050E+04    6.3046830751E-16
    2.0583576970E+04    4.4370043755E-16
    2.0599657880E+04    3.8840543918E-16
    2.0615738800E+04    3.3101648112E-16
    2.0631819720E+04    2.6736551859E-16
    2.0647900640E+04    2.0321920003E-16
    2.0663981560E+04    2.3908815159E-16
    2.0680062480E+04    5.4348112261E-16
    2.0696143400E+04    4.7987377794E-16
    2.0712224320E+04    1.0838830411E-15
    2.0728305240E+04    1.1556984966E-15
    2.0744386160E+04    1.2079143550E-15
    2.0760467080E+04    1.2440632911E-15
    2.0776548000E+04    1.3279844277E-15
    2.0792628920E+04    1.4906901512E-15
    2.0808709840E+04    1.9042226879E-15
    2.0824790760E+04    2.1201883481E-15
    2.0840871680E+04    2.3583943870E-15
    2.0856952600E+04    2.6270338909E-15
    2.0873033520E+04    3.1053230158E-15
    2.0889114440E+04    3.7596091668E-15
    2.0905195360E+04    4.5913279733E-15
    2.0921276270E+04    2.1038309716E-15
    2.0937357190E+04    3.1952686665E-15
    2.0953438110E+04    4.4477875198E-15
    2.0969519030E+04    7.7151405467E-15
    2.0985599950E+04    1.1444059960E-14
    2.1001680870E+04    1.3649266415E-14
    2.1017761790E+04    1.2602314364E-14
    2.1033842710E+04    1.1871132019E-14
    2.1049923630E+04    1.2125909889E-14
    2.1066004550E+04    1.3440753852E-14
    2.1082085470E+04    1.6165582047E-14
    2.1098166390E+04    2.0618883109E-14
    2.1114247310E+04    2.5076646273E-14
    2.1130328230E+04    2.7771603145E-14
    2.1146409150E+04    3.1088670434E-14
    2.1162490070E+04    2.6144969586E-14
    2.1178570990E+04    3.1450901250E-14
    2.1194651910E+04    9.3261131869E-15
    2.1210732830E+04    3.7702639578E-15
    2.1226813750E+04    4.8013283947E-15
    2.1242894660E+04    7.6276154177E-15
    2.1258975580E+04    1.5704647636E-15
    2.1275056500E+04    1.3112393010E-16
    2.1291137420E+04    8.3138819322E-17
    2.1307218340E+04    3.5962835072E-16
    2.1323299260E+04    8.4835227141E-16
    2.1339380180E+04    1.6141267805E-15
    2.1355461100E+04    4.9203651252E-15
    2.1371542020E+04    6.0584964754E-15
    2.1387622940E+04    7.4646294284E-15
    2.1403703860E+04    6.8962823973E-15
    2.1419784780E+04    1.3207908922E-14
    2.1435865700E+04    7.4830542599E-15
    2.1451946620E+04    4.7008547446E-15
    2.1468027540E+04    4.8207517726E-15
    2.1484108460E+04    7.4807576056E-15
    2.1500189380E+04    1.1308551838E-14
    2.1516270300E+04    5.7884243054E-15
    2.1532351220E+04    4.5313677773E-15
    2.1548432140E+04    6.7084460909E-15
    2.1564513050E+04    1.7632399196E-14
    2.1580593970E+04    1.5421993682E-14
    2.1596674890E+04    1.1183463486E-14
    2.1612755810E+04    3.9437524725E-15
    2.1628836730E+04    4.0113744084E-15
    2.1644917650E+04    6.2524424190E-15
    2.1660998570E+04    1.0722511110E-14
    2.1677079490E+04    1.9354779178E-14
    2.1693160410E+04    1.5483454593E-14
    2.1709241330E+04    1.6475795355E-14
    2.1725322250E+04    2.4429793950E-14
    2.1741403170E+04    3.6983226379E-14
    2.1757484090E+04    3.4093139441E-14
    2.1773565010E+04    2.5706509406E-14
    2.1789645930E+04    2.5033680641E-14
    2.1805726850E+04    3.3098628104E-14
    2.1821807770E+04    3.8729453645E-14
    2.1837888690E+04    1.6917855135E-14
    2.1853969610E+04    1.1129422477E-14
    2.1870050530E+04    1.2580617488E-15
    2.1886131450E+04    1.3624713234E-15
    2.1902212360E+04    5.6358850205E-15
    2.1918293280E+04    9.1848213496E-15
    2.1934374200E+04    1.0806113571E-14
    2.1950455120E+04    8.3109307921E-15
    2.1966536040E+04    1.7188594241E-14
    2.1982616960E+04    2.5158115047E-14
    2.1998697880E+04    4.2725867673E-14
    2.2014778800E+04    3.0371444900E-14
    2.2030859720E+04    1.4538855660E-14
    2.2046940640E+04    9.3811200233E-15
    2.2063021560E+04    1.3087888140E-14
    2.2079102480E+04    3.6128660590E-14
    2.2095183400E+04    4.0181277022E-15
    2.2111264320E+04    3.4802448042E-16
    2.2127345240E+04    2.8153530129E-16
    2.2143426160E+04    2.5158026921E-15
    2.2159507080E+04    2.1986698201E-14
    2.2175588000E+04    5.2255680207E-14
    2.2191668920E+04    1.3773055735E-13
    2.2207749840E+04    1.4153025904E-13
    2.2223830750E+04    1.3765216644E-13
    2.2239911670E+04    1.4786236364E-13
    2.2255992590E+04    2.2768504452E-13
    2.2272073510E+04    5.6020065399E-13
    2.2288154430E+04    3.7601615063E-13
    2.2304235350E+04    2.4790373645E-13
    2.2320316270E+04    2.1255491233E-13
    2.2336397190E+04    2.6547411448E-13
    2.2352478110E+04    2.4761420064E-13
    2.2368559030E+04    1.1746146612E-13
    2.2384639950E+04    6.7744252780E-14
    2.2400720870E+04    1.1566095600E-13
    2.2416801790E+04    2.1694850104E-13
    2.2432882710E+04    2.7764202109E-13
    2.2448963630E+04    2.7562279719E-13
    2.2465044550E+04    4.4606471093E-13
    2.2481125470E+04    1.8590014899E-13
    2.2497206390E+04    1.2520180917E-13
    2.2513287310E+04    1.2679264631E-13
    2.2529368230E+04    1.5128061828E-13
    2.2545449140E+04    1.1026700136E-13
    2.2561530060E+04    1.7479412068E-14
    2.2577610980E+04    4.0252962386E-15
    2.2593691900E+04    2.0779025788E-14
    2.2609772820E+04    3.0446972549E-13
    2.2625853740E+04    1.0800511578E-12
    2.2641934660E+04    3.1498480706E-13
    2.2658015580E+04    1.0539178622E-13
    2.2674096500E+04    3.2975285575E-13
    2.2690177420E+04    1.4094191225E-12
    2.2706258340E+04    3.4591615209E-12
    2.2722339260E+04    3.7875123603E-12
    2.2738420180E+04    4.4998416620E-12
    2.2754501100E+04    5.1229554369E-12
    2.2770582020E+04    5.8265182301E-12
    2.2786662940E+04    6.5890899357E-12
    2.2802743860E+04    7.4598045264E-12
    2.2818824780E+04    8.7717162940E-12
    2.2834905700E+04    4.4667779717E-12
    2.2850986620E+04    4.2169610914E-12
    2.2867067530E+04    4.4882691956E-12
    2.2883148450E+04    5.1639468668E-12
    2.2899229370E+04    6.5420468563E-12
    2.2915310290E+04    4.8152579066E-13
    2.2931391210E+04    3.8500287566E-14
    2.2947472130E+04    2.4431671339E-14
    2.2963553050E+04    1.5197473728E-13
    2.2979633970E+04    1.0878356048E-12
    2.2995714890E+04    2.0983990593E-12
    2.3011795810E+04    3.6967482776E-12
    2.3027876730E+04    7.0735222449E-12
    2.3043957650E+04    1.5077800656E-11
    2.3060038570E+04    4.1061732817E-11
    2.3076119490E+04    7.9364071783E-11
    2.3092200410E+04    1.2984796878E-10
    2.3108281330E+04    2.0374910714E-10
    2.3124362250E+04    2.8083227496E-10
    2.3140443170E+04    3.9060251971E-10
    2.3156524090E+04    5.3878745616E-10
    2.3172605010E+04    7.4307453459E-10
    2.3188685920E+04    1.0156197811E-09
    2.3204766840E+04    1.2661549418E-09
    2.3220847760E+04    1.5682520529E-09
    2.3236928680E+04    1.9368521530E-09
    2.3253009600E+04    2.3675601166E-09
    2.3269090520E+04    2.8542357502E-09
    2.3285171440E+04    3.0650337333E-09
    2.3301252360E+04    3.2368431827E-09
    2.3317333280E+04    3.3575180769E-09
    2.3333414200E+04    3.3857765787E-09
    2.3349495120E+04    3.3918114995E-09
    2.3365576040E+04    3.1756901729E-09
    2.3381656960E+04    2.8947002223E-09
    2.3397737880E+04    2.5679595675E-09
    2.3413818800E+04    1.9812147998E-09
    2.3429899720E+04    1.5299380349E-09
    2.3445980640E+04    1.1698174310E-09
    2.3462061560E+04    8.8900662185E-10
    2.3478142480E+04    6.8062251335E-10
    2.3494223400E+04    1.9520713154E-10
    2.3510304310E+04    6.4940423638E-11
    2.3526385230E+04    3.2324144311E-11
    2.3542466150E+04    5.9870399817E-11
    2.3558547070E+04    1.3296585285E-10
    2.3574627990E+04    1.6910242046E-10
    2.3590708910E+04    1.5954748406E-10
    2.3606789830E+04    1.7448085276E-10
    2.3622870750E+04    1.8841843625E-10
    2.3638951670E+04    2.0295056968E-10
    2.3655032590E+04    2.0193288812E-10
    2.3671113510E+04    1.4481402891E-10
    2.3687194430E+04    1.4349858694E-10
    2.3703275350E+04    2.5400490206E-10
    2.3719356270E+04    2.7008941095E-10
    2.3735437190E+04    2.8785702011E-10
    2.3751518110E+04    1.1541202114E-10
    2.3767599030E+04    1.4747119967E-10
    2.3783679950E+04    3.3082224426E-10
    2.3799760870E+04    2.2419020300E-10
    2.3815841790E+04    1.5326667320E-10
    2.3831922710E+04    1.3649335538E-10
    2.3848003620E+04    1.9371790338E-10
    2.3864084540E+04    2.8969315209E-10
    2.3880165460E+04    1.6312857549E-10
    2.3896246380E+04    7.2319800228E-11
    2.3912327300E+04    3.6830040861E-11
    2.3928408220E+04    5.7982555185E-11
    2.3944489140E+04    1.2276484195E-10
    2.3960570060E+04    3.2001654876E-10
    2.3976650980E+04    2.4072963459E-10
    2.3992731900E+04    2.3187594548E-10
    2.4008812820E+04    2.3381746810E-10
    2.4024893740E+04    2.6124405453E-10
    2.4040974660E+04    3.4170811804E-10
    2.4057055580E+04    4.2655107490E-10
    2.4073136500E+04    4.7069023111E-10
    2.4089217420E+04    5.2472010039E-10
    2.4105298340E+04    4.5965562688E-10
    2.4121379260E+04    3.8523267250E-10
    2.4137460180E+04    3.2776121074E-10
    2.4153541100E+04    3.5687090932E-10
    2.4169622010E+04    4.2121001019E-10
    2.4185702930E+04    3.2778450752E-10
    2.4201783850E+04    8.7066056793E-11
    2.4217864770E+04    3.4233383022E-11
    2.4233945690E+04    3.2385541837E-11
    2.4250026610E+04    7.4700598307E-11
    2.4266107530E+04    2.2342724568E-10
    2.4282188450E+04    2.8491421217E-10
    2.4298269370E+04    2.6137002167E-10
    2.4314350290E+04    2.6546882149E-10
    2.4330431210E+04    2.9145116879E-10
    2.4346512130E+04    3.2740564591E-10
    2.4362593050E+04    3.7132849265E-10
    2.4378673970E+04    3.8861307701E-10
    2.4394754890E+04    4.0786306057E-10
    2.4410835810E+04    4.2214738655E-10
    2.4426916730E+04    3.5118300972E-10
    2.4442997650E+04    2.9995321617E-10
    2.4459078570E+04    2.7556709338E-10
    2.4475159490E+04    3.0129018914E-10
    2.4491240400E+04    3.2996092083E-10
    2.4507321320E+04    1.4687261387E-10
    2.4523402240E+04    1.2942540124E-11
    2.4539483160E+04    1.2732340356E-12
    2.4555564080E+04    1.3420407600E-12
    2.4571645000E+04    1.4070984470E-11
    2.4587725920E+04    1.5907858355E-10
    2.4603806840E+04    2.7595854618E-10
    2.4619887760E+04    1.7189907976E-10
    2.4635968680E+04    1.2310780178E-10
    2.4652049600E+04    2.5283425882E-11
    2.4668130520E+04    6.3261718740E-12
    2.4684211440E+04    1.7622948783E-11
    2.4700292360E+04    2.7255499821E-11
    2.4716373280E+04    6.0034335778E-11
    2.4732454200E+04    1.5476286288E-10
    2.4748535120E+04    1.2048753769E-10
    2.4764616040E+04    7.1638011717E-11
    2.4780696960E+04    4.2659005545E-11
    2.4796777880E+04    6.8202675056E-11
    2.4812858790E+04    1.4384053291E-10
    2.4828939710E+04    5.0547496505E-10
    2.4845020630E+04    5.1267647707E-10
    2.4861101550E+04    4.8200915666E-10
    2.4877182470E+04    4.8155008313E-10
    2.4893263390E+04    5.4735064756E-10
    2.4909344310E+04    6.4888718021E-10
    2.4925425230E+04    8.0320829887E-10
    2.4941506150E+04    2.0277970130E-08
    2.4957587070E+04    1.6386285677E-08
    2.4973667990E+04    1.3618165569E-08
    2.4989748910E+04    1.3541134376E-08
    2.4997781620E+04    2.0724061592E-08
    2.5011293930E+04    2.0834135420E-11
    2.5024806240E+04    5.0448518378E-09
    2.5038318560E+04    1.3261797469E-08
    2.5051830870E+04    8.6667723107E-10
    2.5065343190E+04    1.6449732344E-09
    2.5078855500E+04    8.7396350724E-10
    2.5092367820E+04    2.6327747403E-09
    2.5105880130E+04    9.6734320904E-10
    2.5119392440E+04    4.9182980131E-10
    2.5132904760E+04    1.4673051193E-09
    2.5146417070E+04    2.3111780795E-12
    2.5159929390E+04    9.1283776055E-11
    2.5173441700E+04    2.2458411403E-09
    2.5186954020E+04    1.2607613417E-09
    2.5200466330E+04    1.2091515578E-09
    2.5213978650E+04    9.7976786418E-10
    2.5227490960E+04    3.3621427782E-12
    2.5241003270E+04    1.4481684860E-12
    2.5254515590E+04    3.8222350557E-10
    2.5268027900E+04    7.6670471903E-10
    2.5281540220E+04    1.0516710866E-10
    2.5295052530E+04    3.6882969103E-10
    2.5308564850E+04    3.2881051515E-10
    2.5322077160E+04    2.9242223055E-10
    2.5335589480E+04    6.8689544350E-10
    2.5349101790E+04    5.2080148230E-10
    2.5362614100E+04    3.8761405391E-12
    2.5376126420E+04    1.7871922802E-11
    2.5389638730E+04    2.4937018016E-10
    2.5403151050E+04    3.9168953159E-10
    2.5416663360E+04    1.6354050558E-10
    2.5430175680E+04    1.1550962778E-10
    2.5443687990E+04    4.9652265902E-11
    2.5457200300E+04    1.2537839816E-10
    2.5470712620E+04    1.1513013659E-10
    2.5484224930E+04    1.0023858823E-10
    2.5497737250E+04    1.7374524462E-10
    2.5511249560E+04    1.1216250657E-10
    2.5524761880E+04    9.0055498021E-11
    2.5538274190E+04    7.5765130677E-11
    2.5551786510E+04    4.8985361376E-11
    2.5565298820E+04    9.7653029698E-11
    2.5578811130E+04    7.6571226326E-11
    2.5592323450E+04    5.6651237936E-11
    2.5605835760E+04    4.2760558575E-11
    2.5619348080E+04    8.4170096962E-11
    2.5632860390E+04    7.4843502239E-11
    2.5646372710E+04    3.0375279347E-11
    2.5659885020E+04    4.3673063499E-11
    2.5673397330E+04    3.7590299045E-11
    2.5686909650E+04    2.5246429499E-11
    2.5700421960E+04    6.2230212223E-12
    2.5713934280E+04    1.3612663274E-11
    2.5727446590E+04    3.2128327043E-12
    2.5740958910E+04    1.1358750998E-11
    2.5754471220E+04    1.3970276438E-11
    2.5767983540E+04    1.1280320820E-11
    2.5781495850E+04    1.5088569745E-11
    2.5795008160E+04    8.3043323705E-12
    2.5808520480E+04    2.5440896996E-14
    2.5822032790E+04    1.5477000985E-11
    2.5835545110E+04    2.7704218323E-11
    2.5849057420E+04    2.7838700090E-11
    2.5862569740E+04    1.7080620796E-11
    2.5876082050E+04    9.4537695813E-12
    2.5889594370E+04    4.3237598463E-12
    2.5903106680E+04    2.0900732129E-12
    2.5916618990E+04    2.8473395287E-14
    2.5930131310E+04    6.3629613591E-12
    2.5943643620E+04    3.9640904651E-12
    2.5957155940E+04    1.6534811104E-11
    2.5970668250E+04    1.3552555680E-11
    2.5984180570E+04    1.4158924754E-11
    2.5997692880E+04    9.6288660113E-12
    2.6011205190E+04    1.3987371477E-11
    2.6024717510E+04    1.4003984318E-11
    2.6038229820E+04    2.7137397614E-12
    2.6051742140E+04    6.0232706044E-13
    2.6065254450E+04    3.0775371355E-11
    2.6078766770E+04    3.4172890188E-11
    2.6092279080E+04    1.4033062614E-11
    2.6105791400E+04    2.9548142893E-11
    2.6119303710E+04    2.1866712064E-11
    2.6132816020E+04    9.0548318856E-12
    2.6146328340E+04    3.6446286698E-14
    2.6159840650E+04    8.9677254307E-12
    2.6173352970E+04    1.1610746484E-11
    2.6186865280E+04    8.0778985687E-12
    2.6200377600E+04    1.1126152340E-11
    2.6213889910E+04    2.6231365749E-13
    2.6227402220E+04    1.1729013108E-11
    2.6240914540E+04    2.8054122976E-11
    2.6254426850E+04    1.6714055834E-11
    2.6267939170E+04    1.2174663782E-11
    2.6281451480E+04    4.9258157187E-13
    2.6294963800E+04    1.0855850064E-11
    2.6308476110E+04    8.3202180162E-12
    2.6321988430E+04    7.0441885068E-12
    2.6335500740E+04    9.0374141374E-12
    2.6349013050E+04    8.2330456856E-12
    2.6362525370E+04    5.6174462090E-12
    2.6376037680E+04    3.5749732540E-12
    2.6389550000E+04    1.0585918940E-11
    2.6403062310E+04    1.6001485650E-11
    2.6416574630E+04    1.0158134765E-11
    2.6430086940E+04    2.0256310051E-11
    2.6443599250E+04    2.1371406985E-11
    2.6457111570E+04    1.6155812310E-11
    2.6470623880E+04    1.0193386485E-11
    2.6484136200E+04    2.6294501277E-11
    2.6497648510E+04    1.3182337617E-11
    2.6511160830E+04    1.1099315639E-11
    2.6524673140E+04    8.7845873948E-12
    2.6538185460E+04    1.9921936539E-11
    2.6551697770E+04    1.3121631195E-11
    2.6565210080E+04    4.1723232384E-12
    2.6578722400E+04    1.6514244343E-11
    2.6592234710E+04    3.3386068601E-11
    2.6605747030E+04    5.8752331457E-11
    2.6619259340E+04    5.0828359220E-11
    2.6632771660E+04    1.9919462483E-11
    2.6646283970E+04    2.3973070384E-11
    2.6659796290E+04    2.5221087450E-11
    2.6673308600E+04    4.1607230352E-11
    2.6686820910E+04    3.6423836048E-11
    2.6700333230E+04    1.2137880113E-11
    2.6713845540E+04    2.8043886430E-11
    2.6727357860E+04    6.3525688931E-11
    2.6740870170E+04    4.9610414004E-11
    2.6754382490E+04    2.7119730788E-11
    2.6767894800E+04    2.3202678885E-11
    2.6781407110E+04    1.8709426683E-11
    2.6794919430E+04    2.5792114171E-11
    2.6808431740E+04    1.4870687074E-11
    2.6821944060E+04    1.2736953674E-11
    2.6835456370E+04    1.0681326863E-11
    2.6848968690E+04    1.4450393410E-11
    2.6862481000E+04    1.9601205957E-11
    2.6875993320E+04    1.3564302984E-11
    2.6889505630E+04    1.3025763994E-11
    2.6903017940E+04    5.9759204473E-12
    2.6916530260E+04    1.4412074856E-14
    2.6930042570E+04    2.2507402813E-12
    2.6943554890E+04    9.9642021466E-12
    2.6957067200E+04    1.6535746718E-11
    2.6970579520E+04    5.0536320968E-12
    2.6984091830E+04    3.5197604844E-12
    2.6997604140E+04    1.1780324442E-14
    2.7011116460E+04    2.3705848585E-14
    2.7024628770E+04    6.4245485390E-12
    2.7038141090E+04    1.5876830405E-11
    2.7051653400E+04    1.0897856609E-11
    2.7065165720E+04    3.3815247568E-12
    2.7078678030E+04    1.2703968792E-11
    2.7092190350E+04    5.7658623548E-12
    2.7105702660E+04    7.1207147371E-12
    2.7119214970E+04    3.3403076018E-13
    2.7132727290E+04    1.3569986448E-12
    2.7146239600E+04    6.5669650306E-12
    2.7159751920E+04    1.9817551961E-14
    2.7173264230E+04    5.6502310802E-12
    2.7186776550E+04    7.4752282233E-12
    2.7200288860E+04    1.5451383553E-11
    2.7213801170E+04    7.9211601107E-12
    2.7227313490E+04    3.2044482953E-12
    2.7240825800E+04    1.3903482153E-14
    2.7254338120E+04    2.7450733750E-12
    2.7267850430E+04    7.9108450680E-12
    2.7281362750E+04    7.0957575151E-12
    2.7294875060E+04    1.2566054129E-12
    2.7308387380E+04    1.7287921123E-11
    2.7321899690E+04    1.7611030451E-11
    2.7335412000E+04    3.8650547278E-12
    2.7348924320E+04    5.9146621462E-12
    2.7362436630E+04    1.9122424954E-13
    2.7375948950E+04    1.7384333192E-14
    2.7389461260E+04    4.0129703785E-12
    2.7402973580E+04    3.1099573497E-12
    2.7416485890E+04    6.2226717949E-13
    2.7429998210E+04    5.6865721745E-12
    2.7443510520E+04    2.2399791227E-11
    2.7457022830E+04    7.6238872446E-12
    2.7470535150E+04    1.2712562913E-11
    2.7484047460E+04    6.6707765525E-12
    2.7497559780E+04    1.1235794258E-11
    2.7511072090E+04    4.6818804617E-12
    2.7524584410E+04    2.1136524881E-14
    2.7538096720E+04    1.5697706536E-14
    2.7551609030E+04    9.2861177555E-13
    2.7565121350E+04    5.0494378136E-12
    2.7578633660E+04    2.4942280442E-12
    2.7592145980E+04    7.6601306352E-12
    2.7605658290E+04    6.7114560416E-13
    2.7619170610E+04    1.6374517318E-12
    2.7632682920E+04    8.6571974577E-13
    2.7646195240E+04    3.2188512510E-13
    2.7659707550E+04    5.5125756844E-12
    2.7673219860E+04    4.7628514893E-12
    2.7686732180E+04    2.7669519572E-14
    2.7700244490E+04    2.1639937369E-14
    2.7713756810E+04    2.6905146559E-14
    2.7727269120E+04    7.6159314096E-14
    2.7740781440E+04    3.0032565868E-12
    2.7754293750E+04    2.4856173195E-14
    2.7767806060E+04    2.0394257319E-14
    2.7781318380E+04    2.8777971654E-14
    2.7794830690E+04    2.0324597635E-14
    2.7808343010E+04    3.9559687472E-14
    2.7821855320E+04    7.5811302664E-12
    2.7835367640E+04    1.0575196742E-12
    2.7848879950E+04    3.7839507805E-14
    2.7862392270E+04    1.4900869255E-14
    2.7875904580E+04    3.3321376278E-12
    2.7889416890E+04    8.0670526085E-12
    2.7902929210E+04    8.1342918471E-13
    2.7916441520E+04    1.2200585285E-14
    2.7929953840E+04    5.4752669712E-12
    2.7943466150E+04    9.3568435183E-13
    2.7956978470E+04    7.3039340907E-15
    2.7970490780E+04    5.4287775146E-15
    2.7984003090E+04    1.0894704504E-14
    2.7997515410E+04    6.9150364337E-13
    2.8011027720E+04    2.5654139165E-14
    2.8024540040E+04    4.5247665208E-12
    2.8038052350E+04    2.5862491263E-14
    2.8051564670E+04    6.1208375579E-12
    2.8065076980E+04    4.3029766922E-12
    2.8078589300E+04    2.6627234279E-14
    2.8092101610E+04    6.9140953911E-12
    2.8105613920E+04    5.0027977308E-12
    2.8119126240E+04    6.8501561652E-12
    2.8132638550E+04    1.2310579353E-11
    2.8146150870E+04    3.8665256988E-12
    2.8159663180E+04    1.3386953573E-12
    2.8173175500E+04    3.6457571293E-13
    2.8186687810E+04    4.0595573753E-12
    2.8200200130E+04    1.0368046393E-11
    2.8213712440E+04    6.6761379249E-12
    2.8227224750E+04    9.6203071829E-12
    2.8240737070E+04    7.8066794046E-12
    2.8254249380E+04    7.9304455159E-12
    2.8267761700E+04    6.0730117820E-12
    2.8281274010E+04    6.0848997806E-13
    2.8294786330E+04    2.0222252516E-13
    2.8308298640E+04    6.0796484022E-13
    2.8321810950E+04    1.2249297691E-12
    2.8335323270E+04    1.4621738173E-13
    2.8348835580E+04    8.0383435617E-15
    2.8362347900E+04    5.3644651451E-15
    2.8375860210E+04    4.0288583985E-15
    2.8389372530E+04    2.5231041053E-12
    2.8402884840E+04    2.8730810385E-12
    2.8416397160E+04    3.1092018452E-12
    2.8429909470E+04    3.8750081938E-12
    2.8443421780E+04    5.6106900051E-12
    2.8456934100E+04    6.4800992948E-12
    2.8470446410E+04    1.0607243614E-11
    2.8483958730E+04    4.8835452781E-12
    2.8497471040E+04    1.6937059426E-12
    2.8510983360E+04    4.3174937641E-12
    2.8524495670E+04    2.0974329976E-14
    2.8538007980E+04    1.5373083664E-14
    2.8551520300E+04    9.6868757817E-15
    2.8565032610E+04    6.7818599519E-13
    2.8578544930E+04    3.4033603592E-12
    2.8592057240E+04    1.2630363363E-13
    2.8605569560E+04    1.5641102296E-12
    2.8619081870E+04    1.7724112524E-13
    2.8632594190E+04    6.0813342769E-13
    2.8646106500E+04    1.3840923377E-12
    2.8659618810E+04    8.4823799519E-13
    2.8673131130E+04    1.5478644143E-12
    2.8686643440E+04    3.1651418434E-12
    2.8700155760E+04    9.8711584800E-15
    2.8713668070E+04    1.0940144497E-14
    2.8727180390E+04    6.5482708373E-14
    2.8740692700E+04    2.8545806874E-14
    2.8754205010E+04    7.2314416975E-12
    2.8767717330E+04    2.7882486824E-12
    2.8781229640E+04    2.2840136311E-14
    2.8794741960E+04    3.3325192983E-12
    2.8808254270E+04    1.6292375142E-12
    2.8821766590E+04    1.0111707676E-14
    2.8835278900E+04    4.0985903092E-13
    2.8848791220E+04    2.8289964744E-14
    2.8862303530E+04    1.6750562361E-12
    2.8875815840E+04    7.9834138846E-13
    2.8889328160E+04    1.1070283079E-12
    2.8902840470E+04    9.9114596245E-13
    2.8916352790E+04    5.1171966052E-15
    2.8929865100E+04    5.2805297902E-15
    2.8943377420E+04    5.0142066332E-13
    2.8956889730E+04    8.5079069037E-15
    2.8970402050E+04    1.9318009575E-12
    2.8983914360E+04    2.8394067936E-12
    2.8997426670E+04    2.2403961673E-12
    2.9010938990E+04    3.9171379473E-13
    2.9024451300E+04    6.2411313028E-13
    2.9037963620E+04    2.2752476417E-13
    2.9051475930E+04    3.9628428580E-13
    2.9064988250E+04    4.7456565194E-15
    2.9078500560E+04    6.2921619298E-13
    2.9092012870E+04    2.1260075728E-12
    2.9105525190E+04    2.1734774558E-12
    2.9119037500E+04    2.1123342106E-12
    2.9132549820E+04    3.0716647204E-12
    2.9146062130E+04    2.0644633307E-12
    2.9159574450E+04    5.5702012838E-12
    2.9173086760E+04    3.3886249232E-12
    2.9186599080E+04    2.6492855991E-12
    2.9200111390E+04    7.1390789012E-12
    2.9213623700E+04    2.1687940920E-12
    2.9227136020E+04    2.2918791499E-13
    2.9240648330E+04    4.9998943875E-12
    2.9254160650E+04    5.2056190768E-12
    2.9267672960E+04    8.8417681000E-12
    2.9281185280E+04    1.3201668037E-12
    2.9294697590E+04    7.1663707865E-12
    2.9308209900E+04    9.4940479098E-12
    2.9321722220E+04    1.0301380539E-11
    2.9335234530E+04    3.0527461177E-12
    2.9348746850E+04    1.3682406269E-12
    2.9362259160E+04    1.0517442609E-12
    2.9375771480E+04    9.9766265191E-12
    2.9389283790E+04    2.3718967354E-12
    2.9402796110E+04    1.1243834562E-11
    2.9416308420E+04    1.9415155129E-12
    2.9429820730E+04    6.1767236687E-13
    2.9443333050E+04    7.2698509754E-13
    2.9456845360E+04    1.5350943096E-12
    2.9470357680E+04    3.0780060198E-12
    2.9483869990E+04    1.7492278368E-11
    2.9497382310E+04    1.6622140330E-11
    2.9510894620E+04    7.2448254516E-12
    2.9524406940E+04    1.7276274091E-12
    2.9537919250E+04    2.1230159327E-14
    2.9551431560E+04    1.5814670368E-12
    2.9564943880E+04    1.3339654133E-11
    2.9578456190E+04    2.0354095866E-13
    2.9591968510E+04    1.1049695735E-13
    2.9605480820E+04    2.1304769015E-14
    2.9618993140E+04    1.2333818620E-12
    2.9632505450E+04    2.1874924623E-14
    2.9646017760E+04    2.0901131081E-14
    2.9659530080E+04    6.2488368331E-12
    2.9673042390E+04    7.7581940072E-12
    2.9686554710E+04    4.0258973499E-12
    2.9700067020E+04    6.5952170242E-12
    2.9713579340E+04    7.4575108617E-12
    2.9727091650E+04    1.8960584916E-11
    2.9740603970E+04    1.5849644455E-11
    2.9754116280E+04    1.5272278600E-11
    2.9767628590E+04    9.6498405656E-12
    2.9781140910E+04    4.0139855773E-14
    2.9794653220E+04    4.6258211776E-12
    2.9808165540E+04    1.3900165743E-13
    2.9821677850E+04    5.0871787317E-12
    2.9835190170E+04    1.3554651930E-11
    2.9848702480E+04    4.4185393210E-12
    2.9862214790E+04    9.6049214858E-13
    2.9875727110E+04    1.6829957339E-11
    2.9889239420E+04    6.6860806838E-12
    2.9902751740E+04    4.5004196975E-12
    2.9916264050E+04    8.5232878175E-13
    2.9929776370E+04    1.9479856306E-13
    2.9943288680E+04    1.3625684153E-11
    2.9956801000E+04    1.1477383858E-11
    2.9970313310E+04    4.7392051337E-13
    2.9983825620E+04    1.7814253383E-14
    2.9997337940E+04    6.1233826744E-12
    3.0010850250E+04    4.5107402575E-14
    3.0024362570E+04    1.9169630490E-14
    3.0037874880E+04    2.3740036501E-12
    3.0051387200E+04    1.0554638961E-13
    3.0064899510E+04    3.9265552243E-12
    3.0078411820E+04    8.1710901615E-13
    3.0091924140E+04    1.7663413011E-14
    3.0105436450E+04    5.0567759347E-12
    3.0118948770E+04    7.9704586287E-12
    3.0132461080E+04    6.9858616606E-12
    3.0145973400E+04    2.2162226814E-12
    3.0159485710E+04    8.0086260923E-12
    3.0172998030E+04    1.0275334406E-11
    3.0186510340E+04    1.4668534885E-12
    3.0200022650E+04    6.4034633473E-12
    3.0213534970E+04    6.5288976504E-12
    3.0227047280E+04    3.2217908084E-12
    3.0240559600E+04    1.1630000688E-11
    3.0254071910E+04    8.5052178517E-12
    3.0267584230E+04    4.0888583614E-13
    3.0281096540E+04    3.2388663569E-14
    3.0294608860E+04    7.1379322558E-13
    3.0308121170E+04    2.8059994919E-13
    3.0321633480E+04    5.1247233147E-12
    3.0335145800E+04    5.4929724101E-12
    3.0348658110E+04    1.7822790054E-13
    3.0362170430E+04    3.7931946734E-15
    3.0375682740E+04    1.4694443408E-13
    3.0389195060E+04    3.7691911176E-15
    3.0402707370E+04    1.8619198913E-12
    3.0416219680E+04    3.6429435777E-12
    3.0429732000E+04    7.6186472363E-12
    3.0443244310E+04    6.9461143034E-12
    3.0456756630E+04    1.0154923410E-11
    3.0470268940E+04    1.3156963654E-11
    3.0483781260E+04    1.6878524583E-11
    3.0497293570E+04    1.3327395730E-11
    3.0510805890E+04    7.1697457073E-12
    3.0524318200E+04    6.6270484792E-12
    3.0537830510E+04    6.1349054830E-12
    3.0551342830E+04    2.8775977154E-12
    3.0564855140E+04    9.2910285721E-12
    3.0578367460E+04    6.8598909081E-12
    3.0591879770E+04    3.3071743610E-12
    3.0605392090E+04    4.3633022424E-12
    3.0618904400E+04    8.5882113060E-14
    3.0632416710E+04    5.6230637220E-13
    3.0645929030E+04    1.1861333201E-12
    3.0659441340E+04    1.2145868676E-12
    3.0672953660E+04    4.4251824941E-12
    3.0686465970E+04    5.7439687705E-12
    3.0699978290E+04    1.8625938327E-12
    3.0713490600E+04    3.1110861786E-12
    3.0727002920E+04    4.6988802129E-12
    3.0740515230E+04    3.1668372890E-12
    3.0754027540E+04    9.6463248835E-13
    3.0767539860E+04    1.1209788806E-12
    3.0781052170E+04    1.6846115711E-12
    3.0794564490E+04    1.4020260725E-12
    3.0808076800E+04    7.9986791511E-13
    3.0821589120E+04    1.1602637482E-12
    3.0835101430E+04    5.5357814098E-12
    3.0848613740E+04    8.5851469238E-12
    3.0862126060E+04    4.1514851516E-12
    3.0875638370E+04    2.7419209740E-12
    3.0889150690E+04    2.7228512566E-12
    3.0902663000E+04    1.0544692608E-12
    3.0916175320E+04    1.4110082754E-12
    3.0929687630E+04    3.4508248858E-12
    3.0943199950E+04    6.6103819332E-13
    3.0956712260E+04    5.2811619364E-13
    3.0970224570E+04    2.3125849651E-13
    3.0983736890E+04    1.9040021023E-14
    3.0997249200E+04    2.1154541528E-13
    3.1010761520E+04    4.0116315142E-14
    3.1024273830E+04    1.6138309139E-14
    3.1037786150E+04    1.0941548167E-13
    3.1051298460E+04    1.2561247529E-13
    3.1064810780E+04    1.4925061038E-13
    3.1078323090E+04    6.5856085607E-14
    3.1091835400E+04    3.0183472012E-13
    3.1105347720E+04    1.8765850669E-13
    3.1118860030E+04    1.5570197412E-14
    3.1132372350E+04    3.4289819541E-15
    3.1145884660E+04    2.4427394702E-14
    3.1159396980E+04    1.8130613641E-16
    3.1172909290E+04    1.8153445969E-16
    3.1186421600E+04    3.2483322098E-16
    3.1199933920E+04    7.0511445056E-14
    3.1213446230E+04    1.5791251947E-13
    3.1226958550E+04    1.8891500281E-13
    3.1240470860E+04    3.1090839593E-14
    3.1253983180E+04    1.8222487135E-15
    3.1267495490E+04    1.3591855779E-14
    3.1281007810E+04    2.6047569585E-13
    3.1294520120E+04    4.4561624583E-13
    3.1308032430E+04    7.3085619514E-13
    3.1321544750E+04    1.6151870967E-12
    3.1335057060E+04    5.1752962838E-13
    3.1348569380E+04    1.6915829170E-12
    3.1362081690E+04    7.7567589775E-13
    3.1375594010E+04    1.0410682304E-12
    3.1389106320E+04    2.8468552528E-14
    3.1402618630E+04    1.4360267523E-15
    3.1416130950E+04    4.3559579247E-13
    3.1429643260E+04    5.8093936303E-12
    3.1443155580E+04    5.3864568902E-12
    3.1456667890E+04    1.2905170385E-13
    3.1470180210E+04    3.0161173613E-12
    3.1483692520E+04    1.0787217745E-11
    3.1497204840E+04    1.6140616890E-11
    3.1510717150E+04    1.0695855952E-11
    3.1524229460E+04    1.0494254572E-11
    3.1537741780E+04    3.8841015089E-12
    3.1551254090E+04    2.9936825818E-12
    3.1564766410E+04    4.2394436221E-12
    3.1578278720E+04    2.0697124246E-11
    3.1591791040E+04    8.8537261916E-12
    3.1605303350E+04    5.4265818196E-12
    3.1618815660E+04    1.2289928565E-12
    3.1632327980E+04    5.3619203982E-13
    3.1645840290E+04    1.2335162573E-14
    3.1659352610E+04    6.4875970232E-14
    3.1672864920E+04    5.5885975337E-16
    3.1686377240E+04    1.2390751694E-15
    3.1699889550E+04    1.3225157774E-14
    3.1713401870E+04    2.8035384176E-15
    3.1726914180E+04    1.8307408417E-15
    3.1740426490E+04    8.8713075384E-15
    3.1753938810E+04    8.4904685214E-15
    3.1767451120E+04    7.8141496859E-15
    3.1780963440E+04    2.0125369386E-14
    3.1794475750E+04    1.0348851930E-14
    3.1807988070E+04    5.6132979288E-17
    3.1821500380E+04    4.5561992098E-15
    3.1835012700E+04    7.3074756738E-16
    3.1848525010E+04    9.9356889534E-17
    3.1862037320E+04    1.0263751237E-14
    3.1875549640E+04    3.1678586332E-14
    3.1889061950E+04    2.8203158196E-14
    3.1902574270E+04    4.0211648983E-15
    3.1916086580E+04    6.3116821237E-14
    3.1929598900E+04    7.2634470044E-14
    3.1943111210E+04    3.4774089971E-14
    3.1956623520E+04    2.2994415139E-14
    3.1970135840E+04    2.8744466725E-13
    3.1983648150E+04    9.2388432869E-13
    3.1997160470E+04    9.5801965456E-13
    3.2010672780E+04    3.8189625501E-13
    3.2024185100E+04    1.1980080386E-12
    3.2037697410E+04    3.0476056259E-14
    3.2051209730E+04    6.4265426556E-14
    3.2064722040E+04    1.0966668917E-12
    3.2078234350E+04    3.5448963395E-13
    3.2091746670E+04    3.9475632413E-13
    3.2105258980E+04    3.7240985043E-13
    3.2118771300E+04    2.8419122349E-13
    3.2132283610E+04    7.1243631973E-13
    3.2145795930E+04    1.7678675528E-12
    3.2159308240E+04    3.0864978767E-12
    3.2172820550E+04    5.6518589103E-12
    3.2186332870E+04    1.4563394248E-12
    3.2199845180E+04    4.2964961991E-12
    3.2213357500E+04    1.1259790928E-11
    3.2226869810E+04    9.5227239500E-12
    3.2240382130E+04    6.1547858196E-12
    3.2253894440E+04    1.6364651805E-12
    3.2267406760E+04    5.4957783778E-13
    3.2280919070E+04    1.6068515158E-12
    3.2294431380E+04    7.0598899781E-13
    3.2307943700E+04    3.3654292092E-13
    3.2321456010E+04    2.3533434593E-13
    3.2334968330E+04    1.6952303061E-13
    3.2348480640E+04    1.6577192250E-12
    3.2361992960E+04    2.8819829188E-12
    3.2375505270E+04    3.1019712564E-12
    3.2389017590E+04    1.3136638170E-12
    3.2402529900E+04    5.1902977748E-15
    3.2416042210E+04    6.1451960230E-13
    3.2429554530E+04    6.2767233404E-12
    3.2443066840E+04    8.5402287578E-12
    3.2456579160E+04    3.8275560589E-12
    3.2470091470E+04    1.8885185720E-12
    3.2483603790E+04    2.0559538086E-12
    3.2497116100E+04    2.9117381814E-12
    3.2510628410E+04    1.9557236164E-13
    3.2524140730E+04    1.0298487516E-11
    3.2537653040E+04    2.3376796628E-11
    3.2551165360E+04    9.1135949879E-12
    3.2564677670E+04    8.6162379669E-12
    3.2578189990E+04    2.0461924138E-12
    3.2591702300E+04    3.9866513899E-14
    3.2605214620E+04    1.9270607531E-14
    3.2618726930E+04    3.7570702013E-12
    3.2632239240E+04    3.6955473998E-12
    3.2645751560E+04    3.6453638536E-12
    3.2659263870E+04    1.0629162616E-11
    3.2672776190E+04    1.4213525658E-11
    3.2686288500E+04    6.5353756886E-12
    3.2699800820E+04    2.5845107908E-12
    3.2713313130E+04    2.4218114535E-12
    3.2726825440E+04    7.8824792945E-13
    3.2740337760E+04    1.0675745055E-14
    3.2753850070E+04    1.7341832868E-14
    3.2767362390E+04    2.2010852504E-12
    3.2780874700E+04    3.0964862958E-12
    3.2794387020E+04    1.9023547819E-12
    3.2807899330E+04    7.4881786451E-13
    3.2821411650E+04    3.2909951495E-12
    3.2834923960E+04    5.0662402368E-12
    3.2848436270E+04    4.1488271881E-12
    3.2861948590E+04    4.2849586464E-12
    3.2875460900E+04    1.7628595998E-12
    3.2888973220E+04    2.2826431279E-14
    3.2902485530E+04    6.3032684198E-15
    3.2915997850E+04    1.8401803515E-14
    3.2929510160E+04    1.1446000940E-12
    3.2943022470E+04    4.0384311767E-13
    3.2956534790E+04    8.4008841549E-13
    3.2970047100E+04    9.6296849076E-13
    3.2983559420E+04    1.5131153893E-12
    3.2997071730E+04    2.1767659095E-12
    3.3010584050E+04    1.1945479746E-12
    3.3024096360E+04    1.4733621838E-12
    3.3037608680E+04    6.1080611852E-13
    3.3051120990E+04    7.5694087564E-13
    3.3064633300E+04    7.8675939836E-14
    3.3078145620E+04    1.8174529527E-13
    3.3091657930E+04    3.6473567634E-12
    3.3105170250E+04    7.3942028962E-12
    3.3118682560E+04    6.2665640349E-12
    3.3132194880E+04    4.1832073624E-12
    3.3145707190E+04    6.4986612991E-12
    3.3159219510E+04    1.4772531893E-11
    3.3172731820E+04    5.2419053684E-12
    3.3186244130E+04    3.5005492535E-12
    3.3199756450E+04    1.5212390294E-12
    3.3213268760E+04    1.7728813397E-13
    3.3226781080E+04    9.7376732691E-14
    3.3240293390E+04    4.3018026372E-14
    3.3253805710E+04    2.2324983434E-14
    3.3267318020E+04    5.2086988722E-15
    3.3280830330E+04    3.7861096172E-14
    3.3294342650E+04    9.2457237456E-14
    3.3307854960E+04    4.0507969372E-16
    3.3321367280E+04    4.6058405263E-14
    3.3334879590E+04    2.9787400627E-13
    3.3348391910E+04    3.8000213032E-13
    3.3361904220E+04    5.1248362001E-13
    3.3375416540E+04    3.1763968847E-15
    3.3388928850E+04    3.4437748027E-13
    3.3402441160E+04    2.4994311999E-13
    3.3415953480E+04    1.5633672702E-13
    3.3429465790E+04    2.1058759858E-13
    3.3442978110E+04    1.2092129080E-12
    3.3456490420E+04    2.4584282373E-12
    3.3470002740E+04    8.1826417657E-14
    3.3483515050E+04    3.5017433567E-15
    3.3497027360E+04    4.8429076090E-17
    3.3510539680E+04    4.8093249592E-17
    3.3524051990E+04    4.7707994846E-17
    3.3537564310E+04    1.9583778061E-15
    3.3551076620E+04    1.3846897649E-14
    3.3564588940E+04    3.3152460465E-16
    3.3578101250E+04    6.3854930442E-16
    3.3591613570E+04    6.3507841870E-16
    3.3605125880E+04    4.0358348922E-15
    3.3618638190E+04    1.4406251329E-13
    3.3632150510E+04    1.9608828723E-13
    3.3645662820E+04    2.1468450277E-13
    3.3659175140E+04    3.4943380027E-13
    3.3672687450E+04    8.7250967481E-13
    3.3686199770E+04    5.8369867713E-13
    3.3699712080E+04    4.6772402763E-13
    3.3713224390E+04    1.9311448823E-13
    3.3726736710E+04    7.8337769472E-14
    3.3740249020E+04    1.7529129026E-13
    3.3753761340E+04    9.3135982479E-14
    3.3767273650E+04    1.2596489108E-14
    3.3780785970E+04    1.3752962969E-12
    3.3794298280E+04    2.9862269660E-12
    3.3807810600E+04    3.2455489450E-12
    3.3821322910E+04    4.6620403015E-12
    3.3834835220E+04    6.5896171828E-12
    3.3848347540E+04    6.2679396470E-12
    3.3861859850E+04    1.5858403745E-12
    3.3875372170E+04    2.6606611195E-14
    3.3888884480E+04    3.5998370855E-13
    3.3902396800E+04    5.0730076903E-13
    3.3915909110E+04    3.4102087812E-13
    3.3929421430E+04    3.5997292783E-13
    3.3942933740E+04    1.4443656506E-12
    3.3956446050E+04    1.8854443306E-12
    3.3969958370E+04    2.0494668979E-12
    3.3983470680E+04    3.3350691433E-12
    3.3996983000E+04    2.5531538384E-12
    3.4010495310E+04    1.3858677669E-13
    3.4024007630E+04    1.2249279062E-14
    3.4037519940E+04    6.2423466767E-13
    3.4051032250E+04    1.3556323744E-11
    3.4064544570E+04    1.2165834346E-11
    3.4078056880E+04    1.1796591017E-11
    3.4091569200E+04    1.5437984119E-11
    3.4105081510E+04    9.0511451536E-12
    3.4118593830E+04    3.1786540115E-12
    3.4132106140E+04    1.6608065911E-14
    3.4145618460E+04    1.5311007096E-14
    3.4159130770E+04    1.1829483981E-13
    3.4172643080E+04    6.1276413970E-12
    3.4186155400E+04    1.0367212707E-11
    3.4199667710E+04    1.0830542166E-11
    3.4213180030E+04    1.0988234172E-11
    3.4226692340E+04    1.0068361997E-11
    3.4240204660E+04    3.7305413019E-12
    3.4253716970E+04    1.5264450519E-12
    3.4267229280E+04    6.4959070707E-13
    3.4280741600E+04    1.0753644551E-12
    3.4294253910E+04    1.7301064269E-12
    3.4307766230E+04    1.8908371386E-12
    3.4321278540E+04    3.0819150139E-12
    3.4334790860E+04    1.5163434818E-12
    3.4348303170E+04    8.6092088311E-15
    3.4361815490E+04    1.2314010399E-14
    3.4375327800E+04    2.4678573727E-13
    3.4388840110E+04    1.0346663183E-11
    3.4402352430E+04    7.8896948386E-12
    3.4415864740E+04    4.8532501289E-12
    3.4429377060E+04    6.1305618792E-12
    3.4442889370E+04    2.5128137875E-12
    3.4456401690E+04    2.7929005098E-12
    3.4469914000E+04    5.6849982214E-14
    3.4483426310E+04    9.2953168953E-12
    3.4496938630E+04    2.0354032548E-11
    3.4510450940E+04    2.3884521512E-11
    3.4523963260E+04    1.4411101219E-11
    3.4537475570E+04    7.5513941847E-12
    3.4550987890E+04    5.2151106806E-12
    3.4564500200E+04    4.1409609264E-12
    3.4578012520E+04    5.1038913034E-12
    3.4591524830E+04    9.1570943882E-13
    3.4605037140E+04    6.8062489120E-13
    3.4618549460E+04    4.5704753318E-12
    3.4632061770E+04    7.5738360636E-12
    3.4645574090E+04    5.1845984087E-12
    3.4659086400E+04    6.1506758813E-12
    3.4672598720E+04    2.7685267926E-12
    3.4686111030E+04    4.3207447749E-12
    3.4699623350E+04    9.1725468358E-12
    3.4713135660E+04    1.5300262075E-11
    3.4726647970E+04    1.1194281655E-11
    3.4740160290E+04    7.5885202413E-12
    3.4753672600E+04    5.3085813999E-12
    3.4767184920E+04    1.5675644876E-13
    3.4780697230E+04    4.4448796856E-13
    3.4794209550E+04    2.6359688804E-12
    3.4807721860E+04    1.0162477669E-14
    3.4821234170E+04    2.0182184292E-12
    3.4834746490E+04    4.7187671838E-12
    3.4848258800E+04    2.9764956200E-13
    3.4861771120E+04    7.0078158770E-13
    3.4875283430E+04    2.7065907708E-12
    3.4888795750E+04    2.7112984988E-12
    3.4902308060E+04    4.4389309298E-13
    3.4915820380E+04    3.1540006683E-12
    3.4929332690E+04    7.7659008591E-12
    3.4942845000E+04    8.0273440730E-12
    3.4956357320E+04    3.2489423254E-12
    3.4969869630E+04    6.9658363640E-13
    3.4983381950E+04    3.0995071352E-12
    3.4996894260E+04    6.1000128579E-12
    3.5010406580E+04    1.8409083170E-12
    3.5023918890E+04    5.8732093138E-13
    3.5037431200E+04    1.1878885700E-13
    3.5050943520E+04    4.0448590362E-13
    3.5064455830E+04    2.3731953998E-12
    3.5077968150E+04    2.0842453661E-12
    3.5091480460E+04    7.8432884788E-15
    3.5104992780E+04    2.0855429106E-14
    3.5118505090E+04    1.4555949451E-12
    3.5132017410E+04    9.0211146504E-14
    3.5145529720E+04    4.9553025828E-13
    3.5159042030E+04    2.4731655450E-12
    3.5172554350E+04    7.0215719197E-12
    3.5186066660E+04    2.6613478602E-12
    3.5199578980E+04    8.6334704829E-13
    3.5213091290E+04    1.2787332114E-12
    3.5226603610E+04    3.3280533951E-12
    3.5240115920E+04    8.3825301112E-12
    3.5253628240E+04    5.4488291952E-12
    3.5267140550E+04    2.8263041654E-12
    3.5280652860E+04    9.1427087907E-12
    3.5294165180E+04    4.0648591419E-12
    3.5307677490E+04    4.3346541757E-14
    3.5321189810E+04    3.6677736878E-12
    3.5334702120E+04    7.0021233908E-12
    3.5348214440E+04    2.0396542174E-12
    3.5361726750E+04    7.5838219664E-13
    3.5375239060E+04    3.2845311466E-13
    3.5388751380E+04    3.0703775915E-15
    3.5402263690E+04    9.5874436314E-14
    3.5415776010E+04    1.3746178372E-14
    3.5429288320E+04    9.5358878015E-16
    3.5442800640E+04    2.2617809021E-15
    3.5456312950E+04    2.8536521506E-15
    3.5469825270E+04    1.5031083727E-15
    3.5483337580E+04    2.7953291159E-15
    3.5496849890E+04    5.0223282690E-13
    3.5510362210E+04    1.7843794759E-12
    3.5523874520E+04    1.6295318624E-12
    3.5537386840E+04    3.3658531623E-12
    3.5550899150E+04    8.3763366394E-12
    3.5564411470E+04    5.8091172469E-12
    3.5577923780E+04    1.3604662750E-13
    3.5591436090E+04    2.7902359885E-13
    3.5604948410E+04    5.8450755905E-12
    3.5618460720E+04    1.3236743801E-11
    3.5631973040E+04    1.4163013369E-11
    3.5645485350E+04    1.3572652805E-11
    3.5658997670E+04    1.4156045013E-11
    3.5672509980E+04    4.5409892024E-12
    3.5686022300E+04    1.3032022868E-13
    3.5699534610E+04    3.3457687922E-14
    3.5713046920E+04    3.5246759333E-14
    3.5726559240E+04    3.6754664384E-14
    3.5740071550E+04    1.8357376947E-12
    3.5753583870E+04    1.9740456209E-11
    3.5767096180E+04    3.9630432760E-11
    3.5780608500E+04    4.2067855023E-11
    3.5794120810E+04    3.2899515269E-11
    3.5807633120E+04    1.1052448650E-11
    3.5821145440E+04    4.3649969716E-13
    3.5834657750E+04    5.0364582093E-12
    3.5848170070E+04    2.9283453374E-13
    3.5861682380E+04    3.2546506286E-14
    3.5875194700E+04    6.6905277614E-13
    3.5888707010E+04    1.9834389971E-12
    3.5902219330E+04    1.1214767260E-11
    3.5915731640E+04    1.0734073602E-11
    3.5929243950E+04    5.0559566022E-11
    3.5942756270E+04    3.8549117435E-11
    3.5956268580E+04    2.4400663905E-11
    3.5969780900E+04    1.8608172154E-11
    3.5983293210E+04    1.0374934482E-12
    3.5996805530E+04    3.2650910856E-13
    3.6010317840E+04    1.9000297700E-11
    3.6023830160E+04    2.4209718326E-11
    3.6037342470E+04    1.3573136795E-11
    3.6050854780E+04    2.5952810653E-12
    3.6064367100E+04    1.4198798528E-11
    3.6077879410E+04    3.1015839322E-11
    3.6091391730E+04    2.4989296222E-11
    3.6104904040E+04    2.0103222547E-11
    3.6118416360E+04    9.6630753972E-12
    3.6131928670E+04    3.3197393632E-12
    3.6145440980E+04    1.8821099891E-11
    3.6158953300E+04    4.5047382496E-11
    3.6172465610E+04    3.8635860532E-11
    3.6185977930E+04    1.0575465658E-11
    3.6199490240E+04    2.8004320122E-13
    3.6213002560E+04    1.9851195670E-12
    3.6226514870E+04    2.8100139532E-11
    3.6240027190E+04    2.7592795160E-11
    3.6253539500E+04    2.4653980460E-11
    3.6267051810E+04    4.1315012695E-11
    3.6280564130E+04    6.7492448814E-11
    3.6294076440E+04    5.9082493236E-11
    3.6307588760E+04    6.7074034086E-11
    3.6321101070E+04    4.5191181663E-11
    3.6334613390E+04    3.2637731251E-11
    3.6348125700E+04    4.7422643605E-11
    3.6361638010E+04    5.7403775123E-11
    3.6375150330E+04    3.7830926231E-11
    3.6388662640E+04    1.5155989447E-12
    3.6402174960E+04    1.4914593242E-11
    3.6415687270E+04    1.5128373201E-11
    3.6429199590E+04    9.1825609262E-11
    3.6442711900E+04    1.2331160940E-10
    3.6456224220E+04    8.3787884194E-11
    3.6469736530E+04    5.0850324664E-11
    3.6483248840E+04    2.0418830099E-11
    3.6496761160E+04    2.6041923072E-11
    3.6510273470E+04    5.1983362402E-11
    3.6523785790E+04    7.1198250606E-11
    3.6537298100E+04    5.7171311840E-11
    3.6550810420E+04    7.5082172916E-11
    3.6564322730E+04    1.3874372367E-10
    3.6577835040E+04    1.5767425428E-10
    3.6591347360E+04    8.4519061035E-11
    3.6604859670E+04    6.2071989073E-11
    3.6618371990E+04    7.0018480449E-11
    3.6631884300E+04    1.0839243064E-10
    3.6645396620E+04    7.0963739456E-11
    3.6658908930E+04    5.4705409993E-11
    3.6672421250E+04    2.4056797343E-12
    3.6685933560E+04    1.6115996994E-12
    3.6699445870E+04    2.3776644268E-11
    3.6712958190E+04    5.0721617395E-11
    3.6726470500E+04    5.2499368687E-11
    3.6739982820E+04    3.3816951145E-11
    3.6753495130E+04    8.6880254191E-11
    3.6767007450E+04    2.1415421178E-10
    3.6780519760E+04    3.3420791137E-10
    3.6794032080E+04    3.0958046586E-10
    3.6807544390E+04    1.7483922092E-10
    3.6821056700E+04    8.7646975766E-11
    3.6834569020E+04    5.8485328259E-11
    3.6848081330E+04    6.0506247721E-11
    3.6861593650E+04    5.7686172850E-12
    3.6875105960E+04    2.3920012603E-11
    3.6888618280E+04    1.1132279895E-10
    3.6902130590E+04    2.0391327695E-10
    3.6915642900E+04    1.4427352353E-10
    3.6929155220E+04    2.6049378677E-11
    3.6942667530E+04    1.2627485679E-11
    3.6956179850E+04    3.3553086015E-11
    3.6969692160E+04    8.5368657233E-11
    3.6983204480E+04    1.9078885537E-10
    3.6996716790E+04    2.0047025015E-10
    3.7010229110E+04    1.5874458624E-10
    3.7023741420E+04    4.2375283722E-10
    3.7037253730E+04    8.3028383300E-10
    3.7050766050E+04    9.5530392111E-10
    3.7064278360E+04    7.0080463688E-10
    3.7077790680E+04    3.5188329314E-10
    3.7091302990E+04    5.7501881260E-10
    3.7104815310E+04    3.5487189223E-10
    3.7118327620E+04    2.4332147122E-10
    3.7131839930E+04    1.4830533062E-11
    3.7145352250E+04    1.8868469115E-10
    3.7158864560E+04    1.0418849349E-09
    3.7172376880E+04    7.9916657729E-10
    3.7185889190E+04    3.6294004244E-10
    3.7199401510E+04    1.1601392892E-11
    3.7212913820E+04    1.8079087504E-11
    3.7226426140E+04    3.9605785934E-10
    3.7239938450E+04    7.3527869240E-10
    3.7253450760E+04    8.3593343785E-10
    3.7266963080E+04    3.9571977378E-10
    3.7280475390E+04    8.0667691594E-11
    3.7293987710E+04    1.1945801262E-09
    3.7307500020E+04    8.1978601777E-10
    3.7321012340E+04    5.1272562652E-10
    3.7334524650E+04    9.9551241853E-10
    3.7348036960E+04    1.5064334612E-09
    3.7361549280E+04    1.5843664092E-09
    3.7375061590E+04    2.6693635800E-09
    3.7388573910E+04    5.9259441377E-09
    3.7402086220E+04    8.5992696683E-09
    3.7415598540E+04    8.1435674070E-09
    3.7429110850E+04    5.6890579944E-09
    3.7442623170E+04    4.0533964291E-09
    3.7456135480E+04    2.9932682368E-09
    3.7469647790E+04    2.9719675648E-09
    3.7483160110E+04    3.2405460948E-09
    3.7496672420E+04    2.1596530893E-09
    3.7510184740E+04    2.4362736865E-09
    3.7523697050E+04    4.1344935936E-09
    3.7537209370E+04    3.9490128206E-09
    3.7550721680E+04    1.5887625114E-09
    3.7564234000E+04    1.9557958143E-09
    3.7577746310E+04    3.2498487291E-09
    3.7591258620E+04    3.3195310372E-09
    3.7604770940E+04    5.6935480209E-11
    3.7618283250E+04    1.1839040025E-11
    3.7631795570E+04    1.2548584453E-11
    3.7645307880E+04    2.2468885605E-10
    3.7658820200E+04    6.4845163774E-09
    3.7672332510E+04    1.6793442764E-08
    3.7685844820E+04    1.6975473743E-08
    3.7699357140E+04    5.1454687465E-10
    3.7712869450E+04    2.3171666169E-11
    3.7726381770E+04    1.8635268935E-11
    3.7739894080E+04    1.9686842073E-11
    3.7753406400E+04    6.4256491836E-11
    3.7766918710E+04    1.4388512087E-09
    3.7780431030E+04    1.3247873203E-08
    3.7793943340E+04    2.2833509319E-08
    3.7807455650E+04    1.9404919918E-08
    3.7820967970E+04    1.3049807587E-08
    3.7834480280E+04    1.2662733533E-08
    3.7847992600E+04    1.5556193088E-08
    3.7861504910E+04    1.4935198644E-08
    3.7875017230E+04    1.9981261235E-08
    3.7888529540E+04    2.8963435295E-08
    3.7902041850E+04    2.5788130711E-08
    3.7915554170E+04    2.1131047130E-08
    3.7929066480E+04    1.2715394985E-08
    3.7942578800E+04    1.4998845818E-08
    3.7956091110E+04    1.6714857923E-08
    3.7969603430E+04    1.3965018303E-08
    3.7983115740E+04    1.3774045276E-08
    3.7996628060E+04    1.6261824001E-08
    3.8010140370E+04    4.8839632563E-09
    3.8023652680E+04    6.4264674727E-11
    3.8037165000E+04    1.3367928202E-08
    3.8050677310E+04    3.3378377041E-08
    3.8064189630E+04    4.6717151578E-08
    3.8077701940E+04    9.1843460282E-08
    3.8091214260E+04    1.1237997046E-07
    3.8104726570E+04    6.3156234695E-08
    3.8118238890E+04    2.8689469604E-08
    3.8131751200E+04    1.8811256591E-08
    3.8145263510E+04    2.5043248650E-09
    3.8158775830E+04    2.8290734732E-08
    3.8172288140E+04    5.6431086378E-08
    3.8185800460E+04    6.2505772599E-08
    3.8199312770E+04    6.4866554318E-08
    3.8212825090E+04    1.0732515800E-07
    3.8226337400E+04    6.5691646676E-08
    3.8239849710E+04    4.0973606264E-08
    3.8253362030E+04    1.7287922783E-08
    3.8266874340E+04    9.3900587585E-09
    3.8280386660E+04    1.1245395911E-08
    3.8293898970E+04    3.2406833313E-09
    3.8307411290E+04    2.5539091197E-10
    3.8320923600E+04    3.9412755800E-10
    3.8334435920E+04    3.5409188410E-08
    3.8347948230E+04    2.2486258329E-07
    3.8361460540E+04    3.8309942828E-07
    3.8374972860E+04    3.9723436163E-07
    3.8388485170E+04    3.3575808925E-07
    3.8401997490E+04    3.0688611854E-07
    3.8415509800E+04    3.6856406642E-07
    3.8429022120E+04    5.3194819979E-07
    3.8442534430E+04    5.2609409274E-07
    3.8456046740E+04    2.6373714498E-07
    3.8469559060E+04    4.0242817120E-07
    3.8483071370E+04    4.5038562257E-07
    3.8496583690E+04    5.0657937507E-07
    3.8510096000E+04    5.9908642020E-07
    3.8523608320E+04    7.0966515072E-07
    3.8537120630E+04    7.5401995414E-07
    3.8550632950E+04    8.6063071166E-07
    3.8564145260E+04    1.3452598925E-06
    3.8577657570E+04    1.4270664267E-06
    3.8591169890E+04    1.1862138485E-06
    3.8604682200E+04    9.5621960292E-07
    3.8618194520E+04    8.3431462625E-07
    3.8631706830E+04    6.7009502230E-07
    3.8645219150E+04    4.6114163380E-07
    3.8658731460E+04    1.3757809502E-06
    3.8672243770E+04    3.0026542117E-06
    3.8685756090E+04    2.4225765580E-06
    3.8699268400E+04    7.2862241109E-07
    3.8712780720E+04    3.6382011797E-07
    3.8726293030E+04    4.8037749650E-07
    3.8739805350E+04    5.1013645662E-08
    3.8753317660E+04    2.4517114778E-07
    3.8766829980E+04    3.8566638577E-08
    3.8780342290E+04    2.6505080804E-07
    3.8793854600E+04    1.5957256596E-06
    3.8807366920E+04    3.1895837293E-06
    3.8820879230E+04    3.3811861332E-06
    3.8834391550E+04    2.1972391462E-06
    3.8847903860E+04    2.4403565169E-06
    3.8861416180E+04    2.0063164265E-06
    3.8874928490E+04    1.7249238090E-08
    3.8888440810E+04    3.5296903824E-09
    3.8901953120E+04    2.1938157210E-08
    3.8915465430E+04    1.8286759733E-08
    3.8928977750E+04    3.7690434372E-09
    3.8942490060E+04    3.8412077731E-09
    3.8956002380E+04    3.9097163221E-09
    3.8969514690E+04    3.9745945245E-09
    3.8983027010E+04    5.2106678180E-09
    3.8996539320E+04    5.6409118183E-07
    3.9010051630E+04    6.9432601472E-07
    3.9023563950E+04    7.5261914591E-07
    3.9037076260E+04    1.9917485367E-06
    3.9050588580E+04    3.0614791173E-06
    3.9064100890E+04    2.9728312139E-06
    3.9077613210E+04    2.7330901340E-06
    3.9091125520E+04    2.3852480739E-06
    3.9104637840E+04    1.4995143948E-06
    3.9118150150E+04    2.2392217672E-06
    3.9131662460E+04    2.6290255393E-06
    3.9145174780E+04    3.2672242483E-06
    3.9158687090E+04    4.8114677519E-06
    3.9172199410E+04    4.8660264448E-06
    3.9185711720E+04    1.8706955647E-06
    3.9199224040E+04    1.4939602457E-06
    3.9212736350E+04    2.9569261988E-06
    3.9226248660E+04    1.8749708631E-06
    3.9239760980E+04    1.9414003500E-07
    3.9253273290E+04    3.0784780936E-07
    3.9266785610E+04    4.2857330340E-07
    3.9280297920E+04    1.1289884496E-07
    3.9293810240E+04    2.0663942520E-06
    3.9307322550E+04    3.7800256396E-06
    3.9320834870E+04    3.2257649128E-06
    3.9334347180E+04    2.5388242769E-06
    3.9347859490E+04    2.3005224451E-06
    3.9361371810E+04    1.7997683423E-06
    3.9374884120E+04    2.0437725341E-06
    3.9388396440E+04    4.6503371349E-06
    3.9401908750E+04    4.4881738001E-06
    3.9415421070E+04    2.8796066662E-06
    3.9428933380E+04    2.2220828832E-06
    3.9442445690E+04    3.1019187245E-06
    3.9455958010E+04    3.2894770312E-06
    3.9469470320E+04    2.5532510365E-06
    3.9482982640E+04    2.9624458975E-06
    3.9496494950E+04    3.0906655408E-06
    3.9510007270E+04    3.6123750187E-06
    3.9523519580E+04    4.2472207939E-06
    3.9537031900E+04    6.4801488821E-07
    3.9550544210E+04    5.3606802842E-08
    3.9564056520E+04    6.2976463048E-07
    3.9577568840E+04    3.5264144450E-07
    3.9591081150E+04    4.0186100603E-07
    3.9604593470E+04    1.4201721009E-06
    3.9618105780E+04    1.5432382635E-06
    3.9631618100E+04    1.1717330602E-06
    3.9645130410E+04    1.4180301815E-06
    3.9658642730E+04    1.2295641507E-06
    3.9672155040E+04    1.8665034485E-06
    3.9685667350E+04    4.5036008320E-07
    3.9699179670E+04    7.8452295971E-07
    3.9712691980E+04    1.6635660967E-06
    3.9726204300E+04    3.1073483197E-06
    3.9739716610E+04    3.1143799025E-06
    3.9753228930E+04    3.1096124819E-06
    3.9766741240E+04    3.4422871086E-06
    3.9780253550E+04    2.0926506385E-06
    3.9793765870E+04    1.5321855479E-07
    3.9807278180E+04    4.9421109261E-09
    3.9820790500E+04    5.9160560140E-09
    3.9834302810E+04    2.0008589269E-07
    3.9847815130E+04    1.6641466084E-06
    3.9861327440E+04    4.5887437625E-06
    3.9874839760E+04    6.7883551262E-06
    3.9888352070E+04    6.5921852742E-06
    3.9901864380E+04    4.2808134693E-06
    3.9915376700E+04    2.7174738418E-06
    3.9928889010E+04    1.9213399382E-06
    3.9942401330E+04    2.6297802159E-06
    3.9955913640E+04    1.1559009138E-06
    3.9969425960E+04    1.9701450547E-07
    3.9982938270E+04    1.7975990982E-07
    3.9996450580E+04    8.9789438315E-07
    4.0009962900E+04    8.5652126603E-08
    4.0023475210E+04    1.1366956321E-08
    4.0036987530E+04    1.0597158207E-06
    4.0050499840E+04    2.4458788940E-06
    4.0064012160E+04    2.3974318299E-06
    4.0077524470E+04    2.5143656956E-06
    4.0091036790E+04    2.2123512136E-06
    4.0104549100E+04    1.2822790983E-06
    4.0118061410E+04    8.4890486021E-07
    4.0131573730E+04    1.0961891429E-06
    4.0145086040E+04    1.7582276830E-06
    4.0158598360E+04    1.7550069455E-06
    4.0172110670E+04    1.4850112566E-06
    4.0185622990E+04    1.1003884576E-06
    4.0199135300E+04    3.0817186017E-08
    4.0212647610E+04    2.7766973222E-08
    4.0226159930E+04    1.0436042234E-06
    4.0239672240E+04    1.9269106212E-06
    4.0253184560E+04    2.2397506171E-06
    4.0266696870E+04    1.4922234581E-06
    4.0280209190E+04    1.9714675417E-06
    4.0293721500E+04    2.7608837997E-06
    4.0307233820E+04    2.8432850751E-06
    4.0320746130E+04    1.2745094997E-06
    4.0334258440E+04    2.0740204163E-06
    4.0347770760E+04    1.4146121399E-06
    4.0361283070E+04    7.4758610692E-08
    4.0374795390E+04    6.7406249832E-09
    4.0388307700E+04    4.9615314702E-09
    4.0401820020E+04    4.9618127577E-09
    4.0415332330E+04    4.9626566388E-09
    4.0428844650E+04    4.9634769064E-09
    4.0442356960E+04    4.9643298703E-09
    4.0455869270E+04    4.9651616721E-09
    4.0469381590E+04    8.4505590878E-08
    4.0482893900E+04    9.2047513349E-07
    4.0496406220E+04    2.0345282550E-06
    4.0509918530E+04    8.1728781824E-07
    4.0523430850E+04    1.2678780267E-06
    4.0536943160E+04    2.8883330254E-06
    4.0550455470E+04    3.1024740768E-06
    4.0563967790E+04    1.4420529538E-06
    4.0577480100E+04    2.2901118359E-08
    4.0590992420E+04    5.2349090770E-08
    4.0604504730E+04    2.7873312931E-06
    4.0618017050E+04    4.8430968887E-06
    4.0631529360E+04    4.9737267326E-06
    4.0645041680E+04    2.4909322995E-06
    4.0658553990E+04    1.6011180173E-08
    4.0672066300E+04    4.9723349875E-09
    4.0685578620E+04    2.3136347938E-08
    4.0699090930E+04    9.2502050273E-07
    4.0712603250E+04    2.2418132582E-06
    4.0726115560E+04    4.7984776474E-06
    4.0739627880E+04    7.6092596336E-06
    4.0753140190E+04    7.3177398567E-06
    4.0766652500E+04    5.2922988984E-06
    4.0780164820E+04    3.9583753840E-06
    4.0793677130E+04    2.8835953533E-06
    4.0807189450E+04    1.9397271541E-06
    4.0820701760E+04    8.4115977499E-07
    4.0834214080E+04    1.7364610025E-06
    4.0847726390E+04    5.7493630796E-06
    4.0861238710E+04    7.7893393905E-06
    4.0874751020E+04    4.4074971979E-06
    4.0888263330E+04    4.3605911339E-06
    4.0901775650E+04    5.3851752212E-06
    4.0915287960E+04    3.4481774093E-06
    4.0928800280E+04    1.3058221056E-06
    4.0942312590E+04    7.2975044503E-07
    4.0955824910E+04    6.3730673220E-07
    4.0969337220E+04    6.3823984439E-07
    4.0982849530E+04    1.1783403499E-06
    4.0996361850E+04    2.0369390819E-06
    4.1009874160E+04    2.0434186756E-06
    4.1023386480E+04    1.1521035270E-06
    4.1036898790E+04    6.0203763692E-07
    4.1050411110E+04    9.2072251059E-07
    4.1063923420E+04    8.8322343359E-07
    4.1077435740E+04    9.4460977770E-07
    4.1090948050E+04    3.1566339671E-08
    4.1104460360E+04    4.9819715023E-09
    4.1117972680E+04    4.9820433597E-09
    4.1131484990E+04    4.9821561219E-09
    4.1144997310E+04    4.9822627192E-09
    4.1158509620E+04    3.1168269212E-07
    4.1172021940E+04    3.6639652668E-06
    4.1185534250E+04    6.6755162915E-06
    4.1199046570E+04    4.3823855284E-06
    4.1212558880E+04    2.1335036761E-06
    4.1226071190E+04    1.7451558671E-06
    4.1239583510E+04    1.8093767772E-06
    4.1253095820E+04    1.2352590580E-06
    4.1266608140E+04    1.3018274944E-07
    4.1280120450E+04    6.5127174881E-09
    4.1293632770E+04    3.0267107406E-07
    4.1307145080E+04    2.4839664459E-06
    4.1320657390E+04    5.9633996495E-06
    4.1334169710E+04    5.0300369984E-06
    4.1347682020E+04    2.0725709752E-06
    4.1361194340E+04    7.7767916988E-07
    4.1374706650E+04    1.3087912994E-07
    4.1388218970E+04    1.1671894599E-08
    4.1401731280E+04    4.2666100290E-08
    4.1415243600E+04    1.3620285083E-07
    4.1428755910E+04    4.9772067352E-09
    4.1442268220E+04    4.9768593278E-09
    4.1455780540E+04    3.7610691649E-07
    4.1469292850E+04    2.4849760339E-06
    4.1482805170E+04    2.8456047860E-06
    4.1496317480E+04    2.6203203792E-06
    4.1509829800E+04    2.0240020218E-06
    4.1523342110E+04    1.4005120192E-06
    4.1536854420E+04    1.5687814275E-06
    4.1550366740E+04    2.1747273665E-06
    4.1563879050E+04    2.7330043446E-06
    4.1577391370E+04    2.2677829089E-06
    4.1590903680E+04    9.1786997750E-07
    4.1604416000E+04    4.1570560887E-07
    4.1617928310E+04    7.0127022165E-07
    4.1631440630E+04    1.8687590431E-06
    4.1644952940E+04    2.8446555118E-06
    4.1658465250E+04    3.1201664369E-06
    4.1671977570E+04    3.2707943949E-06
    4.1685489880E+04    3.8695006411E-06
    4.1699002200E+04    4.8450523231E-06
    4.1712514510E+04    5.7043513524E-06
    4.1726026830E+04    5.2976795397E-06
    4.1739539140E+04    3.6155642104E-06
    4.1753051460E+04    3.0240104533E-06
    4.1766563770E+04    3.4400618940E-06
    4.1780076080E+04    4.7682891313E-06
    4.1793588400E+04    5.7125737020E-06
    4.1807100710E+04    4.6612368000E-06
    4.1820613030E+04    3.2813875600E-06
    4.1834125340E+04    1.8078703953E-06
    4.1847637660E+04    9.9843189867E-07
    4.1861149970E+04    1.0620885456E-06
    4.1874662280E+04    2.3647891081E-06
    4.1888174600E+04    3.4230580621E-06
    4.1901686910E+04    2.9520658957E-06
    4.1915199230E+04    5.6029512085E-07
    4.1928711540E+04    5.2685258834E-09
    4.1942223860E+04    4.9389432453E-09
    4.1955736170E+04    4.9373880751E-09
    4.1969248490E+04    1.4913938264E-08
    4.1982760800E+04    4.5172609797E-07
    4.1996273110E+04    1.8189557637E-06
    4.2009785430E+04    1.5775115380E-06
    4.2023297740E+04    1.6066959235E-06
    4.2036810060E+04    1.5938192451E-06
    4.2050322370E+04    1.1055196329E-06
    4.2063834690E+04    4.8264123899E-07
    4.2077347000E+04    9.0629145130E-07
    4.2090859310E+04    1.4033620846E-06
    4.2104371630E+04    1.6327364667E-07
    4.2117883940E+04    4.9268578051E-09
    4.2131396260E+04    4.9258363579E-09
    4.2144908570E+04    1.7152220974E-07
    4.2158420890E+04    1.5798862709E-06
    4.2171933200E+04    2.3353425457E-06
    4.2185445520E+04    3.0845936837E-06
    4.2198957830E+04    4.1717081069E-06
    4.2212470140E+04    4.3980914708E-06
    4.2225982460E+04    2.9487648140E-06
    4.2239494770E+04    2.9599309081E-06
    4.2253007090E+04    2.3264136045E-06
    4.2266519400E+04    1.9579611423E-08
    4.2280031720E+04    4.9152836280E-09
    4.2293544030E+04    4.9142803886E-09
    4.2307056340E+04    4.9132726901E-09
    4.2320568660E+04    4.9122301912E-09
    4.2334080970E+04    4.9111479447E-09
    4.2347593290E+04    4.9100593723E-09
    4.2361105600E+04    4.9089565595E-09
    4.2374617920E+04    4.9078533647E-09
    4.2388130230E+04    4.9067981899E-09
    4.2401642550E+04    4.9057856771E-09
    4.2415154860E+04    1.8710489721E-08
    4.2428667170E+04    1.4803882992E-06
    4.2442179490E+04    3.4428670398E-06
    4.2455691800E+04    3.2171444700E-06
    4.2469204120E+04    9.6719187028E-07
    4.2482716430E+04    1.0219828585E-07
    4.2496228750E+04    4.9096737022E-09
    4.2509741060E+04    1.5210010138E-07
    4.2523253380E+04    7.3005419715E-07
    4.2536765690E+04    1.2060579716E-06
    4.2550278000E+04    2.2451328793E-06
    4.2563790320E+04    3.3909250556E-06
    4.2577302630E+04    3.4510067533E-06
    4.2590814950E+04    3.2791328708E-06
    4.2604327260E+04    1.6148332727E-06
    4.2617839580E+04    4.7768436266E-07
    4.2631351890E+04    6.3435702449E-07
    4.2644864200E+04    1.0747816849E-06
    4.2658376520E+04    2.9185262771E-06
    4.2671888830E+04    3.4100892625E-06
    4.2685401150E+04    1.2577507053E-06
    4.2698913460E+04    2.6669693902E-08
    4.2712425780E+04    1.5528051843E-08
    4.2725938090E+04    6.6325784519E-07
    4.2739450410E+04    2.4976290280E-06
    4.2752962720E+04    3.2491910441E-06
    4.2766475030E+04    3.2275616187E-06
    4.2779987350E+04    3.1195639807E-06
    4.2793499660E+04    3.5533342890E-06
    4.2807011980E+04    3.6700978121E-06
    4.2820524290E+04    3.6947744107E-06
    4.2834036610E+04    3.5036339591E-06
    4.2847548920E+04    3.1492609008E-06
    4.2861061230E+04    2.3508719813E-06
    4.2874573550E+04    1.4310258151E-06
    4.2888085860E+04    1.4545388148E-06
    4.2901598180E+04    2.6896324844E-06
    4.2915110490E+04    2.9596170118E-06
    4.2928622810E+04    2.7789596956E-06
    4.2942135120E+04    3.7314052654E-06
    4.2955647440E+04    2.4887018414E-06
    4.2969159750E+04    1.3573684417E-07
    4.2982672060E+04    7.4496745316E-08
    4.2996184380E+04    7.4710843123E-08
    4.3009696690E+04    4.8689122140E-09
    4.3023209010E+04    4.8671253898E-09
    4.3036721320E+04    3.8834317961E-08
    4.3050233640E+04    3.1154232949E-07
    4.3063745950E+04    5.6664359523E-07
    4.3077258260E+04    6.0683880391E-07
    4.3090770580E+04    5.8522405581E-07
    4.3104282890E+04    8.2611473935E-07
    4.3117795210E+04    7.2047050444E-07
    4.3131307520E+04    2.1036671849E-07
    4.3144819840E+04    1.0577316059E-08
    4.3158332150E+04    4.8487640498E-09
    4.3171844470E+04    4.8469178760E-09
    4.3185356780E+04    4.8450583846E-09
    4.3198869090E+04    4.8431946575E-09
    4.3212381410E+04    4.8414636136E-09
    4.3225893720E+04    9.3090547344E-09
    4.3239406040E+04    1.2160015408E-06
    4.3252918350E+04    1.3181549914E-06
    4.3266430670E+04    6.7920997827E-08
    4.3279942980E+04    4.8326970745E-09
    4.3293455300E+04    4.8309228793E-09
    4.3306967610E+04    4.8291135659E-09
    4.3320479920E+04    4.8272626930E-09
    4.3333992240E+04    4.8254066492E-09
    4.3347504550E+04    4.8235452765E-09
    4.3361016870E+04    4.8217019870E-09
    4.3374529180E+04    4.8198673434E-09
    4.3388041500E+04    4.8180349019E-09
    4.3401553810E+04    4.8161932325E-09
    4.3415066120E+04    4.7275200195E-08
    4.3428578440E+04    4.2206396793E-08
    4.3442090750E+04    4.8105452531E-09
    4.3455603070E+04    4.8115647328E-09
    4.3469115380E+04    4.8119254272E-09
    4.3482627700E+04    4.8098965762E-09
    4.3496140010E+04    5.9794283302E-09
    4.3509652330E+04    2.3324854191E-07
    4.3523164640E+04    2.3800061489E-08
    4.3536676950E+04    4.8063892119E-09
    4.3550189270E+04    5.2877742917E-09
    4.3563701580E+04    1.0156264827E-07
    4.3577213900E+04    4.3403865338E-08
    4.3590726210E+04    3.0425791456E-07
    4.3604238530E+04    5.0351907326E-07
    4.3617750840E+04    2.2892868264E-07
    4.3631263150E+04    1.7323241956E-06
    4.3644775470E+04    2.3298647459E-06
    4.3658287780E+04    1.3454047558E-06
    4.3671800100E+04    1.4628586165E-07
    4.3685312410E+04    2.3627650170E-07
    4.3698824730E+04    1.9013283134E-06
    4.3712337040E+04    2.9195329935E-06
    4.3725849360E+04    3.4964430801E-06
    4.3739361670E+04    3.8805494728E-06
    4.3752873980E+04    3.9734960868E-06
    4.3766386300E+04    2.7359228450E-06
    4.3779898610E+04    2.1298760616E-07
    4.3793410930E+04    1.5340926239E-08
    4.3806923240E+04    4.7923966848E-09
    4.3820435560E+04    1.0881414907E-07
    4.3833947870E+04    3.7889689797E-07
    4.3847460180E+04    1.0669425599E-07
    4.3860972500E+04    5.5375178457E-09
    4.3874484810E+04    4.7371646887E-09
    4.3887997130E+04    4.7339915591E-09
    4.3901509440E+04    4.7308011109E-09
    4.3915021760E+04    4.7275856790E-09
    4.3928534070E+04    4.7243755563E-09
    4.3942046390E+04    1.2798129374E-08
    4.3955558700E+04    2.8079313464E-07
    4.3969071010E+04    8.8746289393E-07
    4.3982583330E+04    1.8184660865E-06
    4.3996095640E+04    1.6075893203E-06
    4.4009607960E+04    8.0755530075E-07
    4.4023120270E+04    1.8526954250E-08
    4.4036632590E+04    4.7016893418E-09
    4.4050144900E+04    4.6991376585E-09
    4.4063657220E+04    4.7016423680E-09
    4.4077169530E+04    4.6990968863E-09
    4.4090681840E+04    4.6966117755E-09
    4.4104194160E+04    4.6941667096E-09
    4.4117706470E+04    4.6917738657E-09
    4.4131218790E+04    4.6900819613E-09
    4.4144731100E+04    4.6924843787E-09
    4.4158243420E+04    4.6902385062E-09
    4.4171755730E+04    2.6067678501E-08
    4.4185268040E+04    4.1967761208E-07
    4.4198780360E+04    2.9257102417E-06
    4.4212292670E+04    3.9851749233E-06
    4.4225804990E+04    2.7014492246E-06
    4.4239317300E+04    5.3068023127E-07
    4.4252829620E+04    7.2756940310E-09
    4.4266341930E+04    4.6738020957E-09
    4.4279854250E+04    4.6719315590E-09
    4.4293366560E+04    4.6701086019E-09
    4.4306878870E+04    4.6682739026E-09
    4.4320391190E+04    4.6664496361E-09
    4.4333903500E+04    4.6646562862E-09
    4.4347415820E+04    4.6629107530E-09
    4.4360928130E+04    4.6611939493E-09
    4.4374440450E+04    4.6595105049E-09
    4.4387952760E+04    4.6578567828E-09
    4.4401465070E+04    4.6562409442E-09
    4.4414977390E+04    4.6547064996E-09
    4.4428489700E+04    4.6531835667E-09
    4.4442002020E+04    4.6516533737E-09
    4.4455514330E+04    4.6499477714E-09
    4.4469026650E+04    4.6482632271E-09
    4.4482538960E+04    4.6465714783E-09
    4.4496051280E+04    4.6448981992E-09
    4.4509563590E+04    4.6431938949E-09
    4.4523075900E+04    4.6414904242E-09
    4.4536588220E+04    4.6397692678E-09
    4.4550100530E+04    4.6380413158E-09
    4.4563612850E+04    4.6363106420E-09
    4.4577125160E+04    4.6345813399E-09
    4.4590637480E+04    4.6328481493E-09
    4.4604149790E+04    4.6311104955E-09
    4.4617662110E+04    4.6294046238E-09
    4.4631174420E+04    4.6276965624E-09
    4.4644686730E+04    4.6259979767E-09
    4.4658199050E+04    4.6242744217E-09
    4.4671711360E+04    4.6225504568E-09
    4.4685223680E+04    6.3213853735E-08
    4.4698735990E+04    1.7071635839E-06
    4.4712248310E+04    2.1266819628E-06
    4.4725760620E+04    2.5353482583E-08
    4.4739272930E+04    4.6136143400E-09
    4.4752785250E+04    4.6117568210E-09
    4.4766297560E+04    4.6130514168E-09
    4.4779809880E+04    4.6129866122E-09
    4.4793322190E+04    4.6110339325E-09
    4.4806834510E+04    4.6090371146E-09
    4.4820346820E+04    4.6070121800E-09
    4.4833859140E+04    4.6049373765E-09
    4.4847371450E+04    4.6067031840E-09
    4.4860883760E+04    4.6059367284E-09
    4.4874396080E+04    1.4868849443E-08
    4.4887908390E+04    1.1045469685E-06
    4.4901420710E+04    2.2313831655E-06
    4.4914933020E+04    3.1986423370E-06
    4.4928445340E+04    3.3349934354E-06
    4.4941957650E+04    2.3391640392E-06
    4.4955469960E+04    8.7975297704E-07
    4.4968982280E+04    1.3777734189E-07
    4.4982494590E+04    6.2532841351E-09
    4.4996006910E+04    4.5819325956E-09
    4.5009519220E+04    4.5792703827E-09
    4.5023031540E+04    4.5765946189E-09
    4.5036543850E+04    4.5738545590E-09
    4.5050056170E+04    4.5710491121E-09
    4.5063568480E+04    4.6848380020E-09
    4.5077080790E+04    2.1236845026E-07
    4.5090593110E+04    1.8293712494E-06
    4.5104105420E+04    1.1420868655E-06
    4.5117617740E+04    1.1135699782E-08
    4.5131130050E+04    4.5533418589E-09
    4.5144642370E+04    4.5502584225E-09
    4.5158154680E+04    4.5471269464E-09
    4.5171666990E+04    4.5439569274E-09
    4.5185179310E+04    8.4717734858E-09
    4.5198691620E+04    4.1161267888E-07
    4.5212203940E+04    7.8334432294E-08
    4.5225716250E+04    1.5650779579E-07
    4.5239228570E+04    5.1458662516E-09
    4.5252740880E+04    4.5242754767E-09
    4.5266253200E+04    4.5208555761E-09
    4.5279765510E+04    4.5173854625E-09
    4.5293277820E+04    4.5138975359E-09
    4.5306790140E+04    4.5103717693E-09
    4.5320302450E+04    4.5067961275E-09
    4.5333814770E+04    4.5032160552E-09
    4.5347327080E+04    4.4996216918E-09
    4.5360839400E+04    4.4960505449E-09
    4.5374351710E+04    4.4924594120E-09
    4.5387864030E+04    4.4888647199E-09
    4.5401376340E+04    4.4852597121E-09
    4.5414888650E+04    4.4816679024E-09
    4.5428400970E+04    4.4780702199E-09
    4.5441913280E+04    5.4530914558E-09
    4.5455425600E+04    2.1834993890E-08
    4.5468937910E+04    8.9555158491E-08
    4.5482450230E+04    2.4853684396E-07
    4.5495962540E+04    6.1514635637E-07
    4.5509474850E+04    2.1647016475E-06
    4.5522987170E+04    6.2621388371E-06
    4.5536499480E+04    1.2788709008E-05
    4.5550011800E+04    2.0050981110E-05
    4.5563524110E+04    2.7641257193E-05
    4.5577036430E+04    3.3132108265E-05
    4.5590548740E+04    3.7727601834E-05
    4.5604061060E+04    4.2776889444E-05
    4.5617573370E+04    4.8573535389E-05
    4.5631085680E+04    5.5527513899E-05
    4.5644598000E+04    6.4161311174E-05
    4.5658110310E+04    7.5072982829E-05
    4.5671622630E+04    8.9481856753E-05
    4.5685134940E+04    1.0766315240E-04
    4.5698647260E+04    1.3081849595E-04
    4.5712159570E+04    1.5955588840E-04
    4.5725671880E+04    1.9310591845E-04
    4.5739184200E+04    2.3141636097E-04
    4.5752696510E+04    2.7211589863E-04
    4.5766208830E+04    3.1689671764E-04
    4.5779721140E+04    3.6547598496E-04
    4.5793233460E+04    4.1450566976E-04
    4.5806745770E+04    4.6872323159E-04
    4.5820258090E+04    5.2850517927E-04
    4.5833770400E+04    5.9234269644E-04
    4.5847282710E+04    6.6123597920E-04
    4.5860795030E+04    7.3541983816E-04
    4.5874307340E+04    8.2198451614E-04
    4.5887819660E+04    9.2372062668E-04
    4.5901331970E+04    1.0434625986E-03
    4.5914844290E+04    1.1874968849E-03
    4.5928356600E+04    1.3587749745E-03
    4.5941868910E+04    1.5630384252E-03
    4.5955381230E+04    1.8193158352E-03
    4.5968893540E+04    2.1266329372E-03
    4.5982405860E+04    2.4967495322E-03
    4.5995918170E+04    2.9561888857E-03
    4.6009430490E+04    3.5145324821E-03
    4.6022942800E+04    4.1966802374E-03
    4.6036455120E+04    5.0491904174E-03
    4.6049967430E+04    6.0967426035E-03
    4.6063479740E+04    7.3914220345E-03
    4.6076992060E+04    9.0072934830E-03
    4.6090504370E+04    1.0994553359E-02
    4.6104016690E+04    1.3445481311E-02
    4.6117529000E+04    1.6463839695E-02
    4.6131041320E+04    2.0149972646E-02
    4.6144553630E+04    2.4638953501E-02
    4.6158065950E+04    3.0024680624E-02
    4.6171578260E+04    3.6490848135E-02
    4.6185090570E+04    4.4176439189E-02
    4.6198602890E+04    5.3127319567E-02
    4.6212115200E+04    6.3610947575E-02
    4.6225627520E+04    7.5669964232E-02
    4.6239139830E+04    8.9351030488E-02
    4.6252652150E+04    1.0500606709E-01
    4.6266164460E+04    1.2246008528E-01
    4.6279676770E+04    1.4157347303E-01
    4.6293189090E+04    1.6265679691E-01
    4.6306701400E+04    1.8469858421E-01
    4.6320213720E+04    2.0714197159E-01
    4.6333726030E+04    2.3017292160E-01
    4.6347238350E+04    2.5085492087E-01
    4.6360750660E+04    2.6946480500E-01
    4.6374262980E+04    2.8624938542E-01
    4.6387775290E+04    2.9762123985E-01
    4.6401287600E+04    3.0626906157E-01
    4.6414799920E+04    3.1233123941E-01
    4.6428312230E+04    3.1415804358E-01
    4.6441824550E+04    3.1477516529E-01
    4.6455336860E+04    3.1397298059E-01
    4.6468849180E+04    3.1217656402E-01
    4.6482361490E+04    3.1033796905E-01
    4.6495873800E+04    3.0856594998E-01
    4.6509386120E+04    3.0737720171E-01
    4.6522898430E+04    3.0689633019E-01
    4.6536410750E+04    3.0670703263E-01
    4.6549923060E+04    3.0709095521E-01
    4.6563435380E+04    3.0773627319E-01
    4.6576947690E+04    3.0865188544E-01
    4.6590460010E+04    3.0949994937E-01
    4.6603972320E+04    3.1026697246E-01
    4.6617484630E+04    3.1061891184E-01
    4.6630996950E+04    3.1052574006E-01
    4.6644509260E+04    3.1007281582E-01
    4.6658021580E+04    3.0856833096E-01
    4.6671533890E+04    3.0640562324E-01
    4.6685046210E+04    3.0343448227E-01
    4.6698558520E+04    2.9830987632E-01
    4.6712070830E+04    2.9171633652E-01
    4.6725583150E+04    2.8275108840E-01
    4.6739095460E+04    2.6979552282E-01
    4.6752607780E+04    2.5473681665E-01
    4.6766120090E+04    2.3534180649E-01
    4.6779632410E+04    2.1266841152E-01
    4.6793144720E+04    1.8931164166E-01
    4.6806657040E+04    1.6297055511E-01
    4.6820169350E+04    1.3763172681E-01
    4.6833681660E+04    1.1428282838E-01
    4.6847193980E+04    9.2133762151E-02
    4.6860706290E+04    7.3569883413E-02
    4.6874218610E+04    5.7995348598E-02
    4.6887730920E+04    4.5288921530E-02
    4.6901243240E+04    3.5284744137E-02
    4.6914755550E+04    2.7452873301E-02
    4.6928267870E+04    2.1435514220E-02
    4.6941780180E+04    1.6782845988E-02
    4.6955292490E+04    1.3243761611E-02
    4.6968804810E+04    1.0516505283E-02
    4.6982317120E+04    8.4038340098E-03
    4.6995829440E+04    6.7904836099E-03
    4.7009341750E+04    5.5145731207E-03
    4.7022854070E+04    4.5101347166E-03
    4.7036366380E+04    3.7212285506E-03
    4.7049878690E+04    3.0844615717E-03
    4.7063391010E+04    2.5778181406E-03
    4.7076903320E+04    2.1664985139E-03
    4.7090415640E+04    1.8272149586E-03
    4.7103927950E+04    1.5516209602E-03
    4.7117440270E+04    1.3221940670E-03
    4.7130952580E+04    1.1306172240E-03
    4.7144464900E+04    9.6848853261E-04
    4.7157977210E+04    8.3067488660E-04
    4.7171489520E+04    7.1405981664E-04
    4.7185001840E+04    6.1739308973E-04
    4.7198514150E+04    5.3532646333E-04
    4.7212026470E+04    4.6599996098E-04
    4.7225538780E+04    4.0720026408E-04
    4.7239051100E+04    3.5691841145E-04
    4.7252563410E+04    3.1637454711E-04
    4.7266075720E+04    2.8245354689E-04
    4.7279588040E+04    2.5506277822E-04
    4.7293100350E+04    2.3567039127E-04
    4.7306612670E+04    2.1958491255E-04
    4.7320124980E+04    2.0621680033E-04
    4.7333637300E+04    1.9253602484E-04
    4.7347149610E+04    1.7916077070E-04
    4.7360661930E+04    1.6779344858E-04
    4.7374174240E+04    1.5698447556E-04
    4.7387686550E+04    1.4670375794E-04
    4.7401198870E+04    1.3488702158E-04
    4.7414711180E+04    1.2343418445E-04
    4.7428223500E+04    1.1261728960E-04
    4.7441735810E+04    1.0218156346E-04
    4.7455248130E+04    9.2354864791E-05
    4.7468760440E+04    8.2319301617E-05
    4.7482272760E+04    7.3751574948E-05
    4.7495785070E+04    6.6704923695E-05
    4.7509297380E+04    6.0219386983E-05
    4.7522809700E+04    5.4498521069E-05
    4.7536322010E+04    4.9882778745E-05
    4.7549834330E+04    4.6776592905E-05
    4.7563346640E+04    4.4796486157E-05
    4.7576858960E+04    4.0739077468E-05
    4.7590371270E+04    3.5988473374E-05
    4.7603883580E+04    3.0066391943E-05
    4.7617395900E+04    2.5554872778E-05
    4.7630908210E+04    2.1822443674E-05
    4.7644420530E+04    1.7236951884E-05
    4.7657932840E+04    1.0380368528E-05
    4.7671445160E+04    6.7863285143E-06
    4.7684957470E+04    4.5523638605E-06
    4.7698469790E+04    3.1068939366E-06
    4.7711982100E+04    1.6937100342E-06
    4.7725494410E+04    1.1783355834E-07
    4.7739006730E+04    4.1823452488E-09
    4.7752519040E+04    3.8267644935E-09
    4.7766031360E+04    3.8225545583E-09
    4.7779543670E+04    3.8183351877E-09
    4.7793055990E+04    3.8141076045E-09
    4.7806568300E+04    4.3726085704E-09
    4.7820080610E+04    1.1522891138E-07
    4.7833592930E+04    1.1465638158E-06
    4.7847105240E+04    2.6872200807E-06
    4.7860617560E+04    5.7430150409E-06
    4.7874129870E+04    7.9712557741E-06
    4.7887642190E+04    9.2917950223E-06
    4.7901154500E+04    9.9113202424E-06
    4.7914666820E+04    9.5143061599E-06
    4.7928179130E+04    8.9949978699E-06
    4.7941691440E+04    8.8761125968E-06
    4.7955203760E+04    8.7220872308E-06
    4.7968716070E+04    7.9021207307E-06
    4.7982228390E+04    6.6788168855E-06
    4.7995740700E+04    6.3843022082E-06
    4.8009253020E+04    6.8394256661E-06
    4.8022765330E+04    7.9875272890E-06
    4.8036277640E+04    8.8325172125E-06
    4.8049789960E+04    9.6629372314E-06
    4.8063302270E+04    8.8465896866E-06
    4.8076814590E+04    7.5282798921E-06
    4.8090326900E+04    6.0289397996E-06
    4.8103839220E+04    5.2786129157E-06
    4.8117351530E+04    4.7781570346E-06
    4.8130863850E+04    4.4273950875E-06
    4.8144376160E+04    4.1249357529E-06
    4.8157888470E+04    3.3196439355E-06
    4.8171400790E+04    3.0939886209E-06
    4.8184913100E+04    2.9220328468E-06
    4.8198425420E+04    2.4270122392E-06
    4.8211937730E+04    1.5294451934E-06
    4.8225450050E+04    7.2357652675E-07
    4.8238962360E+04    3.4575781654E-08
    4.8252474680E+04    3.6898762673E-09
    4.8265986990E+04    3.6862326451E-09
    4.8279499300E+04    3.6825490386E-09
    4.8293011620E+04    3.6787808694E-09
    4.8306523930E+04    1.2623305231E-08
    4.8320036250E+04    7.0876768110E-08
    4.8333548560E+04    7.3619487328E-09
    4.8347060880E+04    3.6627399564E-09
    4.8360573190E+04    3.6585205878E-09
    4.8374085500E+04    1.3568158067E-08
    4.8387597820E+04    1.4794481658E-07
    4.8401110130E+04    5.6580761102E-07
    4.8414622450E+04    1.7887384293E-07
    4.8428134760E+04    5.3282534247E-09
    4.8441647080E+04    2.1080454491E-08
    4.8455159390E+04    4.4382466836E-07
    4.8468671710E+04    9.0461680022E-07
    4.8482184020E+04    1.4923065116E-06
    4.8495696330E+04    1.9448392949E-06
    4.8509208650E+04    2.7052775634E-06
    4.8522720960E+04    3.8935630090E-06
    4.8536233280E+04    4.6235139084E-06
    4.8549745590E+04    5.3088476136E-06
    4.8563257910E+04    5.3622471312E-06
    4.8576770220E+04    5.3180729434E-06
    4.8590282530E+04    5.2784571259E-06
    4.8603794850E+04    5.5070046561E-06
    4.8617307160E+04    5.7300618344E-06
    4.8630819480E+04    5.9580078001E-06
    4.8644331790E+04    5.5305177866E-06
    4.8657844110E+04    5.3911284678E-06
    4.8671356420E+04    4.1864080074E-06
    4.8684868740E+04    3.3513525508E-06
    4.8698381050E+04    2.0604361582E-06
    4.8711893360E+04    4.6790337841E-07
    4.8725405680E+04    5.4171320368E-08
    4.8738917990E+04    8.6031366675E-09
    4.8752430310E+04    3.4777167274E-09
    4.8765942620E+04    3.4721041721E-09
    4.8779454940E+04    3.4657509167E-09
    4.8792967250E+04    3.4564899438E-09
    4.8806479560E+04    3.4472233896E-09
    4.8819991880E+04    3.4380002608E-09
    4.8833504190E+04    3.4287974686E-09
    4.8847016510E+04    3.4196388490E-09
    4.8860528820E+04    3.4105723548E-09
    4.8874041140E+04    3.4015877336E-09
    4.8887553450E+04    3.3926785164E-09
    4.8901065770E+04    3.3838389296E-09
    4.8914578080E+04    3.3750762546E-09
    4.8928090390E+04    3.3664428309E-09
    4.8941602710E+04    3.3579204952E-09
    4.8955115020E+04    3.3495022127E-09
    4.8968627340E+04    3.3411756491E-09
    4.8982139650E+04    3.3329683650E-09
    4.8995651970E+04    3.3249026236E-09
    4.9009164280E+04    3.3169564806E-09
    4.9022676600E+04    3.3091191574E-09
    4.9036188910E+04    3.3013781678E-09
    4.9049701220E+04    3.2937606886E-09
    4.9063213540E+04    3.2862587547E-09
    4.9076725850E+04    3.2788493913E-09
    4.9090238170E+04    3.2714862015E-09
    4.9103750480E+04    3.2641512417E-09
    4.9117262800E+04    3.2568639915E-09
    4.9130775110E+04    3.2495917093E-09
    4.9144287420E+04    3.2422991267E-09
    4.9157799740E+04    3.2349190827E-09
    4.9171312050E+04    7.3834627864E-09
    4.9184824370E+04    2.6477084335E-07
    4.9198336680E+04    1.0580346923E-06
    4.9211849000E+04    1.2786961974E-06
    4.9225361310E+04    9.9401632253E-07
    4.9238873630E+04    8.3628916004E-07
    4.9252385940E+04    1.0102800170E-06
    4.9265898250E+04    1.2963116520E-06
    4.9279410570E+04    1.7712758410E-06
    4.9292922880E+04    2.1111346873E-06
    4.9306435200E+04    2.3903928853E-06
    4.9319947510E+04    1.9791581404E-06
    4.9333459830E+04    1.2064640305E-06
    4.9346972140E+04    3.4393603122E-07
    4.9360484450E+04    8.5625170693E-08
    4.9373996770E+04    2.0115283654E-08
    4.9387509080E+04    7.6457982935E-08
    4.9401021400E+04    4.1604254634E-07
    4.9414533710E+04    1.3352084878E-08
    4.9428046030E+04    3.0065597700E-09
    4.9441558340E+04    2.9864211518E-09
    4.9455070660E+04    8.1173639695E-09
    4.9468582970E+04    1.4251347234E-07
    4.9482095280E+04    4.5962858042E-07
    4.9495607600E+04    9.5503924672E-07
    4.9509119910E+04    1.0314542395E-06
    4.9522632230E+04    9.8312844130E-07
    4.9536144540E+04    7.3501225614E-07
    4.9549656860E+04    7.3575100777E-08
    4.9563169170E+04    3.5232943381E-09
    4.9576681480E+04    2.7135824735E-09
    4.9590193800E+04    2.6788457129E-09
    4.9603706110E+04    2.6428256739E-09
    4.9617218430E+04    2.6056145399E-09
    4.9630730740E+04    2.5670976980E-09
    4.9644243060E+04    2.5275544356E-09
    4.9657755370E+04    2.4868097925E-09
    4.9671267690E+04    2.4451833922E-09
    4.9684780000E+04    2.4025966362E-09
    4.9698292310E+04    2.3591727367E-09
    4.9711804630E+04    2.3150592446E-09
    4.9725316940E+04    2.2702235583E-09
    4.9738829260E+04    2.2249443351E-09
    4.9752341570E+04    2.1790755947E-09
    4.9765853890E+04    2.1329158532E-09
    4.9779366200E+04    2.0864114727E-09
    4.9792878520E+04    2.0397502353E-09
    4.9806390830E+04    1.9930182880E-09
    4.9819903140E+04    1.9462569088E-09
    4.9833415460E+04    1.8996368398E-09
    4.9846927770E+04    1.8530941360E-09
    4.9860440090E+04    1.8068868798E-09
    4.9873952400E+04    1.7609716017E-09
    4.9887464720E+04    1.7155018117E-09
    4.9900977030E+04    1.6704892416E-09
    4.9914489340E+04    1.6259895352E-09
    4.9928001660E+04    1.5820999522E-09
    4.9941513970E+04    1.5388180399E-09
    4.9955026290E+04    1.4962739697E-09
    4.9968538600E+04    1.4544008995E-09
    4.9982050920E+04    1.4132908528E-09
    4.9995563230E+04    1.3729261354E-09
    5.0009075550E+04    1.3334889692E-09
    5.0022587860E+04    1.2949111791E-09
    5.0036100170E+04    1.2571092202E-09
    5.0049612490E+04    1.2201116262E-09
    5.0063124800E+04    1.1838738203E-09
    5.0076637120E+04    1.1484628042E-09
    5.0090149430E+04    1.1150386222E-09
    5.0103661750E+04    1.0811591623E-09
    5.0117174060E+04    1.0480406904E-09
    5.0130686370E+04    1.0156749820E-09
    5.0144198690E+04    9.8406252578E-10
    5.0157711000E+04    9.5316840228E-10
    5.0171223320E+04    9.2300534009E-10
    5.0184735630E+04    8.9351354548E-10
    5.0198247950E+04    8.6471983540E-10
    5.0211760260E+04    8.3657359405E-10
    5.0225272580E+04    8.0908640282E-10
    5.0238784890E+04    8.5893761098E-10
    5.0252297200E+04    1.1318198701E-08
    5.0265809520E+04    1.5689829527E-07
    5.0279321830E+04    2.6920389475E-07
    5.0292834150E+04    3.6040861522E-07
    5.0306346460E+04    3.6360503874E-07
    5.0319858780E+04    2.3813441571E-08
    5.0333371090E+04    7.7653516292E-10
    5.0346883410E+04    5.8746108617E-10
    5.0360395720E+04    5.6541433831E-10
    5.0373908030E+04    5.4385201497E-10
    5.0387420350E+04    5.2277270373E-10
    5.0400932660E+04    5.0214859284E-10
    5.0414444980E+04    4.8201578163E-10
    5.0427957290E+04    4.6232601953E-10
    5.0441469610E+04    4.4314145008E-10
    5.0454981920E+04    4.2440294337E-10
    5.0468494230E+04    2.6291547640E-09
    5.0482006550E+04    8.3792374621E-08
    5.0495518860E+04    2.5720636897E-08
    5.0509031180E+04    6.0179826387E-09
    5.0522543490E+04    7.6060057410E-10
    5.0536055810E+04    3.2205526888E-10
    5.0549568120E+04    3.0667913534E-10
    5.0563080440E+04    2.9181842657E-10
    5.0576592750E+04    2.7743645133E-10
    5.0590105060E+04    2.6356839911E-10
    5.0603617380E+04    2.5018237734E-10
    5.0617129690E+04    2.3729641548E-10
    5.0630642010E+04    2.2490292614E-10
    5.0644154320E+04    2.1306323405E-10
    5.0657666640E+04    2.0170614156E-10
    5.0671178950E+04    1.9081620074E-10
    5.0684691260E+04    1.8040058603E-10
    5.0698203580E+04    1.7043585089E-10
    5.0711715890E+04    1.6093450134E-10
    5.0725228210E+04    1.5187294682E-10
    5.0738740520E+04    1.4325297184E-10
    5.0752252840E+04    1.3505403039E-10
    5.0765765150E+04    1.2726980687E-10
    5.0779277470E+04    1.2000706217E-10
    5.0792789780E+04    1.1301327468E-10
    5.0806302090E+04    1.0638608321E-10
    5.0819814410E+04    1.0011732428E-10
    5.0833326720E+04    9.4194405520E-11
    5.0846839040E+04    8.8598637715E-11
    5.0860351350E+04    8.3319741467E-11
    5.0873863670E+04    7.8340286971E-11
    5.0887375980E+04    7.3648382693E-11
    5.0900888290E+04    6.9228517520E-11
    5.0914400610E+04    6.5067925754E-11
    5.0927912920E+04    6.1154716206E-11
    5.0941425240E+04    5.7476221241E-11
    5.0954937550E+04    6.1155895172E-11
    5.0968449870E+04    9.6218428816E-10
    5.0981962180E+04    1.5947291258E-08
    5.0995474500E+04    2.3227042832E-08
