###   Wavelength (A)        Transmission
    2.0004663860E+04    1.2651748886E-15
    2.0020744780E+04    7.8741044318E-16
    2.0036825700E+04    7.2020007112E-16
    2.0052906620E+04    7.0637869020E-16
    2.0068987540E+04    8.0299113689E-16
    2.0085068460E+04    6.3188736893E-16
    2.0101149380E+04    9.0655124943E-16
    2.0117230300E+04    6.1368928578E-16
    2.0133311220E+04    2.6125703808E-16
    2.0149392140E+04    2.8710820383E-16
    2.0165473060E+04    9.1843137334E-16
    2.0181553980E+04    6.9516403107E-16
    2.0197634900E+04    2.5226788251E-16
    2.0213715820E+04    2.1784791291E-16
    2.0229796740E+04    2.3370299233E-16
    2.0245877660E+04    3.4908599803E-16
    2.0261958580E+04    5.1398161278E-16
    2.0278039490E+04    4.7579245541E-16
    2.0294120410E+04    3.0474767750E-16
    2.0310201330E+04    1.7910282808E-16
    2.0326282250E+04    4.9155434229E-17
    2.0342363170E+04    7.9025775929E-17
    2.0358444090E+04    1.9303335986E-16
    2.0374525010E+04    2.1404372558E-16
    2.0390605930E+04    1.9154674654E-16
    2.0406686850E+04    3.1770583660E-16
    2.0422767770E+04    3.3204389361E-16
    2.0438848690E+04    2.8166816522E-16
    2.0454929610E+04    2.3826030649E-16
    2.0471010530E+04    2.5130567956E-16
    2.0487091450E+04    3.0352120116E-16
    2.0503172370E+04    4.4041385836E-16
    2.0519253290E+04    5.5553625527E-16
    2.0535334210E+04    5.2320011311E-16
    2.0551415130E+04    5.4105761906E-16
    2.0567496050E+04    6.9547849635E-16
    2.0583576970E+04    8.6653918098E-16
    2.0599657880E+04    1.0088064741E-15
    2.0615738800E+04    1.0177953726E-15
    2.0631819720E+04    1.0250472644E-15
    2.0647900640E+04    1.0190372195E-15
    2.0663981560E+04    1.0217623117E-15
    2.0680062480E+04    1.0810662563E-15
    2.0696143400E+04    1.1122144728E-15
    2.0712224320E+04    7.7815328486E-16
    2.0728305240E+04    5.3946491342E-16
    2.0744386160E+04    5.1979487494E-16
    2.0760467080E+04    9.0887521094E-16
    2.0776548000E+04    1.3787107331E-15
    2.0792628920E+04    1.2578653428E-15
    2.0808709840E+04    1.6354357233E-15
    2.0824790760E+04    2.2851161444E-15
    2.0840871680E+04    2.8955832856E-15
    2.0856952600E+04    2.3507287825E-15
    2.0873033520E+04    2.0435896379E-15
    2.0889114440E+04    1.8001721664E-15
    2.0905195360E+04    4.3810693227E-15
    2.0921276270E+04    5.6603978683E-15
    2.0937357190E+04    8.8543699009E-15
    2.0953438110E+04    5.2781740819E-15
    2.0969519030E+04    5.9327796081E-15
    2.0985599950E+04    6.5594630392E-15
    2.1001680870E+04    9.9615269042E-15
    2.1017761790E+04    8.5222984646E-15
    2.1033842710E+04    6.4966784054E-15
    2.1049923630E+04    8.0949460082E-15
    2.1066004550E+04    1.2345962737E-14
    2.1082085470E+04    2.8315922116E-15
    2.1098166390E+04    1.4504388660E-16
    2.1114247310E+04    1.1155806452E-16
    2.1130328230E+04    1.9110342839E-15
    2.1146409150E+04    1.1738765420E-14
    2.1162490070E+04    8.7873890616E-15
    2.1178570990E+04    7.4708212771E-15
    2.1194651910E+04    3.4959420599E-15
    2.1210732830E+04    1.6267659261E-15
    2.1226813750E+04    5.5723723282E-15
    2.1242894660E+04    2.5913535981E-14
    2.1258975580E+04    2.4602721042E-15
    2.1275056500E+04    1.0690186780E-16
    2.1291137420E+04    2.6881623874E-16
    2.1307218340E+04    4.9351344920E-15
    2.1323299260E+04    1.2987913288E-14
    2.1339380180E+04    7.9740368828E-15
    2.1355461100E+04    7.0829246677E-15
    2.1371542020E+04    1.0720693363E-14
    2.1387622940E+04    2.1203464431E-14
    2.1403703860E+04    1.8444374323E-14
    2.1419784780E+04    1.8287600943E-14
    2.1435865700E+04    1.3132422102E-14
    2.1451946620E+04    1.2160228330E-14
    2.1468027540E+04    1.4495961817E-14
    2.1484108460E+04    2.0939338452E-14
    2.1500189380E+04    1.4615030156E-14
    2.1516270300E+04    9.0460664641E-15
    2.1532351220E+04    8.8651458361E-15
    2.1548432140E+04    1.5203372956E-14
    2.1564513050E+04    3.3320760852E-14
    2.1580593970E+04    1.6336410503E-14
    2.1596674890E+04    9.6621189017E-15
    2.1612755810E+04    9.2403978015E-15
    2.1628836730E+04    1.1558869390E-14
    2.1644917650E+04    1.2308491137E-14
    2.1660998570E+04    8.8050138483E-15
    2.1677079490E+04    7.6105028951E-15
    2.1693160410E+04    8.6705626113E-15
    2.1709241330E+04    1.0356649706E-14
    2.1725322250E+04    1.5390079138E-14
    2.1741403170E+04    3.0312600638E-14
    2.1757484090E+04    2.2680444147E-14
    2.1773565010E+04    1.5586371134E-14
    2.1789645930E+04    2.0394259443E-14
    2.1805726850E+04    3.8567433812E-14
    2.1821807770E+04    3.0092651366E-14
    2.1837888690E+04    9.5314612615E-15
    2.1853969610E+04    4.5322409359E-15
    2.1870050530E+04    4.9395486337E-15
    2.1886131450E+04    1.4709977313E-14
    2.1902212360E+04    1.4932960227E-14
    2.1918293280E+04    1.2391269840E-14
    2.1934374200E+04    1.1254490360E-14
    2.1950455120E+04    1.1814564007E-14
    2.1966536040E+04    2.3495171692E-14
    2.1982616960E+04    3.1792113973E-14
    2.1998697880E+04    4.5150763761E-14
    2.2014778800E+04    3.3438765643E-14
    2.2030859720E+04    2.7840749956E-14
    2.2046940640E+04    3.3310797107E-14
    2.2063021560E+04    5.1515668290E-14
    2.2079102480E+04    5.0711497110E-14
    2.2095183400E+04    1.4686226174E-14
    2.2111264320E+04    9.7479482743E-15
    2.2127345240E+04    2.7028083244E-14
    2.2143426160E+04    9.6400754672E-14
    2.2159507080E+04    1.4509788032E-13
    2.2175588000E+04    1.3087886852E-13
    2.2191668920E+04    1.2809818801E-13
    2.2207749840E+04    1.3001506379E-13
    2.2223830750E+04    2.1221660180E-13
    2.2239911670E+04    2.5055547206E-13
    2.2255992590E+04    2.7668959771E-13
    2.2272073510E+04    2.7987312157E-13
    2.2288154430E+04    2.3793349563E-13
    2.2304235350E+04    2.1008291213E-13
    2.2320316270E+04    2.7431418623E-13
    2.2336397190E+04    3.7799624448E-13
    2.2352478110E+04    2.0804611971E-13
    2.2368559030E+04    1.0915269033E-13
    2.2384639950E+04    8.6778175623E-14
    2.2400720870E+04    1.5007092648E-13
    2.2416801790E+04    5.1931864444E-13
    2.2432882710E+04    1.8123159922E-13
    2.2448963630E+04    1.2920441534E-13
    2.2465044550E+04    1.7070754981E-13
    2.2481125470E+04    3.6875312491E-13
    2.2497206390E+04    1.1890213870E-12
    2.2513287310E+04    1.3290513159E-12
    2.2529368230E+04    1.6835220325E-12
    2.2545449140E+04    1.6839707869E-12
    2.2561530060E+04    1.5559370871E-12
    2.2577610980E+04    1.5026987879E-12
    2.2593691900E+04    1.6059557463E-12
    2.2609772820E+04    1.8014170359E-12
    2.2625853740E+04    2.3960167407E-13
    2.2641934660E+04    2.1361315300E-14
    2.2658015580E+04    1.4177197179E-14
    2.2674096500E+04    2.5977772699E-13
    2.2690177420E+04    4.7786127512E-12
    2.2706258340E+04    2.9614835943E-12
    2.2722339260E+04    1.7739858812E-12
    2.2738420180E+04    1.8488528699E-12
    2.2754501100E+04    3.2022545504E-12
    2.2770582020E+04    5.7292593560E-12
    2.2786662940E+04    3.3207931538E-12
    2.2802743860E+04    2.8786206244E-12
    2.2818824780E+04    2.4195361746E-12
    2.2834905700E+04    1.8403881752E-12
    2.2850986620E+04    1.4033657020E-12
    2.2867067530E+04    9.7259369714E-13
    2.2883148450E+04    1.1040309916E-12
    2.2899229370E+04    7.9614654850E-13
    2.2915310290E+04    8.4434277704E-14
    2.2931391210E+04    1.2864629687E-14
    2.2947472130E+04    5.9962881368E-14
    2.2963553050E+04    7.4008290900E-13
    2.2979633970E+04    1.1181828089E-12
    2.2995714890E+04    1.0580638982E-13
    2.3011795810E+04    2.0806031799E-14
    2.3027876730E+04    1.8810318585E-13
    2.3043957650E+04    2.8200635437E-12
    2.3060038570E+04    1.2951260727E-11
    2.3076119490E+04    8.7911421969E-12
    2.3092200410E+04    6.7447714025E-12
    2.3108281330E+04    1.1581508866E-12
    2.3124362250E+04    3.5731504354E-12
    2.3140443170E+04    2.8132744086E-11
    2.3156524090E+04    3.4561256955E-11
    2.3172605010E+04    4.2896778855E-11
    2.3188685920E+04    8.1144849720E-12
    2.3204766840E+04    7.1814654723E-13
    2.3220847760E+04    1.6734698984E-13
    2.3236928680E+04    2.7409831550E-12
    2.3253009600E+04    4.6968456883E-11
    2.3269090520E+04    1.0859517340E-10
    2.3285171440E+04    4.7108287704E-11
    2.3301252360E+04    2.0854179499E-11
    2.3317333280E+04    6.2002861495E-11
    2.3333414200E+04    2.1125190330E-10
    2.3349495120E+04    5.4210200560E-10
    2.3365576040E+04    7.1045513380E-10
    2.3381656960E+04    9.3881337297E-10
    2.3397737880E+04    1.3201612486E-09
    2.3413818800E+04    1.8913845850E-09
    2.3429899720E+04    2.6514837425E-09
    2.3445980640E+04    3.1267893253E-09
    2.3462061560E+04    3.6661150415E-09
    2.3478142480E+04    4.1421155966E-09
    2.3494223400E+04    4.5170858617E-09
    2.3510304310E+04    4.9398725298E-09
    2.3526385230E+04    5.3589930773E-09
    2.3542466150E+04    5.8324124592E-09
    2.3558547070E+04    6.2252807522E-09
    2.3574627990E+04    6.0607634524E-09
    2.3590708910E+04    5.9174581618E-09
    2.3606789830E+04    5.8870517960E-09
    2.3622870750E+04    5.9295127740E-09
    2.3638951670E+04    5.9815404127E-09
    2.3655032590E+04    5.4249695575E-09
    2.3671113510E+04    4.8188555963E-09
    2.3687194430E+04    4.2619943598E-09
    2.3703275350E+04    3.7489574727E-09
    2.3719356270E+04    3.2758492778E-09
    2.3735437190E+04    2.5687756412E-09
    2.3751518110E+04    1.7982873979E-09
    2.3767599030E+04    1.2601012194E-09
    2.3783679950E+04    6.7969798657E-10
    2.3799760870E+04    4.4209099181E-10
    2.3815841790E+04    3.1486048408E-10
    2.3831922710E+04    2.9377278191E-10
    2.3848003620E+04    2.7492524465E-10
    2.3864084540E+04    1.4842213639E-10
    2.3880165460E+04    6.9852256984E-11
    2.3896246380E+04    5.3125383547E-11
    2.3912327300E+04    7.5814416061E-11
    2.3928408220E+04    1.6572497611E-10
    2.3944489140E+04    5.9750496359E-10
    2.3960570060E+04    6.4962882212E-11
    2.3976650980E+04    4.5817027194E-12
    2.3992731900E+04    7.0511291584E-13
    2.4008812820E+04    8.1541191278E-12
    2.4024893740E+04    9.5036439755E-11
    2.4040974660E+04    3.3076833779E-10
    2.4057055580E+04    2.1190735787E-10
    2.4073136500E+04    1.4634538665E-10
    2.4089217420E+04    1.5515201446E-10
    2.4105298340E+04    2.1206328716E-10
    2.4121379260E+04    2.8990950952E-10
    2.4137460180E+04    2.8566337705E-10
    2.4153541100E+04    2.7341561304E-10
    2.4169622010E+04    2.8648623252E-10
    2.4185702930E+04    9.7361595739E-11
    2.4201783850E+04    4.5838524307E-11
    2.4217864770E+04    3.5671350277E-11
    2.4233945690E+04    9.5336941383E-11
    2.4250026610E+04    3.0575045258E-10
    2.4266107530E+04    5.2428696425E-10
    2.4282188450E+04    3.2591457709E-10
    2.4298269370E+04    2.1782394908E-10
    2.4314350290E+04    2.2666349314E-10
    2.4330431210E+04    3.1950248470E-10
    2.4346512130E+04    5.7686402639E-10
    2.4362593050E+04    2.9993034575E-10
    2.4378673970E+04    1.5484272686E-10
    2.4394754890E+04    9.4901809884E-11
    2.4410835810E+04    1.1958502510E-10
    2.4426916730E+04    1.6908470998E-10
    2.4442997650E+04    3.2012540517E-10
    2.4459078570E+04    3.3461112033E-10
    2.4475159490E+04    3.5630108784E-10
    2.4491240400E+04    2.8414594902E-10
    2.4507321320E+04    1.2371633449E-10
    2.4523402240E+04    7.1894823526E-11
    2.4539483160E+04    6.0243698120E-11
    2.4555564080E+04    9.0555613589E-11
    2.4571645000E+04    1.5181052086E-10
    2.4587725920E+04    7.7670795358E-11
    2.4603806840E+04    7.9404113212E-12
    2.4619887760E+04    9.4860626419E-13
    2.4635968680E+04    1.2546325929E-12
    2.4652049600E+04    1.0821249952E-11
    2.4668130520E+04    1.0484354222E-10
    2.4684211440E+04    1.4277739924E-10
    2.4700292360E+04    9.5969865169E-11
    2.4716373280E+04    7.1199586705E-11
    2.4732454200E+04    9.0037319292E-11
    2.4748535120E+04    1.4412352282E-10
    2.4764616040E+04    3.2745701784E-10
    2.4780696960E+04    3.2316773040E-10
    2.4796777880E+04    2.5526209588E-10
    2.4812858790E+04    2.1479846130E-10
    2.4828939710E+04    2.0179232391E-10
    2.4845020630E+04    2.1849908777E-10
    2.4861101550E+04    2.4962834374E-10
    2.4877182470E+04    3.0942470274E-10
    2.4893263390E+04    3.9638728165E-10
    2.4909344310E+04    5.7966311419E-10
    2.4925425230E+04    2.7634546377E-10
    2.4941506150E+04    6.1070287825E-09
    2.4957587070E+04    3.9015523300E-09
    2.4973667990E+04    6.3657752363E-09
    2.4989748910E+04    1.1506139815E-08
    2.4997781620E+04    3.1681682809E-08
    2.5005829830E+04    2.1926297942E-08
    2.5011293930E+04    1.8112700512E-08
    2.5021910750E+04    1.9981299053E-08
    2.5024806240E+04    1.5690234866E-08
    2.5038318560E+04    2.3245331710E-08
    2.5051830870E+04    4.1864169109E-09
    2.5065343190E+04    9.6357254049E-10
    2.5078855500E+04    6.4241013465E-10
    2.5092367820E+04    1.9323734754E-09
    2.5105880130E+04    4.3240540140E-09
    2.5119392440E+04    3.2238560391E-09
    2.5132904760E+04    3.0738221406E-10
    2.5146417070E+04    1.9562988934E-10
    2.5159929390E+04    1.8728047958E-09
    2.5173441700E+04    2.3909678034E-09
    2.5186954020E+04    1.3870235519E-09
    2.5200466330E+04    1.3594982133E-09
    2.5213978650E+04    9.8683179544E-10
    2.5227490960E+04    1.0042926932E-09
    2.5241003270E+04    1.4025229305E-10
    2.5254515590E+04    2.9980040514E-10
    2.5268027900E+04    3.1262787600E-10
    2.5281540220E+04    2.5286224707E-10
    2.5295052530E+04    2.1049778861E-10
    2.5308564850E+04    7.1003717961E-10
    2.5322077160E+04    2.1445413953E-10
    2.5335589480E+04    4.6651545095E-10
    2.5349101790E+04    2.4607221187E-10
    2.5362614100E+04    1.2864190041E-10
    2.5376126420E+04    4.9823116422E-10
    2.5389638730E+04    1.0219368581E-10
    2.5403151050E+04    2.3279967334E-11
    2.5416663360E+04    1.2992977555E-10
    2.5430175680E+04    3.1168799529E-11
    2.5443687990E+04    5.2212499850E-11
    2.5457200300E+04    3.8441201234E-11
    2.5470712620E+04    6.9610052049E-11
    2.5484224930E+04    4.8030550789E-12
    2.5497737250E+04    1.0877119960E-10
    2.5511249560E+04    1.7689243851E-11
    2.5524761880E+04    5.8356226409E-12
    2.5538274190E+04    1.5936801308E-11
    2.5551786510E+04    7.2713733925E-11
    2.5565298820E+04    8.1493068120E-11
    2.5578811130E+04    5.0465167054E-11
    2.5592323450E+04    4.4897444224E-11
    2.5605835760E+04    2.2405595987E-11
    2.5619348080E+04    1.9101673333E-12
    2.5632860390E+04    3.5348751087E-12
    2.5646372710E+04    9.1420010510E-12
    2.5659885020E+04    1.5806796247E-11
    2.5673397330E+04    2.1524903129E-11
    2.5686909650E+04    1.3669922154E-11
    2.5700421960E+04    7.0991059177E-13
    2.5713934280E+04    8.9736551768E-12
    2.5727446590E+04    1.0684133859E-11
    2.5740958910E+04    9.8842186502E-12
    2.5754471220E+04    1.3919054211E-11
    2.5767983540E+04    1.1936418726E-11
    2.5781495850E+04    1.8646495590E-11
    2.5795008160E+04    2.8576770461E-11
    2.5808520480E+04    1.4252383202E-11
    2.5822032790E+04    1.7545192429E-11
    2.5835545110E+04    2.7866543648E-12
    2.5849057420E+04    1.0536979827E-11
    2.5862569740E+04    2.6370188751E-11
    2.5876082050E+04    1.7542697404E-11
    2.5889594370E+04    1.5914701252E-11
    2.5903106680E+04    3.5288649185E-11
    2.5916618990E+04    1.6311683643E-11
    2.5930131310E+04    1.1100893249E-11
    2.5943643620E+04    7.0605026721E-12
    2.5957155940E+04    1.7751488416E-11
    2.5970668250E+04    6.0949742435E-13
    2.5984180570E+04    2.9348897729E-13
    2.5997692880E+04    1.4711068711E-11
    2.6011205190E+04    2.7949911218E-11
    2.6024717510E+04    1.7057128226E-11
    2.6038229820E+04    5.4510295712E-12
    2.6051742140E+04    1.3838835776E-11
    2.6065254450E+04    1.8068219698E-11
    2.6078766770E+04    8.7855514839E-12
    2.6092279080E+04    1.1258448725E-11
    2.6105791400E+04    2.1244550397E-11
    2.6119303710E+04    3.8586794001E-11
    2.6132816020E+04    1.7841067175E-11
    2.6146328340E+04    2.0415583337E-11
    2.6159840650E+04    2.7594912546E-12
    2.6173352970E+04    2.1736191984E-12
    2.6186865280E+04    8.1155425297E-12
    2.6200377600E+04    1.5584250670E-11
    2.6213889910E+04    1.5435903668E-11
    2.6227402220E+04    1.7450543359E-11
    2.6240914540E+04    1.0852190555E-11
    2.6254426850E+04    1.7597321522E-11
    2.6267939170E+04    1.5350963752E-11
    2.6281451480E+04    8.3865629361E-12
    2.6294963800E+04    7.9184470370E-14
    2.6308476110E+04    3.8926923933E-13
    2.6321988430E+04    7.7821158554E-12
    2.6335500740E+04    1.1095004276E-11
    2.6349013050E+04    4.9282450246E-12
    2.6362525370E+04    4.3145922708E-12
    2.6376037680E+04    8.8471721417E-12
    2.6389550000E+04    1.0750445066E-11
    2.6403062310E+04    9.1430680423E-12
    2.6416574630E+04    4.2152545181E-12
    2.6430086940E+04    7.1137275405E-12
    2.6443599250E+04    1.2369477390E-11
    2.6457111570E+04    1.9155689017E-11
    2.6470623880E+04    1.6191464864E-11
    2.6484136200E+04    4.2834712233E-12
    2.6497648510E+04    5.0371304159E-12
    2.6511160830E+04    9.2200008935E-12
    2.6524673140E+04    5.5255153010E-12
    2.6538185460E+04    1.2432420157E-11
    2.6551697770E+04    2.1812159608E-11
    2.6565210080E+04    1.5777080972E-11
    2.6578722400E+04    2.0522968479E-11
    2.6592234710E+04    1.7055294040E-11
    2.6605747030E+04    1.1866396676E-11
    2.6619259340E+04    1.5121000484E-11
    2.6632771660E+04    3.1472574123E-11
    2.6646283970E+04    2.4243515287E-11
    2.6659796290E+04    7.3364149043E-12
    2.6673308600E+04    1.5115653497E-11
    2.6686820910E+04    1.9223189234E-11
    2.6700333230E+04    1.3821182023E-11
    2.6713845540E+04    7.0880661871E-12
    2.6727357860E+04    3.7327843077E-12
    2.6740870170E+04    1.2125576721E-11
    2.6754382490E+04    1.7008617851E-11
    2.6767894800E+04    1.4344429985E-11
    2.6781407110E+04    1.1546618511E-12
    2.6794919430E+04    6.1086799519E-12
    2.6808431740E+04    2.8057227994E-12
    2.6821944060E+04    9.7754670340E-13
    2.6835456370E+04    7.1879542418E-12
    2.6848968690E+04    1.3002082949E-11
    2.6862481000E+04    1.2053149555E-11
    2.6875993320E+04    1.5449385615E-12
    2.6889505630E+04    1.1985673132E-11
    2.6903017940E+04    1.3547230325E-11
    2.6916530260E+04    4.4031548257E-12
    2.6930042570E+04    4.2512855840E-12
    2.6943554890E+04    5.5748461840E-12
    2.6957067200E+04    5.0975084009E-12
    2.6970579520E+04    5.4601197334E-12
    2.6984091830E+04    6.6077970626E-12
    2.6997604140E+04    3.1163043422E-12
    2.7011116460E+04    1.0052944654E-12
    2.7024628770E+04    1.5505477168E-12
    2.7038141090E+04    3.4422610948E-12
    2.7051653400E+04    5.7951389082E-12
    2.7065165720E+04    2.3229103710E-14
    2.7078678030E+04    3.5442940615E-13
    2.7092190350E+04    4.0274755566E-14
    2.7105702660E+04    6.1433561946E-14
    2.7119214970E+04    4.8218756839E-12
    2.7132727290E+04    4.8623823931E-12
    2.7146239600E+04    3.0427113346E-12
    2.7159751920E+04    3.7491220732E-12
    2.7173264230E+04    2.7006630376E-12
    2.7186776550E+04    1.0433231062E-14
    2.7200288860E+04    1.3329126055E-14
    2.7213801170E+04    7.3159959382E-13
    2.7227313490E+04    8.4641515555E-12
    2.7240825800E+04    3.4850440875E-12
    2.7254338120E+04    8.4092536558E-12
    2.7267850430E+04    5.0530936191E-12
    2.7281362750E+04    1.1528092097E-11
    2.7294875060E+04    2.3621568022E-12
    2.7308387380E+04    3.7921145316E-12
    2.7321899690E+04    9.4746708011E-12
    2.7335412000E+04    9.6304832470E-12
    2.7348924320E+04    3.6400561870E-12
    2.7362436630E+04    2.3649593916E-12
    2.7375948950E+04    2.5444938623E-12
    2.7389461260E+04    6.2745943390E-12
    2.7402973580E+04    9.1500620044E-12
    2.7416485890E+04    1.7691619150E-14
    2.7429998210E+04    6.8729168706E-12
    2.7443510520E+04    6.4532413485E-12
    2.7457022830E+04    1.5842188704E-13
    2.7470535150E+04    1.9015170191E-13
    2.7484047460E+04    1.5535815537E-11
    2.7497559780E+04    7.2611000780E-12
    2.7511072090E+04    2.4726330737E-14
    2.7524584410E+04    6.3134641008E-12
    2.7538096720E+04    6.1518307247E-12
    2.7551609030E+04    4.4518073198E-12
    2.7565121350E+04    2.1556479280E-12
    2.7578633660E+04    7.2635826515E-13
    2.7592145980E+04    5.8146995151E-12
    2.7605658290E+04    4.7030379464E-12
    2.7619170610E+04    5.9784485649E-12
    2.7632682920E+04    5.8708839070E-12
    2.7646195240E+04    8.5311401977E-12
    2.7659707550E+04    2.4859974811E-12
    2.7673219860E+04    2.8344497739E-12
    2.7686732180E+04    3.1620015176E-12
    2.7700244490E+04    8.3571288909E-12
    2.7713756810E+04    1.1315415637E-11
    2.7727269120E+04    9.7326317969E-12
    2.7740781440E+04    1.2235651593E-11
    2.7754293750E+04    8.1516569955E-12
    2.7767806060E+04    1.7121666331E-11
    2.7781318380E+04    8.7806574446E-12
    2.7794830690E+04    2.0843857111E-12
    2.7808343010E+04    5.5736422230E-13
    2.7821855320E+04    8.3789809205E-12
    2.7835367640E+04    5.6330777308E-12
    2.7848879950E+04    1.1467720454E-13
    2.7862392270E+04    1.1559595929E-12
    2.7875904580E+04    5.2760820505E-12
    2.7889416890E+04    1.3767830088E-11
    2.7902929210E+04    5.6641401059E-12
    2.7916441520E+04    3.1270611387E-12
    2.7929953840E+04    1.6833523253E-13
    2.7943466150E+04    1.0103460272E-12
    2.7956978470E+04    2.4356882093E-12
    2.7970490780E+04    1.2517015917E-12
    2.7984003090E+04    1.9808924913E-14
    2.7997515410E+04    1.9828541486E-12
    2.8011027720E+04    6.9368684363E-12
    2.8024540040E+04    1.0491385763E-11
    2.8038052350E+04    1.5575209595E-11
    2.8051564670E+04    1.1276214981E-11
    2.8065076980E+04    1.3716325581E-11
    2.8078589300E+04    2.1425361743E-11
    2.8092101610E+04    1.2065424634E-11
    2.8105613920E+04    5.9023363749E-12
    2.8119126240E+04    6.5470392286E-14
    2.8132638550E+04    1.1243523330E-11
    2.8146150870E+04    2.3532769354E-14
    2.8159663180E+04    5.7426560022E-13
    2.8173175500E+04    9.9452705391E-12
    2.8186687810E+04    1.0196952589E-11
    2.8200200130E+04    6.8534693423E-12
    2.8213712440E+04    3.7060549663E-14
    2.8227224750E+04    3.0775927183E-12
    2.8240737070E+04    1.0187391210E-12
    2.8254249380E+04    2.3895907352E-12
    2.8267761700E+04    1.4410123457E-11
    2.8281274010E+04    2.9113750713E-12
    2.8294786330E+04    2.3250080267E-12
    2.8308298640E+04    8.4203748650E-13
    2.8321810950E+04    3.4522381325E-13
    2.8335323270E+04    7.1888352764E-13
    2.8348835580E+04    1.8313333169E-13
    2.8362347900E+04    1.5672053321E-12
    2.8375860210E+04    3.4896003427E-13
    2.8389372530E+04    4.7746789852E-15
    2.8402884840E+04    5.6603898035E-15
    2.8416397160E+04    7.0599671075E-15
    2.8429909470E+04    2.6724814147E-13
    2.8443421780E+04    5.9272310685E-14
    2.8456934100E+04    2.8077151813E-14
    2.8470446410E+04    8.0317676487E-12
    2.8483958730E+04    3.4511840046E-12
    2.8497471040E+04    1.2053651603E-12
    2.8510983360E+04    2.1408972883E-12
    2.8524495670E+04    1.1353044142E-11
    2.8538007980E+04    6.9445819835E-12
    2.8551520300E+04    4.7559178794E-12
    2.8565032610E+04    3.4844487134E-12
    2.8578544930E+04    3.2915131785E-12
    2.8592057240E+04    3.0255117784E-14
    2.8605569560E+04    3.7666550761E-15
    2.8619081870E+04    2.2524499696E-15
    2.8632594190E+04    3.5198029472E-13
    2.8646106500E+04    5.3953762189E-13
    2.8659618810E+04    2.5489023887E-12
    2.8673131130E+04    2.0474383195E-12
    2.8686643440E+04    5.6898436457E-12
    2.8700155760E+04    6.4086866302E-14
    2.8713668070E+04    1.0940144497E-14
    2.8727180390E+04    1.1791077831E-14
    2.8740692700E+04    1.2844800621E-13
    2.8754205010E+04    2.9317446064E-12
    2.8767717330E+04    1.8220520591E-12
    2.8781229640E+04    3.2543799754E-12
    2.8794741960E+04    3.6072333121E-12
    2.8808254270E+04    1.4520510476E-14
    2.8821766590E+04    1.0841907765E-13
    2.8835278900E+04    3.4564276479E-14
    2.8848791220E+04    3.5177726729E-15
    2.8862303530E+04    2.5232239514E-13
    2.8875815840E+04    5.1033581367E-15
    2.8889328160E+04    5.1737060425E-15
    2.8902840470E+04    4.8334697469E-15
    2.8916352790E+04    7.1219252088E-15
    2.8929865100E+04    2.4452987233E-12
    2.8943377420E+04    1.1258689226E-12
    2.8956889730E+04    5.0716099800E-15
    2.8970402050E+04    3.9086244755E-15
    2.8983914360E+04    1.2699749575E-12
    2.8997426670E+04    8.9491079482E-13
    2.9010938990E+04    2.5413021861E-14
    2.9024451300E+04    5.3609211710E-13
    2.9037963620E+04    1.0046164834E-12
    2.9051475930E+04    1.9166091527E-12
    2.9064988250E+04    6.5194608316E-13
    2.9078500560E+04    2.3137762004E-12
    2.9092012870E+04    1.3749479334E-12
    2.9105525190E+04    6.9030078366E-12
    2.9119037500E+04    1.1562284451E-12
    2.9132549820E+04    9.3670752957E-15
    2.9146062130E+04    4.5776053923E-14
    2.9159574450E+04    7.2577216428E-12
    2.9173086760E+04    1.7410875490E-12
    2.9186599080E+04    3.0166693486E-12
    2.9200111390E+04    3.2805529667E-12
    2.9213623700E+04    2.7958379026E-12
    2.9227136020E+04    6.7784627061E-12
    2.9240648330E+04    1.8417186416E-11
    2.9254160650E+04    1.7073254078E-11
    2.9267672960E+04    1.8518251060E-12
    2.9281185280E+04    3.9261662869E-12
    2.9294697590E+04    2.1746128593E-13
    2.9308209900E+04    6.9178264613E-12
    2.9321722220E+04    1.8235602452E-12
    2.9335234530E+04    1.7069030501E-12
    2.9348746850E+04    1.0575304383E-11
    2.9362259160E+04    2.5122504384E-12
    2.9375771480E+04    4.0960583613E-12
    2.9389283790E+04    1.5810196819E-11
    2.9402796110E+04    1.0166863801E-11
    2.9416308420E+04    6.3370733597E-12
    2.9429820730E+04    5.7220830473E-12
    2.9443333050E+04    4.2921488216E-12
    2.9456845360E+04    1.9366260457E-12
    2.9470357680E+04    1.8398677557E-14
    2.9483869990E+04    2.7889493124E-14
    2.9497382310E+04    4.4959796352E-14
    2.9510894620E+04    1.5828369942E-13
    2.9524406940E+04    1.5409264409E-11
    2.9537919250E+04    1.4118855484E-11
    2.9551431560E+04    8.1170784633E-12
    2.9564943880E+04    1.1964072436E-11
    2.9578456190E+04    2.0883056222E-11
    2.9591968510E+04    3.1032864811E-11
    2.9605480820E+04    1.7542730345E-11
    2.9618993140E+04    1.9392660925E-11
    2.9632505450E+04    1.4455068143E-11
    2.9646017760E+04    1.6773606098E-11
    2.9659530080E+04    1.2912274696E-11
    2.9673042390E+04    3.4414984522E-12
    2.9686554710E+04    1.3138901470E-12
    2.9700067020E+04    1.1026623285E-11
    2.9713579340E+04    1.0827982596E-12
    2.9727091650E+04    1.9766371884E-14
    2.9740603970E+04    1.9990435826E-14
    2.9754116280E+04    4.8625729176E-12
    2.9767628590E+04    6.7096965037E-12
    2.9781140910E+04    8.8337520822E-12
    2.9794653220E+04    7.9117811843E-12
    2.9808165540E+04    6.0318760040E-12
    2.9821677850E+04    1.4267153510E-11
    2.9835190170E+04    1.7499646100E-13
    2.9848702480E+04    4.8734688630E-12
    2.9862214790E+04    2.4174686944E-12
    2.9875727110E+04    5.2415403417E-12
    2.9889239420E+04    6.4446448224E-12
    2.9902751740E+04    2.3289507513E-12
    2.9916264050E+04    7.1387834846E-13
    2.9929776370E+04    4.6328696468E-12
    2.9943288680E+04    3.9916346428E-12
    2.9956801000E+04    1.6914551020E-11
    2.9970313310E+04    1.9970045813E-11
    2.9983825620E+04    1.7140093820E-11
    2.9997337940E+04    1.0970329437E-11
    3.0010850250E+04    1.1803080312E-11
    3.0024362570E+04    2.0520939506E-11
    3.0037874880E+04    2.3992113128E-11
    3.0051387200E+04    9.4280356277E-12
    3.0064899510E+04    3.4372391889E-13
    3.0078411820E+04    1.1169699381E-13
    3.0091924140E+04    5.5475368589E-12
    3.0105436450E+04    4.9425489573E-13
    3.0118948770E+04    3.5031379875E-12
    3.0132461080E+04    8.6135696685E-13
    3.0145973400E+04    3.2805423393E-12
    3.0159485710E+04    1.8749986739E-12
    3.0172998030E+04    1.7011771114E-12
    3.0186510340E+04    1.1330000746E-11
    3.0200022650E+04    9.1948003688E-12
    3.0213534970E+04    8.7713281361E-12
    3.0227047280E+04    7.6669944636E-12
    3.0240559600E+04    1.4081264657E-11
    3.0254071910E+04    1.4563741059E-11
    3.0267584230E+04    7.2411355253E-12
    3.0281096540E+04    4.4625677572E-12
    3.0294608860E+04    7.9671897399E-12
    3.0308121170E+04    4.3502115061E-12
    3.0321633480E+04    5.5973875071E-13
    3.0335145800E+04    3.7599515418E-12
    3.0348658110E+04    1.5144101624E-12
    3.0362170430E+04    8.2102924631E-13
    3.0375682740E+04    2.9537292878E-13
    3.0389195060E+04    1.5821955264E-12
    3.0402707370E+04    1.1600347880E-13
    3.0416219680E+04    8.6853126061E-13
    3.0429732000E+04    8.9802686427E-12
    3.0443244310E+04    8.0134731546E-12
    3.0456756630E+04    2.4529592213E-13
    3.0470268940E+04    1.4661768719E-12
    3.0483781260E+04    5.7326419190E-12
    3.0497293570E+04    4.0286686935E-12
    3.0510805890E+04    5.6823556394E-12
    3.0524318200E+04    1.1241494893E-11
    3.0537830510E+04    2.9586467502E-13
    3.0551342830E+04    4.0837794740E-12
    3.0564855140E+04    9.6362173620E-12
    3.0578367460E+04    7.6970795372E-12
    3.0591879770E+04    6.7043516675E-12
    3.0605392090E+04    3.9084472646E-12
    3.0618904400E+04    2.5635627689E-12
    3.0632416710E+04    5.6967468809E-12
    3.0645929030E+04    1.4341335515E-11
    3.0659441340E+04    1.4909506489E-11
    3.0672953660E+04    7.1252185477E-12
    3.0686465970E+04    1.3744329558E-12
    3.0699978290E+04    8.1689189740E-13
    3.0713490600E+04    1.2853766921E-12
    3.0727002920E+04    3.2322606715E-14
    3.0740515230E+04    8.3532291521E-13
    3.0754027540E+04    9.1583348248E-13
    3.0767539860E+04    1.6107511158E-12
    3.0781052170E+04    3.2345559486E-12
    3.0794564490E+04    3.2427102531E-12
    3.0808076800E+04    1.7932489602E-12
    3.0821589120E+04    2.5747221636E-12
    3.0835101430E+04    2.7804871430E-12
    3.0848613740E+04    2.9310137732E-14
    3.0862126060E+04    9.0183039632E-13
    3.0875638370E+04    1.9084782769E-12
    3.0889150690E+04    6.4416331004E-12
    3.0902663000E+04    4.3277928136E-12
    3.0916175320E+04    1.9754340539E-12
    3.0929687630E+04    3.7890963892E-12
    3.0943199950E+04    1.4623011394E-12
    3.0956712260E+04    1.3289227075E-14
    3.0970224570E+04    7.9601154148E-16
    3.0983736890E+04    3.7739980241E-15
    3.0997249200E+04    3.5478854084E-13
    3.1010761520E+04    2.2003254529E-14
    3.1024273830E+04    1.7752761244E-14
    3.1037786150E+04    5.2381580711E-14
    3.1051298460E+04    3.4247463608E-13
    3.1064810780E+04    6.9877906595E-13
    3.1078323090E+04    5.0243029323E-13
    3.1091835400E+04    2.7613248010E-13
    3.1105347720E+04    4.7452403911E-15
    3.1118860030E+04    4.2200565953E-16
    3.1132372350E+04    1.5057931211E-13
    3.1145884660E+04    6.7159304516E-14
    3.1159396980E+04    3.7332976687E-14
    3.1172909290E+04    1.7100917450E-14
    3.1186421600E+04    4.6439155679E-14
    3.1199933920E+04    1.7258648385E-14
    3.1213446230E+04    5.0218082986E-14
    3.1226958550E+04    5.0509540328E-14
    3.1240470860E+04    6.6635598959E-17
    3.1253983180E+04    7.7693443961E-15
    3.1267495490E+04    3.2912723370E-13
    3.1281007810E+04    1.8320111472E-12
    3.1294520120E+04    1.3006639435E-12
    3.1308032430E+04    2.5477279962E-12
    3.1321544750E+04    7.1187646913E-12
    3.1335057060E+04    6.8927197706E-12
    3.1348569380E+04    4.8421380493E-12
    3.1362081690E+04    1.5293294010E-12
    3.1375594010E+04    1.0691276966E-12
    3.1389106320E+04    1.0190927724E-12
    3.1402618630E+04    5.5366846439E-13
    3.1416130950E+04    4.8841854900E-13
    3.1429643260E+04    3.3966320404E-13
    3.1443155580E+04    2.3602729043E-14
    3.1456667890E+04    4.1482854253E-12
    3.1470180210E+04    3.7548039456E-12
    3.1483692520E+04    1.9166701566E-12
    3.1497204840E+04    2.9852105143E-12
    3.1510717150E+04    7.2384709920E-12
    3.1524229460E+04    1.1291086265E-11
    3.1537741780E+04    2.2377336878E-12
    3.1551254090E+04    2.1217544324E-14
    3.1564766410E+04    2.0422257039E-14
    3.1578278720E+04    5.7235155663E-12
    3.1591791040E+04    2.0911933076E-11
    3.1605303350E+04    1.9986296288E-11
    3.1618815660E+04    8.2888715118E-12
    3.1632327980E+04    3.2532326855E-12
    3.1645840290E+04    8.4102962899E-13
    3.1659352610E+04    9.0709594155E-13
    3.1672864920E+04    7.9008872876E-13
    3.1686377240E+04    5.7006940114E-14
    3.1699889550E+04    2.7812253681E-14
    3.1713401870E+04    7.5319509517E-16
    3.1726914180E+04    4.7872936039E-17
    3.1740426490E+04    3.3068379788E-15
    3.1753938810E+04    1.0418600619E-14
    3.1767451120E+04    5.8160084953E-15
    3.1780963440E+04    1.0767770583E-15
    3.1794475750E+04    7.8231226833E-17
    3.1807988070E+04    7.1448992955E-17
    3.1821500380E+04    2.6042917593E-14
    3.1835012700E+04    7.1962715507E-14
    3.1848525010E+04    7.3776394306E-14
    3.1862037320E+04    5.1940598411E-14
    3.1875549640E+04    4.5797305325E-14
    3.1889061950E+04    3.6382476204E-14
    3.1902574270E+04    2.7663515882E-14
    3.1916086580E+04    2.5304017804E-16
    3.1929598900E+04    2.8352227888E-14
    3.1943111210E+04    6.6907061307E-14
    3.1956623520E+04    1.4324872052E-13
    3.1970135840E+04    8.0867234442E-13
    3.1983648150E+04    1.0921476439E-12
    3.1997160470E+04    2.9866821415E-13
    3.2010672780E+04    1.4366953925E-13
    3.2024185100E+04    9.6009844937E-13
    3.2037697410E+04    3.6143622979E-13
    3.2051209730E+04    1.8299814494E-13
    3.2064722040E+04    8.8186773311E-13
    3.2078234350E+04    5.4272759933E-13
    3.2091746670E+04    1.1684418845E-13
    3.2105258980E+04    5.5076535709E-14
    3.2118771300E+04    1.3661217904E-13
    3.2132283610E+04    2.2003119093E-13
    3.2145795930E+04    2.9743801207E-12
    3.2159308240E+04    8.5898739008E-12
    3.2172820550E+04    1.0938978778E-11
    3.2186332870E+04    6.4131502396E-12
    3.2199845180E+04    3.8119463495E-14
    3.2213357500E+04    1.2904358715E-14
    3.2226869810E+04    2.3322111020E-14
    3.2240382130E+04    5.6740373793E-13
    3.2253894440E+04    1.3686268683E-14
    3.2267406760E+04    1.0727208668E-12
    3.2280919070E+04    7.2360470189E-13
    3.2294431380E+04    1.9662662130E-14
    3.2307943700E+04    4.4836172620E-15
    3.2321456010E+04    9.3400885549E-14
    3.2334968330E+04    1.0062649598E-13
    3.2348480640E+04    7.2228087607E-13
    3.2361992960E+04    1.2897996066E-12
    3.2375505270E+04    8.3395218335E-13
    3.2389017590E+04    1.4627349875E-13
    3.2402529900E+04    8.2185886905E-13
    3.2416042210E+04    1.3898569136E-13
    3.2429554530E+04    2.7792869124E-12
    3.2443066840E+04    1.1593932628E-12
    3.2456579160E+04    6.4965049045E-15
    3.2470091470E+04    4.8306735718E-14
    3.2483603790E+04    7.1468760339E-13
    3.2497116100E+04    1.6470098954E-12
    3.2510628410E+04    6.1388737351E-12
    3.2524140730E+04    1.6176404965E-11
    3.2537653040E+04    2.7428915487E-11
    3.2551165360E+04    6.1511570954E-12
    3.2564677670E+04    2.1307267603E-12
    3.2578189990E+04    2.4494462582E-12
    3.2591702300E+04    1.4093095257E-11
    3.2605214620E+04    9.6892700127E-12
    3.2618726930E+04    2.5416679478E-11
    3.2632239240E+04    2.2880127682E-11
    3.2645751560E+04    1.2477191201E-11
    3.2659263870E+04    1.1593471851E-11
    3.2672776190E+04    8.7912051295E-12
    3.2686288500E+04    2.9385110939E-12
    3.2699800820E+04    4.0945583385E-12
    3.2713313130E+04    3.6260423237E-12
    3.2726825440E+04    3.2741225157E-12
    3.2740337760E+04    3.3428937403E-12
    3.2753850070E+04    1.1639164424E-12
    3.2767362390E+04    1.7677466896E-13
    3.2780874700E+04    1.3054929832E-12
    3.2794387020E+04    6.5036486423E-12
    3.2807899330E+04    3.4678184711E-12
    3.2821411650E+04    4.0184742831E-12
    3.2834923960E+04    7.5818431718E-13
    3.2848436270E+04    1.5080118819E-14
    3.2861948590E+04    5.6461640565E-13
    3.2875460900E+04    1.5404284122E-15
    3.2888973220E+04    1.8948251140E-14
    3.2902485530E+04    2.0270937519E-14
    3.2915997850E+04    2.0667269320E-15
    3.2929510160E+04    1.5760290945E-15
    3.2943022470E+04    4.8507004390E-15
    3.2956534790E+04    6.3452012932E-14
    3.2970047100E+04    1.4179465822E-12
    3.2983559420E+04    1.6333676667E-12
    3.2997071730E+04    4.8739238835E-14
    3.3010584050E+04    4.4268448259E-14
    3.3024096360E+04    1.2289901212E-12
    3.3037608680E+04    3.1489344140E-13
    3.3051120990E+04    8.9636919692E-15
    3.3064633300E+04    6.6609514415E-13
    3.3078145620E+04    3.6402594683E-12
    3.3091657930E+04    7.2570178428E-12
    3.3105170250E+04    6.2548248705E-12
    3.3118682560E+04    4.9746005672E-12
    3.3132194880E+04    5.0498875641E-12
    3.3145707190E+04    7.7646320818E-13
    3.3159219510E+04    2.0562827429E-12
    3.3172731820E+04    2.8203691080E-13
    3.3186244130E+04    2.1856154558E-13
    3.3199756450E+04    5.7653961733E-13
    3.3213268760E+04    6.5483916656E-14
    3.3226781080E+04    3.8676445103E-15
    3.3240293390E+04    1.2008987051E-14
    3.3253805710E+04    1.0355610170E-13
    3.3267318020E+04    7.2599699738E-14
    3.3280830330E+04    7.2952160030E-14
    3.3294342650E+04    2.2454791478E-13
    3.3307854960E+04    2.1836698897E-13
    3.3321367280E+04    2.1093293613E-13
    3.3334879590E+04    2.6017656015E-13
    3.3348391910E+04    3.7638512560E-13
    3.3361904220E+04    1.6043377792E-12
    3.3375416540E+04    7.8788726658E-13
    3.3388928850E+04    1.8547625580E-14
    3.3402441160E+04    5.1000546332E-14
    3.3415953480E+04    6.2489142570E-13
    3.3429465790E+04    2.0361455315E-13
    3.3442978110E+04    1.8799815215E-13
    3.3456490420E+04    4.9402369752E-13
    3.3470002740E+04    4.6193992441E-14
    3.3483515050E+04    5.8567401638E-14
    3.3497027360E+04    3.2530483442E-14
    3.3510539680E+04    3.0976791025E-14
    3.3524051990E+04    2.7365578984E-14
    3.3537564310E+04    3.1545837351E-14
    3.3551076620E+04    2.8108705708E-14
    3.3564588940E+04    3.2605962127E-14
    3.3578101250E+04    3.9264610240E-13
    3.3591613570E+04    2.6998627326E-13
    3.3605125880E+04    9.1496321949E-14
    3.3618638190E+04    8.4070140671E-14
    3.3632150510E+04    1.5990223019E-13
    3.3645662820E+04    6.2322566139E-13
    3.3659175140E+04    7.0872165188E-13
    3.3672687450E+04    8.7909407587E-14
    3.3686199770E+04    4.6930342694E-14
    3.3699712080E+04    1.6223748372E-13
    3.3713224390E+04    9.2763304076E-14
    3.3726736710E+04    1.5903291429E-13
    3.3740249020E+04    2.2533412187E-13
    3.3753761340E+04    1.5445930631E-12
    3.3767273650E+04    1.2554863898E-12
    3.3780785970E+04    1.6034866890E-12
    3.3794298280E+04    1.0591364139E-13
    3.3807810600E+04    6.0108070689E-15
    3.3821322910E+04    9.1562928223E-13
    3.3834835220E+04    2.1389151900E-12
    3.3848347540E+04    2.0227083900E-12
    3.3861859850E+04    1.2666678966E-12
    3.3875372170E+04    3.1023381774E-15
    3.3888884480E+04    6.8405976390E-16
    3.3902396800E+04    2.7562892085E-14
    3.3915909110E+04    1.3252441810E-13
    3.3929421430E+04    1.7289088658E-13
    3.3942933740E+04    1.0473476623E-12
    3.3956446050E+04    6.4399384149E-13
    3.3969958370E+04    1.7889907237E-14
    3.3983470680E+04    5.1034715183E-13
    3.3996983000E+04    5.1781125469E-12
    3.4010495310E+04    3.4508567985E-12
    3.4024007630E+04    2.0447114804E-12
    3.4037519940E+04    1.0069998643E-12
    3.4051032250E+04    8.6316396954E-12
    3.4064544570E+04    1.4015626999E-11
    3.4078056880E+04    1.3880505165E-11
    3.4091569200E+04    9.0809975943E-12
    3.4105081510E+04    2.7605594919E-12
    3.4118593830E+04    5.9124616184E-12
    3.4132106140E+04    8.2057633708E-12
    3.4145618460E+04    3.8465790699E-12
    3.4159130770E+04    9.2421937573E-13
    3.4172643080E+04    2.1892962825E-14
    3.4186155400E+04    7.2839111646E-13
    3.4199667710E+04    6.0445158655E-12
    3.4213180030E+04    8.3328111815E-12
    3.4226692340E+04    3.1308913134E-12
    3.4240204660E+04    2.6113963183E-13
    3.4253716970E+04    8.7395839115E-14
    3.4267229280E+04    7.9258315959E-13
    3.4280741600E+04    1.7362435535E-12
    3.4294253910E+04    1.2877632173E-12
    3.4307766230E+04    2.2129575144E-12
    3.4321278540E+04    3.5443989783E-12
    3.4334790860E+04    4.2251998489E-12
    3.4348303170E+04    4.7060587433E-12
    3.4361815490E+04    7.1560856837E-12
    3.4375327800E+04    6.8606182753E-12
    3.4388840110E+04    6.5925925767E-12
    3.4402352430E+04    1.4854295733E-11
    3.4415864740E+04    1.2216229263E-11
    3.4429377060E+04    1.8486117619E-12
    3.4442889370E+04    1.4514437210E-11
    3.4456401690E+04    1.6823498924E-11
    3.4469914000E+04    3.6728930914E-12
    3.4483426310E+04    2.6933191651E-14
    3.4496938630E+04    2.1156469709E-14
    3.4510450940E+04    1.7746185665E-14
    3.4523963260E+04    1.3511573099E-13
    3.4537475570E+04    1.5877752883E-12
    3.4550987890E+04    3.2602425651E-12
    3.4564500200E+04    6.3025475484E-12
    3.4578012520E+04    6.9010787522E-13
    3.4591524830E+04    9.7844898026E-15
    3.4605037140E+04    1.1444058837E-13
    3.4618549460E+04    2.9795109427E-12
    3.4632061770E+04    1.5975229756E-12
    3.4645574090E+04    8.3704078506E-13
    3.4659086400E+04    2.7821881886E-13
    3.4672598720E+04    1.2115553301E-14
    3.4686111030E+04    1.5593073635E-14
    3.4699623350E+04    9.5895219209E-13
    3.4713135660E+04    2.8942987939E-12
    3.4726647970E+04    1.2882233586E-14
    3.4740160290E+04    1.5182951431E-14
    3.4753672600E+04    9.1051914111E-14
    3.4767184920E+04    5.7215216159E-12
    3.4780697230E+04    9.8307049345E-12
    3.4794209550E+04    4.5914449872E-12
    3.4807721860E+04    1.4918951230E-12
    3.4821234170E+04    1.0371548598E-12
    3.4834746490E+04    2.4805073131E-12
    3.4848258800E+04    1.8560200004E-12
    3.4861771120E+04    1.7860678655E-12
    3.4875283430E+04    3.3374378663E-12
    3.4888795750E+04    5.1841366890E-12
    3.4902308060E+04    9.8828167934E-12
    3.4915820380E+04    9.5718687738E-12
    3.4929332690E+04    5.6597019080E-12
    3.4942845000E+04    7.8622776369E-12
    3.4956357320E+04    1.4158090255E-11
    3.4969869630E+04    1.3201904525E-11
    3.4983381950E+04    7.9806009113E-12
    3.4996894260E+04    6.5201335137E-12
    3.5010406580E+04    5.1298493297E-12
    3.5023918890E+04    1.6639710097E-13
    3.5037431200E+04    5.3417685273E-15
    3.5050943520E+04    1.3789717123E-13
    3.5064455830E+04    1.8768785471E-12
    3.5077968150E+04    3.8352387484E-12
    3.5091480460E+04    8.4443064732E-13
    3.5104992780E+04    2.3286080022E-14
    3.5118505090E+04    2.6556236591E-12
    3.5132017410E+04    9.4780932985E-12
    3.5145529720E+04    3.5670749974E-12
    3.5159042030E+04    3.5967782905E-13
    3.5172554350E+04    1.5027680382E-12
    3.5186066660E+04    5.4960882026E-12
    3.5199578980E+04    6.5737975012E-12
    3.5213091290E+04    4.9131608589E-12
    3.5226603610E+04    4.6548072926E-12
    3.5240115920E+04    8.1410708537E-12
    3.5253628240E+04    5.5357300063E-12
    3.5267140550E+04    3.4554144172E-12
    3.5280652860E+04    2.5774542196E-14
    3.5294165180E+04    2.9595071600E-14
    3.5307677490E+04    1.5527888243E-12
    3.5321189810E+04    3.9365310274E-12
    3.5334702120E+04    2.0839772717E-12
    3.5348214440E+04    4.1136913265E-14
    3.5361726750E+04    7.1840278023E-13
    3.5375239060E+04    2.2031836095E-12
    3.5388751380E+04    8.1181631887E-13
    3.5402263690E+04    2.0261995850E-13
    3.5415776010E+04    2.4986069216E-15
    3.5429288320E+04    9.5358878015E-16
    3.5442800640E+04    5.3704780955E-16
    3.5456312950E+04    5.3724878678E-16
    3.5469825270E+04    1.5031083727E-15
    3.5483337580E+04    2.0082351661E-13
    3.5496849890E+04    2.0505970665E-12
    3.5510362210E+04    1.1777838005E-12
    3.5523874520E+04    1.1712676417E-14
    3.5537386840E+04    5.3311693339E-13
    3.5550899150E+04    1.3544156674E-14
    3.5564411470E+04    1.7878718891E-14
    3.5577923780E+04    2.4489640611E-13
    3.5591436090E+04    6.1615006706E-12
    3.5604948410E+04    5.0442673934E-12
    3.5618460720E+04    1.7135555247E-12
    3.5631973040E+04    5.2247095498E-12
    3.5645485350E+04    6.8290526507E-12
    3.5658997670E+04    6.7656594374E-12
    3.5672509980E+04    6.7100482383E-12
    3.5686022300E+04    3.2219582070E-13
    3.5699534610E+04    1.5350386740E-13
    3.5713046920E+04    1.5104063703E-13
    3.5726559240E+04    2.5591049037E-13
    3.5740071550E+04    3.4544965900E-12
    3.5753583870E+04    5.6817896141E-14
    3.5767096180E+04    3.7731131020E-14
    3.5780608500E+04    4.0363744102E-14
    3.5794120810E+04    4.5367484556E-13
    3.5807633120E+04    1.1090711476E-12
    3.5821145440E+04    1.3457550315E-11
    3.5834657750E+04    1.4026697266E-11
    3.5848170070E+04    8.6964357773E-12
    3.5861682380E+04    6.5590384007E-12
    3.5875194700E+04    5.0674477449E-12
    3.5888707010E+04    4.4566939192E-12
    3.5902219330E+04    1.5926734751E-11
    3.5915731640E+04    1.4372740490E-11
    3.5929243950E+04    1.4489430233E-11
    3.5942756270E+04    7.3292276162E-12
    3.5956268580E+04    6.2866477445E-12
    3.5969780900E+04    3.1372274168E-11
    3.5983293210E+04    3.3295225013E-11
    3.5996805530E+04    2.3625727231E-11
    3.6010317840E+04    1.1308816665E-11
    3.6023830160E+04    2.3073209578E-11
    3.6037342470E+04    2.7815930983E-11
    3.6050854780E+04    1.2786552901E-11
    3.6064367100E+04    5.6299572991E-12
    3.6077879410E+04    2.0291914069E-11
    3.6091391730E+04    4.4472962735E-11
    3.6104904040E+04    8.8605706614E-12
    3.6118416360E+04    9.1909623028E-14
    3.6131928670E+04    2.0164321526E-11
    3.6145440980E+04    2.0113223405E-11
    3.6158953300E+04    1.7261176850E-12
    3.6172465610E+04    4.1719474343E-13
    3.6185977930E+04    1.3527900258E-11
    3.6199490240E+04    4.0285906926E-13
    3.6213002560E+04    1.3259498658E-12
    3.6226514870E+04    3.0000483757E-11
    3.6240027190E+04    5.1256826408E-11
    3.6253539500E+04    2.6893947401E-11
    3.6267051810E+04    2.8694380597E-11
    3.6280564130E+04    3.0604672053E-11
    3.6294076440E+04    8.4524039378E-12
    3.6307588760E+04    2.3675502696E-11
    3.6321101070E+04    5.2646371555E-11
    3.6334613390E+04    5.8626250887E-11
    3.6348125700E+04    5.4649363351E-11
    3.6361638010E+04    5.0062351283E-11
    3.6375150330E+04    4.4621003238E-11
    3.6388662640E+04    3.6830318777E-11
    3.6402174960E+04    2.7538414209E-11
    3.6415687270E+04    4.5533906365E-11
    3.6429199590E+04    7.8104568820E-11
    3.6442711900E+04    7.4398958492E-11
    3.6456224220E+04    4.1550324320E-12
    3.6469736530E+04    1.7629128212E-13
    3.6483248840E+04    1.3250618708E-13
    3.6496761160E+04    1.1332550696E-11
    3.6510273470E+04    3.4805733267E-11
    3.6523785790E+04    4.8305988021E-11
    3.6537298100E+04    6.9304927431E-11
    3.6550810420E+04    1.0729132134E-10
    3.6564322730E+04    1.0106061703E-10
    3.6577835040E+04    6.5327181904E-11
    3.6591347360E+04    3.7353697967E-11
    3.6604859670E+04    2.2365644928E-11
    3.6618371990E+04    7.4736584142E-11
    3.6631884300E+04    6.0717689173E-11
    3.6645396620E+04    1.0287265572E-10
    3.6658908930E+04    9.5274379312E-11
    3.6672421250E+04    1.7954443400E-10
    3.6685933560E+04    2.7553135207E-10
    3.6699445870E+04    2.6588535417E-10
    3.6712958190E+04    2.1252032887E-10
    3.6726470500E+04    1.2900636872E-10
    3.6739982820E+04    7.2714642668E-11
    3.6753495130E+04    2.3445560222E-11
    3.6767007450E+04    8.0362706603E-11
    3.6780519760E+04    1.1543436056E-10
    3.6794032080E+04    2.6015757035E-10
    3.6807544390E+04    4.1857415632E-10
    3.6821056700E+04    4.2122646918E-10
    3.6834569020E+04    2.0699996343E-10
    3.6848081330E+04    9.0665578706E-11
    3.6861593650E+04    1.1982829255E-10
    3.6875105960E+04    4.7982027302E-11
    3.6888618280E+04    3.4180806689E-13
    3.6902130590E+04    3.6261750700E-13
    3.6915642900E+04    5.8212734847E-13
    3.6929155220E+04    9.9971776014E-11
    3.6942667530E+04    1.4409304855E-10
    3.6956179850E+04    2.0226328716E-11
    3.6969692160E+04    5.5155275959E-13
    3.6983204480E+04    1.5191117970E-12
    3.6996716790E+04    1.7128689713E-10
    3.7010229110E+04    4.3321897101E-10
    3.7023741420E+04    3.1396262501E-10
    3.7037253730E+04    1.7133664291E-10
    3.7050766050E+04    1.2242073172E-10
    3.7064278360E+04    1.3842058648E-10
    3.7077790680E+04    1.1957404540E-10
    3.7091302990E+04    5.1172044026E-10
    3.7104815310E+04    9.2721405264E-10
    3.7118327620E+04    1.1805492817E-09
    3.7131839930E+04    1.0682151356E-09
    3.7145352250E+04    5.2969593231E-10
    3.7158864560E+04    4.2774911019E-11
    3.7172376880E+04    3.2181353425E-12
    3.7185889190E+04    1.5462880165E-12
    3.7199401510E+04    1.6460059663E-12
    3.7212913820E+04    6.8229149283E-12
    3.7226426140E+04    1.3817724818E-10
    3.7239938450E+04    4.3094593948E-10
    3.7253450760E+04    1.0059041079E-09
    3.7266963080E+04    3.9547219744E-10
    3.7280475390E+04    1.1272293333E-11
    3.7293987710E+04    1.3302561936E-10
    3.7307500020E+04    2.5084230486E-09
    3.7321012340E+04    3.3678230491E-09
    3.7334524650E+04    2.8215250490E-09
    3.7348036960E+04    1.9227533705E-09
    3.7361549280E+04    1.6891006978E-09
    3.7375061590E+04    1.7272919158E-09
    3.7388573910E+04    1.8256488833E-09
    3.7402086220E+04    2.0091369616E-09
    3.7415598540E+04    1.8125367105E-09
    3.7429110850E+04    2.3405217027E-09
    3.7442623170E+04    2.6797613331E-09
    3.7456135480E+04    2.5802424312E-09
    3.7469647790E+04    4.1918128830E-09
    3.7483160110E+04    6.6536721522E-09
    3.7496672420E+04    5.7088669596E-09
    3.7510184740E+04    3.0105250248E-09
    3.7523697050E+04    3.7488758591E-09
    3.7537209370E+04    6.4695617996E-09
    3.7550721680E+04    6.7791350937E-09
    3.7564234000E+04    3.8337452001E-09
    3.7577746310E+04    9.2924470401E-09
    3.7591258620E+04    9.6999411296E-09
    3.7604770940E+04    4.6996260902E-09
    3.7618283250E+04    3.0825041003E-09
    3.7631795570E+04    6.3287740589E-11
    3.7645307880E+04    2.6649918785E-10
    3.7658820200E+04    7.0429066091E-09
    3.7672332510E+04    1.0769645466E-08
    3.7685844820E+04    1.0466766127E-08
    3.7699357140E+04    7.5063753729E-09
    3.7712869450E+04    3.3642150912E-09
    3.7726381770E+04    1.2030934334E-10
    3.7739894080E+04    1.2809569213E-10
    3.7753406400E+04    4.3288260412E-09
    3.7766918710E+04    8.0711831882E-09
    3.7780431030E+04    3.0530235966E-09
    3.7793943340E+04    2.9068512970E-10
    3.7807455650E+04    3.3287940111E-09
    3.7820967970E+04    9.2848232625E-09
    3.7834480280E+04    1.7427827926E-08
    3.7847992600E+04    1.5353654298E-08
    3.7861504910E+04    1.6045946067E-08
    3.7875017230E+04    1.3843953775E-08
    3.7888529540E+04    1.4357147816E-08
    3.7902041850E+04    1.0415327505E-08
    3.7915554170E+04    1.0262137120E-08
    3.7929066480E+04    1.0956044909E-08
    3.7942578800E+04    1.5962624392E-08
    3.7956091110E+04    4.8878353693E-08
    3.7969603430E+04    4.9285785104E-08
    3.7983115740E+04    3.4995234614E-08
    3.7996628060E+04    2.5492546207E-08
    3.8010140370E+04    1.9132678359E-08
    3.8023652680E+04    1.3658788956E-08
    3.8037165000E+04    1.3224607786E-08
    3.8050677310E+04    3.0196887562E-08
    3.8064189630E+04    7.1432753747E-08
    3.8077701940E+04    1.0565012660E-07
    3.8091214260E+04    7.6700698160E-08
    3.8104726570E+04    2.9192821242E-10
    3.8118238890E+04    9.7353515961E-11
    3.8131751200E+04    7.0143643059E-10
    3.8145263510E+04    3.9752188324E-09
    3.8158775830E+04    6.7698972100E-09
    3.8172288140E+04    1.8902643358E-08
    3.8185800460E+04    8.0534884254E-08
    3.8199312770E+04    4.3579068824E-08
    3.8212825090E+04    4.5575456980E-08
    3.8226337400E+04    5.5671055761E-08
    3.8239849710E+04    7.0710456365E-08
    3.8253362030E+04    4.8734601464E-08
    3.8266874340E+04    4.2973194057E-09
    3.8280386660E+04    2.2067438187E-10
    3.8293898970E+04    2.9945301971E-10
    3.8307411290E+04    2.1146058786E-09
    3.8320923600E+04    3.0037505125E-08
    3.8334435920E+04    1.2583502047E-09
    3.8347948230E+04    3.1939122768E-10
    3.8361460540E+04    3.4447943838E-10
    3.8374972860E+04    3.7170594314E-10
    3.8388485170E+04    4.0161931946E-10
    3.8401997490E+04    8.0310463675E-08
    3.8415509800E+04    3.2777084305E-07
    3.8429022120E+04    4.6650813048E-07
    3.8442534430E+04    5.4016665193E-07
    3.8456046740E+04    4.3177757528E-07
    3.8469559060E+04    3.0782776771E-07
    3.8483071370E+04    1.9128846146E-07
    3.8496583690E+04    5.4957303892E-08
    3.8510096000E+04    9.7003305459E-08
    3.8523608320E+04    2.8071726636E-07
    3.8537120630E+04    3.9770383643E-07
    3.8550632950E+04    3.4012880130E-07
    3.8564145260E+04    2.7226766584E-07
    3.8577657570E+04    3.5423430252E-07
    3.8591169890E+04    5.2307824812E-07
    3.8604682200E+04    7.5661404614E-07
    3.8618194520E+04    1.3218830702E-06
    3.8631706830E+04    1.3878578387E-06
    3.8645219150E+04    1.8525521656E-06
    3.8658731460E+04    2.5137110436E-06
    3.8672243770E+04    2.7069000160E-06
    3.8685756090E+04    2.3800607020E-06
    3.8699268400E+04    2.1937683743E-06
    3.8712780720E+04    1.8890715812E-06
    3.8726293030E+04    1.0975170815E-06
    3.8739805350E+04    6.2673246481E-07
    3.8753317660E+04    1.9195700803E-06
    3.8766829980E+04    3.7905800358E-06
    3.8780342290E+04    2.3716875864E-06
    3.8793854600E+04    1.3757197738E-06
    3.8807366920E+04    1.7259825830E-06
    3.8820879230E+04    2.7893435593E-06
    3.8834391550E+04    2.6368627233E-06
    3.8847903860E+04    1.4751363305E-06
    3.8861416180E+04    5.5511005316E-07
    3.8874928490E+04    2.4758132909E-07
    3.8888440810E+04    9.9749586588E-09
    3.8901953120E+04    3.6133274056E-09
    3.8915465430E+04    4.7169282103E-08
    3.8928977750E+04    1.4895913668E-06
    3.8942490060E+04    2.0990316969E-06
    3.8956002380E+04    1.3661620970E-06
    3.8969514690E+04    2.2404766944E-07
    3.8983027010E+04    5.2417067731E-09
    3.8996539320E+04    6.4020645699E-07
    3.9010051630E+04    1.0990023011E-06
    3.9023563950E+04    1.6514834861E-06
    3.9037076260E+04    3.3597941253E-06
    3.9050588580E+04    4.1176480476E-06
    3.9064100890E+04    3.1985621333E-06
    3.9077613210E+04    2.0287793364E-06
    3.9091125520E+04    1.1553677168E-06
    3.9104637840E+04    6.1011387881E-07
    3.9118150150E+04    5.8960651120E-07
    3.9131662460E+04    2.5052959836E-06
    3.9145174780E+04    6.0461926369E-06
    3.9158687090E+04    7.5081747235E-06
    3.9172199410E+04    4.3316005725E-06
    3.9185711720E+04    6.9213761172E-07
    3.9199224040E+04    5.8364387923E-07
    3.9212736350E+04    1.3155450279E-08
    3.9226248660E+04    4.7013778903E-09
    3.9239760980E+04    7.8590930812E-08
    3.9253273290E+04    1.5898280208E-06
    3.9266785610E+04    1.1291852429E-06
    3.9280297920E+04    1.6141236559E-07
    3.9293810240E+04    6.9218409496E-09
    3.9307322550E+04    6.4432488913E-07
    3.9320834870E+04    9.2817781611E-07
    3.9334347180E+04    1.2273594198E-06
    3.9347859490E+04    9.4952180437E-07
    3.9361371810E+04    8.3402795690E-07
    3.9374884120E+04    4.1212484006E-07
    3.9388396440E+04    2.5632313595E-08
    3.9401908750E+04    4.8624634110E-09
    3.9415421070E+04    4.8693609100E-09
    3.9428933380E+04    6.9254742091E-09
    3.9442445690E+04    9.4775222469E-08
    3.9455958010E+04    4.9883562323E-09
    3.9469470320E+04    1.6048409561E-07
    3.9482982640E+04    8.3985273329E-07
    3.9496494950E+04    1.2440214772E-06
    3.9510007270E+04    1.2331940404E-06
    3.9523519580E+04    5.3808823719E-08
    3.9537031900E+04    3.7004255704E-08
    3.9550544210E+04    2.1046565812E-06
    3.9564056520E+04    2.6494110904E-06
    3.9577568840E+04    9.4944482966E-07
    3.9591081150E+04    5.8800969647E-09
    3.9604593470E+04    4.7202224610E-08
    3.9618105780E+04    4.8258504782E-07
    3.9631618100E+04    9.1338012518E-07
    3.9645130410E+04    3.1513841976E-06
    3.9658642730E+04    3.4828511241E-06
    3.9672155040E+04    5.1182815545E-06
    3.9685667350E+04    4.6348011992E-06
    3.9699179670E+04    2.2799036137E-06
    3.9712691980E+04    4.4662160317E-07
    3.9726204300E+04    8.7249347965E-07
    3.9739716610E+04    1.8927647574E-06
    3.9753228930E+04    2.1878929454E-06
    3.9766741240E+04    1.8792371872E-06
    3.9780253550E+04    1.0939756867E-06
    3.9793765870E+04    3.6056646385E-06
    3.9807278180E+04    4.8554738241E-06
    3.9820790500E+04    5.6515021908E-06
    3.9834302810E+04    6.2016445750E-06
    3.9847815130E+04    5.7877871927E-06
    3.9861327440E+04    3.8274798913E-06
    3.9874839760E+04    8.7528114509E-07
    3.9888352070E+04    1.2050666827E-06
    3.9901864380E+04    1.4875583143E-06
    3.9915376700E+04    1.0678222655E-06
    3.9928889010E+04    1.9897078566E-06
    3.9942401330E+04    2.3321061286E-06
    3.9955913640E+04    4.6810948590E-07
    3.9969425960E+04    9.8406012527E-09
    3.9982938270E+04    5.9885173931E-08
    3.9996450580E+04    8.3824446426E-07
    4.0009962900E+04    1.2443357339E-06
    4.0023475210E+04    2.5912254658E-07
    4.0036987530E+04    7.2116075031E-09
    4.0050499840E+04    1.6802541385E-06
    4.0064012160E+04    1.8663174976E-06
    4.0077524470E+04    1.9128285089E-06
    4.0091036790E+04    2.2211512661E-06
    4.0104549100E+04    2.6233809387E-06
    4.0118061410E+04    4.5067792239E-06
    4.0131573730E+04    4.3746151249E-06
    4.0145086040E+04    1.2590709094E-06
    4.0158598360E+04    5.7249800299E-09
    4.0172110670E+04    4.9459667742E-09
    4.0185622990E+04    4.9499396325E-09
    4.0199135300E+04    4.9531769778E-09
    4.0212647610E+04    3.4227537745E-08
    4.0226159930E+04    1.3050836025E-06
    4.0239672240E+04    1.8241122570E-06
    4.0253184560E+04    2.4575624959E-06
    4.0266696870E+04    2.9552907019E-06
    4.0280209190E+04    3.4064453036E-06
    4.0293721500E+04    5.6562396599E-06
    4.0307233820E+04    5.3108434160E-06
    4.0320746130E+04    2.2525072908E-06
    4.0334258440E+04    2.3082843553E-07
    4.0347770760E+04    5.7948652116E-09
    4.0361283070E+04    2.9599798982E-07
    4.0374795390E+04    4.5813639249E-07
    4.0388307700E+04    1.5960824649E-06
    4.0401820020E+04    2.5041910589E-06
    4.0415332330E+04    6.6881542561E-07
    4.0428844650E+04    5.2193061866E-07
    4.0442356960E+04    3.4500245763E-06
    4.0455869270E+04    5.1152076366E-06
    4.0469381590E+04    5.6705428387E-06
    4.0482893900E+04    5.9781821877E-06
    4.0496406220E+04    5.4434144523E-06
    4.0509918530E+04    4.4325917128E-06
    4.0523430850E+04    3.6289996301E-06
    4.0536943160E+04    4.2366063543E-06
    4.0550455470E+04    4.8684746170E-06
    4.0563967790E+04    3.4957317579E-06
    4.0577480100E+04    2.3673764432E-06
    4.0590992420E+04    2.6118682542E-06
    4.0604504730E+04    3.9745402074E-06
    4.0618017050E+04    5.4524712085E-06
    4.0631529360E+04    6.6574153671E-06
    4.0645041680E+04    6.2532895204E-06
    4.0658553990E+04    3.8822067011E-06
    4.0672066300E+04    2.5617097794E-06
    4.0685578620E+04    3.8993396663E-06
    4.0699090930E+04    4.8916491586E-06
    4.0712603250E+04    2.9468474468E-06
    4.0726115560E+04    1.7846751960E-06
    4.0739627880E+04    2.0504955792E-06
    4.0753140190E+04    1.5921153312E-06
    4.0766652500E+04    8.2832421692E-07
    4.0780164820E+04    6.2754258028E-07
    4.0793677130E+04    1.7547584422E-06
    4.0807189450E+04    2.9937442928E-06
    4.0820701760E+04    3.1020635895E-06
    4.0834214080E+04    4.4367379429E-06
    4.0847726390E+04    5.3883562235E-06
    4.0861238710E+04    5.3865906558E-06
    4.0874751020E+04    4.2034840641E-06
    4.0888263330E+04    3.2776951572E-06
    4.0901775650E+04    2.9333558689E-06
    4.0915287960E+04    2.6904831742E-06
    4.0928800280E+04    2.0625670788E-06
    4.0942312590E+04    4.5044074569E-07
    4.0955824910E+04    1.5152652966E-06
    4.0969337220E+04    1.3464370701E-06
    4.0982849530E+04    6.9986859668E-07
    4.0996361850E+04    1.3355065815E-06
    4.1009874160E+04    2.0034639728E-06
    4.1023386480E+04    1.9309126728E-06
    4.1036898790E+04    3.0369490349E-07
    4.1050411110E+04    7.6389934861E-07
    4.1063923420E+04    2.4051427300E-06
    4.1077435740E+04    4.0682182311E-06
    4.1090948050E+04    3.9645209616E-06
    4.1104460360E+04    1.8703929629E-06
    4.1117972680E+04    6.4366406797E-07
    4.1131484990E+04    1.4284340294E-06
    4.1144997310E+04    4.7106167098E-06
    4.1158509620E+04    7.1697680799E-06
    4.1172021940E+04    6.2821729878E-06
    4.1185534250E+04    3.2608963558E-06
    4.1199046570E+04    1.6419328052E-06
    4.1212558880E+04    2.3357631501E-06
    4.1226071190E+04    4.5634002933E-06
    4.1239583510E+04    5.5862137546E-06
    4.1253095820E+04    4.9418732231E-06
    4.1266608140E+04    3.2136407238E-06
    4.1280120450E+04    1.1845821793E-06
    4.1293632770E+04    2.7348116362E-07
    4.1307145080E+04    8.8216208572E-09
    4.1320657390E+04    4.9850583561E-09
    4.1334169710E+04    4.9840108253E-09
    4.1347682020E+04    1.0159416247E-08
    4.1361194340E+04    1.0071573766E-06
    4.1374706650E+04    2.0773819791E-06
    4.1388218970E+04    1.9718103798E-06
    4.1401731280E+04    5.9650651010E-08
    4.1415243600E+04    4.9774817717E-09
    4.1428755910E+04    4.9772067352E-09
    4.1442268220E+04    4.9768593278E-09
    4.1455780540E+04    3.8937462157E-07
    4.1469292850E+04    2.1206205371E-06
    4.1482805170E+04    1.1504590997E-06
    4.1496317480E+04    8.6038678698E-07
    4.1509829800E+04    2.8302284046E-07
    4.1523342110E+04    5.7739423491E-07
    4.1536854420E+04    2.8509520128E-06
    4.1550366740E+04    1.9683969548E-06
    4.1563879050E+04    2.0643514571E-07
    4.1577391370E+04    6.0804607048E-09
    4.1590903680E+04    5.9244556746E-07
    4.1604416000E+04    2.1144068905E-06
    4.1617928310E+04    3.2483021919E-06
    4.1631440630E+04    4.1444946229E-06
    4.1644952940E+04    4.3570738133E-06
    4.1658465250E+04    3.3658447019E-06
    4.1671977570E+04    2.3465551081E-06
    4.1685489880E+04    2.7690612656E-06
    4.1699002200E+04    2.2866395885E-06
    4.1712514510E+04    2.0094375115E-06
    4.1726026830E+04    2.9522484632E-06
    4.1739539140E+04    4.5710888120E-06
    4.1753051460E+04    5.0453832440E-06
    4.1766563770E+04    6.3498776879E-06
    4.1780076080E+04    5.3985753504E-06
    4.1793588400E+04    5.2749762520E-06
    4.1807100710E+04    4.3750108576E-06
    4.1820613030E+04    3.2400805376E-06
    4.1834125340E+04    2.8067625621E-06
    4.1847637660E+04    2.8723589424E-06
    4.1861149970E+04    3.1871079962E-06
    4.1874662280E+04    3.9285323205E-06
    4.1888174600E+04    4.8353635237E-06
    4.1901686910E+04    5.5858528428E-06
    4.1915199230E+04    6.0985391230E-06
    4.1928711540E+04    6.9531682776E-06
    4.1942223860E+04    8.3179389586E-06
    4.1955736170E+04    9.0055403397E-06
    4.1969248490E+04    9.3959324520E-06
    4.1982760800E+04    1.0210529920E-05
    4.1996273110E+04    1.1416395780E-05
    4.2009785430E+04    1.1764359519E-05
    4.2023297740E+04    1.1654796493E-05
    4.2036810060E+04    1.2852541111E-05
    4.2050322370E+04    1.3458624528E-05
    4.2063834690E+04    1.3425056161E-05
    4.2077347000E+04    1.2797235342E-05
    4.2090859310E+04    1.2397794727E-05
    4.2104371630E+04    1.1696123764E-05
    4.2117883940E+04    1.0006751135E-05
    4.2131396260E+04    9.8636756297E-06
    4.2144908570E+04    1.1998919716E-05
    4.2158420890E+04    1.3101061157E-05
    4.2171933200E+04    1.4188198713E-05
    4.2185445520E+04    1.3004554446E-05
    4.2198957830E+04    9.2816114231E-06
    4.2212470140E+04    8.4016283168E-06
    4.2225982460E+04    8.9363261931E-06
    4.2239494770E+04    1.1115987773E-05
    4.2253007090E+04    1.3100625899E-05
    4.2266519400E+04    1.2066033070E-05
    4.2280031720E+04    1.0024368357E-05
    4.2293544030E+04    8.6618261372E-06
    4.2307056340E+04    6.2043689213E-06
    4.2320568660E+04    4.3087869910E-06
    4.2334080970E+04    3.4675204036E-06
    4.2347593290E+04    3.0751692348E-06
    4.2361105600E+04    2.5970429738E-06
    4.2374617920E+04    2.1033846242E-06
    4.2388130230E+04    9.2640688151E-07
    4.2401642550E+04    6.7266529582E-07
    4.2415154860E+04    7.1474372772E-08
    4.2428667170E+04    6.7182877791E-09
    4.2442179490E+04    5.4345192035E-07
    4.2455691800E+04    2.1904666348E-06
    4.2469204120E+04    3.4188580310E-06
    4.2482716430E+04    2.2234648602E-06
    4.2496228750E+04    1.4224952476E-06
    4.2509741060E+04    2.2951053299E-07
    4.2523253380E+04    1.5072836648E-08
    4.2536765690E+04    4.9061638809E-09
    4.2550278000E+04    4.9049807038E-09
    4.2563790320E+04    4.9037863541E-09
    4.2577302630E+04    4.9025822190E-09
    4.2590814950E+04    4.9013839784E-09
    4.2604327260E+04    7.5067828704E-09
    4.2617839580E+04    2.0408623777E-07
    4.2631351890E+04    1.0064289197E-06
    4.2644864200E+04    1.6607107353E-06
    4.2658376520E+04    1.5883014191E-06
    4.2671888830E+04    4.5397547701E-07
    4.2685401150E+04    8.0585559760E-09
    4.2698913460E+04    4.8243634722E-09
    4.2712425780E+04    6.5405460318E-09
    4.2725938090E+04    2.5733887046E-08
    4.2739450410E+04    8.3864598171E-07
    4.2752962720E+04    4.3289898729E-07
    4.2766475030E+04    3.1474605842E-08
    4.2779987350E+04    4.7337341765E-09
    4.2793499660E+04    4.7185725634E-09
    4.2807011980E+04    1.7020457280E-08
    4.2820524290E+04    1.0537496954E-07
    4.2834036610E+04    3.3387826141E-07
    4.2847548920E+04    2.7617129373E-07
    4.2861061230E+04    8.4929772207E-09
    4.2874573550E+04    4.8272695703E-09
    4.2888085860E+04    4.8481201684E-09
    4.2901598180E+04    4.8663676976E-09
    4.2915110490E+04    4.8654245352E-09
    4.2928622810E+04    4.8644634368E-09
    4.2942135120E+04    1.7666399115E-08
    4.2955647440E+04    1.1214156088E-06
    4.2969159750E+04    1.6260794067E-06
    4.2982672060E+04    2.7259956303E-08
    4.2996184380E+04    4.8704578917E-09
    4.3009696690E+04    4.8689122140E-09
    4.3023209010E+04    4.8671253898E-09
    4.3036721320E+04    1.2183663857E-08
    4.3050233640E+04    1.1663514306E-07
    4.3063745950E+04    1.3262664992E-06
    4.3077258260E+04    1.7951386057E-06
    4.3090770580E+04    7.5705085302E-07
    4.3104282890E+04    4.7132452341E-08
    4.3117795210E+04    4.8543188638E-09
    4.3131307520E+04    4.8524595039E-09
    4.3144819840E+04    1.4034424918E-07
    4.3158332150E+04    1.3626216501E-06
    4.3171844470E+04    1.6863874220E-06
    4.3185356780E+04    1.3344467479E-06
    4.3198869090E+04    6.9383212914E-07
    4.3212381410E+04    4.4580965782E-08
    4.3225893720E+04    4.8397307178E-09
    4.3239406040E+04    4.8379784345E-09
    4.3252918350E+04    4.8362213202E-09
    4.3266430670E+04    4.8344632179E-09
    4.3279942980E+04    4.8326970745E-09
    4.3293455300E+04    4.8309228793E-09
    4.3306967610E+04    2.4655508094E-07
    4.3320479920E+04    2.6874264520E-06
    4.3333992240E+04    4.3646000551E-06
    4.3347504550E+04    4.1442932896E-06
    4.3361016870E+04    3.5416571805E-06
    4.3374529180E+04    2.6095149507E-06
    4.3388041500E+04    7.0678571296E-07
    4.3401553810E+04    7.7799405994E-09
    4.3415066120E+04    4.8143356687E-09
    4.3428578440E+04    2.1346761648E-08
    4.3442090750E+04    8.0013863360E-07
    4.3455603070E+04    3.9897698750E-07
    4.3469115380E+04    4.1541034163E-08
    4.3482627700E+04    2.2883796930E-07
    4.3496140010E+04    2.5118375160E-07
    4.3509652330E+04    7.2680832597E-09
    4.3523164640E+04    4.8086884440E-09
    4.3536676950E+04    4.8063892119E-09
    4.3550189270E+04    5.3887568008E-09
    4.3563701580E+04    2.0892951120E-07
    4.3577213900E+04    3.2570501793E-08
    4.3590726210E+04    4.7968739888E-09
    4.3604238530E+04    4.7944217043E-09
    4.3617750840E+04    4.7920134893E-09
    4.3631263150E+04    4.7895519392E-09
    4.3644775470E+04    4.7870277537E-09
    4.3658287780E+04    4.7844438996E-09
    4.3671800100E+04    4.7818137373E-09
    4.3685312410E+04    4.7791389637E-09
    4.3698824730E+04    6.6575942851E-09
    4.3712337040E+04    1.6449814199E-07
    4.3725849360E+04    7.7422995474E-07
    4.3739361670E+04    1.6430520688E-06
    4.3752873980E+04    2.1258660267E-06
    4.3766386300E+04    1.4200629416E-06
    4.3779898610E+04    3.6874125789E-08
    4.3793410930E+04    4.7558284190E-09
    4.3806923240E+04    4.7527673522E-09
    4.3820435560E+04    4.7497005249E-09
    4.3833947870E+04    4.7466041147E-09
    4.3847460180E+04    4.7434748712E-09
    4.3860972500E+04    4.7403312896E-09
    4.3874484810E+04    4.7371646887E-09
    4.3887997130E+04    4.7339915591E-09
    4.3901509440E+04    4.7308011109E-09
    4.3915021760E+04    4.7275856790E-09
    4.3928534070E+04    4.7243755563E-09
    4.3942046390E+04    4.7211821834E-09
    4.3955558700E+04    4.7180030920E-09
    4.3969071010E+04    4.7151241198E-09
    4.3982583330E+04    4.7124040425E-09
    4.3996095640E+04    4.7097007391E-09
    4.4009607960E+04    4.7070157504E-09
    4.4023120270E+04    4.7043373334E-09
    4.4036632590E+04    4.7016893418E-09
    4.4050144900E+04    4.6991376585E-09
    4.4063657220E+04    4.7016423680E-09
    4.4077169530E+04    4.6990968863E-09
    4.4090681840E+04    4.6966117755E-09
    4.4104194160E+04    4.6941667096E-09
    4.4117706470E+04    4.6917738657E-09
    4.4131218790E+04    4.6900819613E-09
    4.4144731100E+04    4.6924843787E-09
    4.4158243420E+04    4.6902385062E-09
    4.4171755730E+04    4.6880423826E-09
    4.4185268040E+04    4.6858808593E-09
    4.4198780360E+04    4.6837511527E-09
    4.4212292670E+04    7.8986233111E-08
    4.4225804990E+04    6.3108698117E-07
    4.4239317300E+04    1.2020112004E-06
    4.4252829620E+04    9.9796618285E-07
    4.4266341930E+04    7.4618986560E-07
    4.4279854250E+04    1.1482029091E-07
    4.4293366560E+04    4.6757967230E-09
    4.4306878870E+04    4.6682739026E-09
    4.4320391190E+04    2.4673576438E-08
    4.4333903500E+04    3.1400309300E-07
    4.4347415820E+04    6.9637799631E-09
    4.4360928130E+04    4.6611939493E-09
    4.4374440450E+04    4.6595105049E-09
    4.4387952760E+04    4.6578567828E-09
    4.4401465070E+04    2.2178061800E-07
    4.4414977390E+04    1.9644390875E-06
    4.4428489700E+04    3.9967232242E-06
    4.4442002020E+04    4.3372372767E-06
    4.4455514330E+04    2.8028188736E-06
    4.4469026650E+04    4.6386406686E-07
    4.4482538960E+04    6.0976490454E-09
    4.4496051280E+04    4.6448981992E-09
    4.4509563590E+04    4.6431938949E-09
    4.4523075900E+04    4.6414904242E-09
    4.4536588220E+04    4.6397692678E-09
    4.4550100530E+04    4.6380413158E-09
    4.4563612850E+04    4.6363106420E-09
    4.4577125160E+04    4.6345813399E-09
    4.4590637480E+04    4.6328481493E-09
    4.4604149790E+04    4.6311104955E-09
    4.4617662110E+04    4.6294046238E-09
    4.4631174420E+04    4.6276965624E-09
    4.4644686730E+04    4.6259979767E-09
    4.4658199050E+04    4.6242744217E-09
    4.4671711360E+04    4.6225504568E-09
    4.4685223680E+04    5.3499644771E-08
    4.4698735990E+04    9.8019396376E-07
    4.4712248310E+04    7.2144196823E-07
    4.4725760620E+04    7.5120769331E-07
    4.4739272930E+04    2.0184589838E-06
    4.4752785250E+04    2.2576253251E-06
    4.4766297560E+04    1.4059101709E-06
    4.4779809880E+04    1.9151944237E-06
    4.4793322190E+04    1.2341222396E-06
    4.4806834510E+04    4.0779575198E-07
    4.4820346820E+04    2.2188049418E-08
    4.4833859140E+04    4.6049373765E-09
    4.4847371450E+04    4.6067031840E-09
    4.4860883760E+04    4.6059367284E-09
    4.4874396080E+04    4.6037656025E-09
    4.4887908390E+04    4.6015651814E-09
    4.4901420710E+04    4.5993368374E-09
    4.4914933020E+04    4.5970436612E-09
    4.4928445340E+04    4.5947000262E-09
    4.4941957650E+04    4.5923094899E-09
    4.4955469960E+04    4.5897798498E-09
    4.4968982280E+04    4.5872217085E-09
    4.4982494590E+04    4.5845983866E-09
    4.4996006910E+04    4.5819325956E-09
    4.5009519220E+04    6.8811387157E-09
    4.5023031540E+04    5.3039572953E-08
    4.5036543850E+04    9.0863325674E-09
    4.5050056170E+04    4.5710491121E-09
    4.5063568480E+04    4.5682128179E-09
    4.5077080790E+04    4.5653296397E-09
    4.5090593110E+04    4.5624111783E-09
    4.5104105420E+04    5.6231415176E-09
    4.5117617740E+04    2.7416723040E-07
    4.5131130050E+04    1.7317609213E-06
    4.5144642370E+04    2.4534099419E-06
    4.5158154680E+04    2.6536291636E-06
    4.5171666990E+04    2.7480204716E-06
    4.5185179310E+04    2.6752319883E-06
    4.5198691620E+04    2.3266939176E-06
    4.5212203940E+04    4.3623390674E-07
    4.5225716250E+04    4.3159233564E-08
    4.5239228570E+04    4.9440948605E-09
    4.5252740880E+04    4.5242754767E-09
    4.5266253200E+04    4.5208555761E-09
    4.5279765510E+04    4.5173854625E-09
    4.5293277820E+04    4.5138975359E-09
    4.5306790140E+04    4.5103717693E-09
    4.5320302450E+04    4.8461025592E-09
    4.5333814770E+04    4.2420774315E-08
    4.5347327080E+04    2.4367790700E-08
    4.5360839400E+04    4.4960505449E-09
    4.5374351710E+04    4.4924594120E-09
    4.5387864030E+04    4.4888647199E-09
    4.5401376340E+04    4.4852597121E-09
    4.5414888650E+04    4.4816679024E-09
    4.5428400970E+04    4.4780702199E-09
    4.5441913280E+04    4.4744429502E-09
    4.5455425600E+04    4.4708011007E-09
    4.5468937910E+04    4.4671454792E-09
    4.5482450230E+04    4.4635191374E-09
    4.5495962540E+04    4.4598899827E-09
    4.5509474850E+04    4.4563295756E-09
    4.5522987170E+04    1.1461955621E-08
    4.5536499480E+04    1.3665957446E-06
    4.5550011800E+04    3.9014990797E-06
    4.5563524110E+04    4.9875697896E-06
    4.5577036430E+04    4.8506317156E-06
    4.5590548740E+04    3.5754679059E-06
    4.5604061060E+04    2.0239839852E-06
    4.5617573370E+04    8.2895287555E-07
    4.5631085680E+04    1.8141869153E-08
    4.5644598000E+04    4.4270743320E-09
    4.5658110310E+04    4.4237912780E-09
    4.5671622630E+04    4.4205209885E-09
    4.5685134940E+04    4.4172509270E-09
    4.5698647260E+04    4.4140292298E-09
    4.5712159570E+04    4.4118780886E-09
    4.5725671880E+04    4.4125872142E-09
    4.5739184200E+04    4.4093534464E-09
    4.5752696510E+04    1.1600934056E-07
    4.5766208830E+04    1.4854820535E-06
    4.5779721140E+04    6.2630083046E-06
    4.5793233460E+04    6.8970780047E-06
    4.5806745770E+04    6.3045472727E-06
    4.5820258090E+04    6.1055898320E-06
    4.5833770400E+04    7.2596432378E-06
    4.5847282710E+04    8.0548264004E-06
    4.5860795030E+04    8.3799926469E-06
    4.5874307340E+04    5.8481301835E-06
    4.5887819660E+04    3.1910686585E-07
    4.5901331970E+04    4.3709036555E-09
    4.5914844290E+04    4.3674884249E-09
    4.5928356600E+04    4.3640407334E-09
    4.5941868910E+04    4.3605822662E-09
    4.5955381230E+04    1.4731339342E-08
    4.5968893540E+04    1.1438980133E-07
    4.5982405860E+04    1.2255914505E-06
    4.5995918170E+04    1.9309239441E-06
    4.6009430490E+04    2.8076358213E-06
    4.6022942800E+04    5.6690483517E-06
    4.6036455120E+04    9.0607482071E-06
    4.6049967430E+04    1.5967586848E-05
    4.6063479740E+04    2.3496743582E-05
    4.6076992060E+04    2.9089818446E-05
    4.6090504370E+04    3.3884479659E-05
    4.6104016690E+04    3.7211786794E-05
    4.6117529000E+04    4.1273964239E-05
    4.6131041320E+04    4.5691056745E-05
    4.6144553630E+04    4.9807162077E-05
    4.6158065950E+04    5.3606512187E-05
    4.6171578260E+04    5.8439465601E-05
    4.6185090570E+04    6.5489276465E-05
    4.6198602890E+04    7.3440104205E-05
    4.6212115200E+04    8.2182548231E-05
    4.6225627520E+04    9.1169071439E-05
    4.6239139830E+04    1.0077465096E-04
    4.6252652150E+04    1.1085923109E-04
    4.6266164460E+04    1.2066827230E-04
    4.6279676770E+04    1.3231488864E-04
    4.6293189090E+04    1.4559726999E-04
    4.6306701400E+04    1.6062715536E-04
    4.6320213720E+04    1.7437608593E-04
    4.6333726030E+04    1.8773704516E-04
    4.6347238350E+04    2.0176078977E-04
    4.6360750660E+04    2.1897992142E-04
    4.6374262980E+04    2.3951636186E-04
    4.6387775290E+04    2.6656161587E-04
    4.6401287600E+04    3.0117548025E-04
    4.6414799920E+04    3.4485775568E-04
    4.6428312230E+04    4.0015590010E-04
    4.6441824550E+04    4.6485173452E-04
    4.6455336860E+04    5.4071112465E-04
    4.6468849180E+04    6.3272531283E-04
    4.6482361490E+04    7.4021493545E-04
    4.6495873800E+04    8.6485532765E-04
    4.6509386120E+04    1.0075404709E-03
    4.6522898430E+04    1.1753125206E-03
    4.6536410750E+04    1.3723429925E-03
    4.6549923060E+04    1.6038746185E-03
    4.6563435380E+04    1.8766233975E-03
    4.6576947690E+04    2.2035522519E-03
    4.6590460010E+04    2.6042692651E-03
    4.6603972320E+04    3.0911762440E-03
    4.6617484630E+04    3.6974596155E-03
    4.6630996950E+04    4.4448505896E-03
    4.6644509260E+04    5.3651594200E-03
    4.6658021580E+04    6.5502454459E-03
    4.6671533890E+04    8.0375348881E-03
    4.6685046210E+04    9.9246985195E-03
    4.6698558520E+04    1.2396823463E-02
    4.6712070830E+04    1.5581016411E-02
    4.6725583150E+04    1.9772053978E-02
    4.6739095460E+04    2.5354304321E-02
    4.6752607780E+04    3.2681098527E-02
    4.6766120090E+04    4.2462487974E-02
    4.6779632410E+04    5.5253019269E-02
    4.6793144720E+04    7.1868031661E-02
    4.6806657040E+04    9.2479043377E-02
    4.6820169350E+04    1.1711913777E-01
    4.6833681660E+04    1.4624951056E-01
    4.6847193980E+04    1.7469145838E-01
    4.6860706290E+04    2.0388319274E-01
    4.6874218610E+04    2.3036198249E-01
    4.6887730920E+04    2.4952768100E-01
    4.6901243240E+04    2.6531303037E-01
    4.6914755550E+04    2.7425555523E-01
    4.6928267870E+04    2.7905668289E-01
    4.6941780180E+04    2.8162300745E-01
    4.6955292490E+04    2.8174809785E-01
    4.6968804810E+04    2.8156842520E-01
    4.6982317120E+04    2.8145495635E-01
    4.6995829440E+04    2.8128719271E-01
    4.7009341750E+04    2.8124150628E-01
    4.7022854070E+04    2.8136480207E-01
    4.7036366380E+04    2.8142359992E-01
    4.7049878690E+04    2.8134192785E-01
    4.7063391010E+04    2.8086143620E-01
    4.7076903320E+04    2.7990968173E-01
    4.7090415640E+04    2.7867616059E-01
    4.7103927950E+04    2.7693627417E-01
    4.7117440270E+04    2.7513919109E-01
    4.7130952580E+04    2.7326073190E-01
    4.7144464900E+04    2.7174364621E-01
    4.7157977210E+04    2.7055746014E-01
    4.7171489520E+04    2.6997177489E-01
    4.7185001840E+04    2.7004637384E-01
    4.7198514150E+04    2.7037434186E-01
    4.7212026470E+04    2.7075200782E-01
    4.7225538780E+04    2.7006993824E-01
    4.7239051100E+04    2.6854953553E-01
    4.7252563410E+04    2.6239331154E-01
    4.7266075720E+04    2.5338253716E-01
    4.7279588040E+04    2.4010552937E-01
    4.7293100350E+04    2.2068878334E-01
    4.7306612670E+04    1.9948213076E-01
    4.7320124980E+04    1.7390289803E-01
    4.7333637300E+04    1.4788516976E-01
    4.7347149610E+04    1.2362835971E-01
    4.7360661930E+04    9.9761219859E-02
    4.7374174240E+04    7.9712022006E-02
    4.7387686550E+04    6.2774601591E-02
    4.7401198870E+04    4.9056846083E-02
    4.7414711180E+04    3.8262372631E-02
    4.7428223500E+04    2.9868256711E-02
    4.7441735810E+04    2.3418618964E-02
    4.7455248130E+04    1.8423373735E-02
    4.7468760440E+04    1.4651373965E-02
    4.7482272760E+04    1.1709069057E-02
    4.7495785070E+04    9.4336855294E-03
    4.7509297380E+04    7.6701935533E-03
    4.7522809700E+04    6.2662298589E-03
    4.7536322010E+04    5.1725494924E-03
    4.7549834330E+04    4.2943508840E-03
    4.7563346640E+04    3.5840815011E-03
    4.7576858960E+04    3.0166112649E-03
    4.7590371270E+04    2.5481919139E-03
    4.7603883580E+04    2.1666822280E-03
    4.7617395900E+04    1.8520172980E-03
    4.7630908210E+04    1.5875755278E-03
    4.7644420530E+04    1.3683235815E-03
    4.7657932840E+04    1.1830640585E-03
    4.7671445160E+04    1.0270009325E-03
    4.7684957470E+04    8.9385832353E-04
    4.7698469790E+04    7.7816959197E-04
    4.7711982100E+04    6.7636025226E-04
    4.7725494410E+04    5.8857356977E-04
    4.7739006730E+04    5.1265461009E-04
    4.7752519040E+04    4.4779716950E-04
    4.7766031360E+04    3.9208609442E-04
    4.7779543670E+04    3.4493601444E-04
    4.7793055990E+04    3.0796882285E-04
    4.7806568300E+04    2.7707416053E-04
    4.7820080610E+04    2.5297290464E-04
    4.7833592930E+04    2.3110009674E-04
    4.7847105240E+04    2.1126486330E-04
    4.7860617560E+04    1.9299569783E-04
    4.7874129870E+04    1.7609037665E-04
    4.7887642190E+04    1.5974449298E-04
    4.7901154500E+04    1.4480121619E-04
    4.7914666820E+04    1.3115743672E-04
    4.7928179130E+04    1.1844651431E-04
    4.7941691440E+04    1.0640350557E-04
    4.7955203760E+04    9.4117482557E-05
    4.7968716070E+04    8.4106150009E-05
    4.7982228390E+04    7.5675719438E-05
    4.7995740700E+04    6.9946114504E-05
    4.8009253020E+04    6.3728978259E-05
    4.8022765330E+04    5.6093474187E-05
    4.8036277640E+04    4.8096434872E-05
    4.8049789960E+04    4.0775336087E-05
    4.8063302270E+04    3.6000112421E-05
    4.8076814590E+04    3.1966478010E-05
    4.8090326900E+04    2.8715997386E-05
    4.8103839220E+04    2.5684538678E-05
    4.8117351530E+04    2.3106594917E-05
    4.8130863850E+04    2.0330346449E-05
    4.8144376160E+04    1.7344045832E-05
    4.8157888470E+04    1.4211415677E-05
    4.8171400790E+04    1.0877230542E-05
    4.8184913100E+04    7.9785747672E-06
    4.8198425420E+04    4.8346634561E-06
    4.8211937730E+04    2.4032015448E-06
    4.8225450050E+04    1.2709901452E-06
    4.8238962360E+04    4.6219075357E-08
    4.8252474680E+04    3.6898762673E-09
    4.8265986990E+04    3.6862326451E-09
    4.8279499300E+04    3.6825490386E-09
    4.8293011620E+04    3.6787808694E-09
    4.8306523930E+04    3.6748976121E-09
    4.8320036250E+04    3.6709006256E-09
    4.8333548560E+04    3.6668503559E-09
    4.8347060880E+04    3.6627399564E-09
    4.8360573190E+04    3.6585205878E-09
    4.8374085500E+04    3.6541800083E-09
    4.8387597820E+04    4.6140394680E-09
    4.8401110130E+04    1.8317727160E-07
    4.8414622450E+04    2.2052212832E-06
    4.8428134760E+04    2.8450601777E-06
    4.8441647080E+04    2.9638323261E-06
    4.8455159390E+04    2.8904284730E-06
    4.8468671710E+04    2.6439489359E-06
    4.8482184020E+04    2.5755102166E-06
    4.8495696330E+04    2.7215786352E-06
    4.8509208650E+04    2.9246035579E-06
    4.8522720960E+04    3.1196460903E-06
    4.8536233280E+04    2.4776253796E-06
    4.8549745590E+04    1.2864079580E-06
    4.8563257910E+04    3.4575941727E-07
    4.8576770220E+04    2.7370327620E-08
    4.8590282530E+04    3.6222248029E-09
    4.8603794850E+04    8.1860801915E-09
    4.8617307160E+04    3.1726543081E-08
    4.8630819480E+04    1.7464456535E-07
    4.8644331790E+04    3.8355254031E-07
    4.8657844110E+04    1.1003670619E-06
    4.8671356420E+04    7.5874182053E-07
    4.8684868740E+04    2.6569291423E-07
    4.8698381050E+04    8.0641533564E-09
    4.8711893360E+04    1.3274484593E-08
    4.8725405680E+04    5.0286393820E-07
    4.8738917990E+04    3.7503993980E-07
    4.8752430310E+04    1.1081328430E-07
    4.8765942620E+04    7.5822112223E-09
    4.8779454940E+04    3.4657509167E-09
    4.8792967250E+04    3.4564899438E-09
    4.8806479560E+04    3.4472233896E-09
    4.8819991880E+04    3.4380002608E-09
    4.8833504190E+04    3.4287974686E-09
    4.8847016510E+04    3.4196388490E-09
    4.8860528820E+04    3.4105723548E-09
    4.8874041140E+04    3.4015877336E-09
    4.8887553450E+04    3.3926785164E-09
    4.8901065770E+04    3.3838389296E-09
    4.8914578080E+04    3.3750762546E-09
    4.8928090390E+04    3.3664428309E-09
    4.8941602710E+04    3.3579204952E-09
    4.8955115020E+04    3.3495022127E-09
    4.8968627340E+04    3.3411756491E-09
    4.8982139650E+04    3.3329683650E-09
    4.8995651970E+04    3.3249026236E-09
    4.9009164280E+04    3.3169564806E-09
    4.9022676600E+04    3.3091191574E-09
    4.9036188910E+04    3.3013781678E-09
    4.9049701220E+04    3.2937606886E-09
    4.9063213540E+04    3.2862587547E-09
    4.9076725850E+04    3.2788493913E-09
    4.9090238170E+04    3.2714862015E-09
    4.9103750480E+04    3.2641512417E-09
    4.9117262800E+04    3.2568639915E-09
    4.9130775110E+04    3.2495917093E-09
    4.9144287420E+04    3.2422991267E-09
    4.9157799740E+04    3.2349190827E-09
    4.9171312050E+04    3.2274358365E-09
    4.9184824370E+04    3.2198167892E-09
    4.9198336680E+04    3.2120573985E-09
    4.9211849000E+04    3.2040518991E-09
    4.9225361310E+04    3.1957583697E-09
    4.9238873630E+04    3.1871456008E-09
    4.9252385940E+04    3.1781636175E-09
    4.9265898250E+04    3.1688256786E-09
    4.9279410570E+04    3.1589866042E-09
    4.9292922880E+04    3.1486338847E-09
    4.9306435200E+04    3.1376704981E-09
    4.9319947510E+04    3.1260807964E-09
    4.9333459830E+04    3.1138430828E-09
    4.9346972140E+04    3.1008142405E-09
    4.9360484450E+04    3.0870091841E-09
    4.9373996770E+04    3.0722281335E-09
    4.9387509080E+04    3.0565573095E-09
    4.9401021400E+04    3.0398723204E-09
    4.9414533710E+04    3.0236249634E-09
    4.9428046030E+04    3.0065597700E-09
    4.9441558340E+04    2.9864211518E-09
    4.9455070660E+04    2.9651510538E-09
    4.9468582970E+04    2.9425281490E-09
    4.9482095280E+04    2.9186757058E-09
    4.9495607600E+04    2.8934528360E-09
    4.9509119910E+04    2.8668617097E-09
    4.9522632230E+04    2.8389754411E-09
    4.9536144540E+04    2.8096399793E-09
    4.9549656860E+04    2.7790544445E-09
    4.9563169170E+04    2.7469603448E-09
    4.9576681480E+04    2.7135824735E-09
    4.9590193800E+04    2.6788457129E-09
    4.9603706110E+04    2.6428256739E-09
    4.9617218430E+04    2.6056145399E-09
    4.9630730740E+04    2.5670976980E-09
    4.9644243060E+04    2.5275544356E-09
    4.9657755370E+04    2.4868097925E-09
    4.9671267690E+04    2.4451833922E-09
    4.9684780000E+04    2.4025966362E-09
    4.9698292310E+04    2.3591727367E-09
    4.9711804630E+04    2.3150592446E-09
    4.9725316940E+04    2.2702235583E-09
    4.9738829260E+04    2.2249443351E-09
    4.9752341570E+04    2.1790755947E-09
    4.9765853890E+04    2.1329158532E-09
    4.9779366200E+04    2.0864114727E-09
    4.9792878520E+04    2.0397502353E-09
    4.9806390830E+04    1.9930182880E-09
    4.9819903140E+04    1.9462569088E-09
    4.9833415460E+04    1.8996368398E-09
    4.9846927770E+04    1.8530941360E-09
    4.9860440090E+04    1.8068868798E-09
    4.9873952400E+04    1.7609716017E-09
    4.9887464720E+04    1.7155018117E-09
    4.9900977030E+04    1.6704892416E-09
    4.9914489340E+04    1.6259895352E-09
    4.9928001660E+04    1.5820999522E-09
    4.9941513970E+04    1.5388180399E-09
    4.9955026290E+04    1.4962739697E-09
    4.9968538600E+04    1.4544008995E-09
    4.9982050920E+04    1.4132908528E-09
    4.9995563230E+04    1.3729261354E-09
    5.0009075550E+04    1.3334889692E-09
    5.0022587860E+04    1.2949111791E-09
    5.0036100170E+04    1.2571092202E-09
    5.0049612490E+04    1.2201116262E-09
    5.0063124800E+04    1.1838738203E-09
    5.0076637120E+04    1.1484628042E-09
    5.0090149430E+04    1.1150386222E-09
    5.0103661750E+04    1.0811591623E-09
    5.0117174060E+04    1.0480406904E-09
    5.0130686370E+04    1.0156749820E-09
    5.0144198690E+04    9.8406252578E-10
    5.0157711000E+04    9.5316840228E-10
    5.0171223320E+04    9.2300534009E-10
    5.0184735630E+04    8.9351354548E-10
    5.0198247950E+04    8.6471983540E-10
    5.0211760260E+04    8.3657359405E-10
    5.0225272580E+04    8.0908640282E-10
    5.0238784890E+04    7.8221757032E-10
    5.0252297200E+04    7.5594645264E-10
    5.0265809520E+04    7.3026385320E-10
    5.0279321830E+04    7.0513221848E-10
    5.0292834150E+04    2.4512709913E-09
    5.0306346460E+04    8.2826506827E-08
    5.0319858780E+04    3.0692456678E-07
    5.0333371090E+04    3.2694240607E-07
    5.0346883410E+04    1.7328082244E-07
    5.0360395720E+04    7.4734576961E-08
    5.0373908030E+04    2.7832095800E-09
    5.0387420350E+04    5.2277270373E-10
    5.0400932660E+04    5.0214859284E-10
    5.0414444980E+04    4.8201578163E-10
    5.0427957290E+04    4.6232601953E-10
    5.0441469610E+04    4.4314145008E-10
    5.0454981920E+04    4.2440294337E-10
    5.0468494230E+04    4.0615425439E-10
    5.0482006550E+04    3.8836826770E-10
    5.0495518860E+04    3.7106482631E-10
    5.0509031180E+04    3.5424503174E-10
    5.0522543490E+04    3.3790099386E-10
    5.0536055810E+04    5.6720191576E-10
    5.0549568120E+04    1.2324685941E-08
    5.0563080440E+04    6.5353102453E-08
    5.0576592750E+04    5.8343466905E-08
    5.0590105060E+04    5.3752180810E-08
    5.0603617380E+04    5.0226282814E-08
    5.0617129690E+04    5.7600511158E-08
    5.0630642010E+04    6.8790342480E-08
    5.0644154320E+04    1.0424576489E-07
    5.0657666640E+04    1.5128332768E-07
    5.0671178950E+04    1.8434857322E-07
    5.0684691260E+04    1.9141970291E-07
    5.0698203580E+04    1.5048241162E-07
    5.0711715890E+04    7.4725684769E-08
    5.0725228210E+04    2.4756030528E-08
    5.0738740520E+04    1.9307864342E-09
    5.0752252840E+04    1.6107689405E-10
    5.0765765150E+04    1.4133085202E-09
    5.0779277470E+04    6.4829822321E-08
    5.0792789780E+04    5.9757182252E-08
    5.0806302090E+04    4.8073502408E-08
    5.0819814410E+04    2.0534913191E-08
    5.0833326720E+04    3.9803219757E-09
    5.0846839040E+04    2.1023895267E-10
    5.0860351350E+04    8.3319741467E-11
    5.0873863670E+04    7.8340286971E-11
    5.0887375980E+04    7.3648382693E-11
    5.0900888290E+04    6.9228517520E-11
    5.0914400610E+04    6.5067925754E-11
    5.0927912920E+04    6.1154716206E-11
    5.0941425240E+04    5.7476221241E-11
    5.0954937550E+04    5.4020266009E-11
    5.0968449870E+04    5.0773501365E-11
    5.0981962180E+04    4.7723016219E-11
    5.0995474500E+04    4.4858076836E-11
