 #atmflag =           -2 , [M/H] = 0.40, fsed = 1.00
 #Conversion factor  L_{Jupiter} = 8.710e-10 x L_{Sun} with L_{Sun} = 3.846e+33 erg/s
 #1:log(Age/yr), 2:Mass/Mearth, 3:Radius/Rjupiter, 4:Luminosity/Ljupiter, 5:Teff/K, 6:logg/cgs, 7:NACOJ, 8:NACOH, 9:NACOKs, 10:NACOLp, 11:NACOMp, 12:CousinsR, 13:CousinsI, 14:WISE1, 15:WISE2, 16:WISE3, 17:WISE4, 18:F115W, 19:F150W, 20:F200W, 21:F277W, 22:F356W, 23:F444W, 24:F560W, 25:F770W, 26:F1000W, 27:F1280W, 28:F1500W, 29:F1800W, 30:F2100W, 31:F2550W, 32:VISIRB87, 33:VISIRSiC, 34:SPHEREY, 35:SPHEREJ, 36:SPHEREH, 37:SPHEREKs, 38:SPHEREJ2, 39:SPHEREJ3, 40:SPHEREH2, 41:SPHEREH3, 42:SPHEREK1, 43:SPHEREK2
         6.0       159.0       1.268    2186.852     594.719       2.888       20.93       19.91       17.94       14.67       13.14       31.13       27.05       15.96       13.31       11.31       10.41       21.17       20.45       18.24       16.50       15.51       13.54       13.01       12.57       11.39       11.15       10.75       10.54       10.45       10.36       11.71       11.12       21.71       20.93       19.95       17.96       22.65       19.81       19.30       20.54       17.43       19.37
         6.1       159.0       1.255    1888.019     576.067       2.896       21.58       20.28       18.20       14.85       13.28       31.86       27.83       16.18       13.45       11.44       10.51       21.87       20.84       18.51       16.75       15.71       13.69       13.20       12.73       11.52       11.28       10.86       10.64       10.55       10.46       11.83       11.25       22.46       21.59       20.33       18.22       23.28       20.47       19.70       20.88       17.68       19.69
         6.2       159.0       1.243    1611.247     556.504       2.905       22.32       20.68       18.48       15.05       13.42       32.68       28.74       16.42       13.60       11.57       10.62       22.68       21.25       18.80       17.04       15.92       13.84       13.40       12.91       11.68       11.41       10.97       10.74       10.66       10.57       11.98       11.39       23.40       22.33       20.74       18.49       23.93       21.25       20.11       21.26       17.94       20.05
         6.3       159.0       1.230    1357.167     535.934       2.914       23.17       21.13       18.80       15.26       13.58       33.67       29.87       16.68       13.77       11.72       10.74       23.67       21.71       19.13       17.37       16.15       14.01       13.64       13.12       11.85       11.55       11.10       10.86       10.77       10.69       12.14       11.55       24.65       23.18       21.19       18.81       24.60       22.19       20.55       21.68       18.23       20.46
         6.4       159.0       1.217    1127.365     514.390       2.923       24.07       21.62       19.16       15.49       13.75       34.75       31.11       16.97       13.94       11.88       10.86       24.72       22.22       19.51       17.75       16.40       14.20       13.90       13.35       12.05       11.70       11.23       10.98       10.90       10.82       12.33       11.71       26.06       24.07       21.68       19.15       25.28       23.20       21.02       22.16       18.56       20.92
         6.5       159.0       1.204     923.413     492.005       2.933       24.86       22.14       19.55       15.74       13.94       35.76       32.20       17.29       14.14       12.06       11.00       25.62       22.74       19.93       18.17       16.68       14.40       14.20       13.60       12.26       11.86       11.37       11.10       11.03       10.96       12.54       11.89       27.25       24.85       22.20       19.53       25.97       24.06       21.49       22.69       18.92       21.43
         6.6       159.0       1.191     747.389     469.198       2.942       25.49       22.68       19.98       16.02       14.14       36.64       33.07       17.64       14.35       12.25       11.13       26.27       23.28       20.38       18.65       16.98       14.62       14.51       13.88       12.49       12.03       11.52       11.23       11.17       11.10       12.77       12.08       28.05       25.48       22.74       19.95       26.64       24.68       21.97       23.26       19.31       22.00
         6.7       159.0       1.178     600.845     446.683       2.951       26.05       23.24       20.45       16.32       14.34       37.46       33.83       18.02       14.57       12.45       11.27       26.81       23.83       20.86       19.18       17.30       14.84       14.84       14.16       12.74       12.23       11.67       11.37       11.31       11.24       13.03       12.29       28.67       26.04       23.28       20.39       27.32       25.19       22.44       23.85       19.73       22.63
         6.8       159.0       1.165     478.389     424.207       2.961       26.65       23.83       20.95       16.64       14.55       38.34       34.65       18.44       14.79       12.67       11.42       27.41       24.41       21.39       19.78       17.65       15.07       15.19       14.47       13.02       12.44       11.85       11.52       11.45       11.39       13.31       12.53       29.35       26.64       23.87       20.87       28.03       25.74       22.94       24.49       20.18       23.34
         6.9       159.0       1.153     366.728     399.000       2.970       27.48       24.61       21.59       17.03       14.82       39.58       35.83       18.95       15.06       12.93       11.58       28.24       25.17       22.05       20.51       18.09       15.36       15.60       14.82       13.35       12.71       12.04       11.68       11.61       11.55       13.64       12.80       30.31       27.47       24.63       21.47       28.95       26.53       23.61       25.28       20.76       24.22
         7.0       159.0       1.142     272.159     372.121       2.978       28.54       25.58       22.38       17.52       15.15       41.20       37.35       19.54       15.41       13.22       11.75       29.31       26.14       22.87       21.37       18.61       15.72       16.08       15.22       13.74       13.02       12.26       11.87       11.79       11.72       14.01       13.12       31.53       28.52       25.59       22.23       30.09       27.55       24.47       26.22       21.49       25.25
         7.1       159.0       1.132     219.880     354.443       2.986       29.10       26.17       22.98       17.87       15.38       41.96       38.08       19.99       15.64       13.44       11.88       29.85       26.71       23.48       22.03       19.00       15.96       16.42       15.52       14.05       13.27       12.43       12.01       11.92       11.85       14.30       13.38       32.15       29.08       26.17       22.82       30.78       28.07       24.96       26.88       22.05       26.06
         7.2       159.0       1.121     186.578     341.837       2.995       29.32       26.51       23.46       18.14       15.52       42.14       38.28       20.36       15.79       13.63       11.99       30.05       27.02       23.97       22.57       19.31       16.11       16.69       15.77       14.32       13.49       12.57       12.14       12.04       11.95       14.55       13.59       32.38       29.30       26.50       23.28       31.19       28.25       25.21       27.38       22.50       26.74
         7.3       159.0       1.109     160.378     330.862       3.004       29.44       26.78       23.91       18.39       15.65       42.15       38.33       20.70       15.93       13.81       12.09       30.14       27.25       24.43       23.08       19.60       16.25       16.94       16.02       14.59       13.70       12.71       12.26       12.14       12.05       14.79       13.80       32.48       29.43       26.75       23.72       31.51       28.33       25.38       27.83       22.92       27.39
         7.4       159.0       1.097     137.632     320.249       3.013       29.60       27.06       24.38       18.65       15.78       42.26       38.45       21.05       16.06       14.00       12.20       30.27       27.51       24.91       23.60       19.89       16.39       17.19       16.26       14.86       13.92       12.85       12.39       12.25       12.16       15.03       14.01       32.64       29.59       27.02       24.18       31.86       28.45       25.58       28.29       23.37       28.05
         7.5       159.0       1.083     116.910     309.324       3.024       29.92       27.45       24.90       18.93       15.94       42.69       38.85       21.43       16.23       14.19       12.31       30.57       27.86       25.44       24.15       20.21       16.55       17.46       16.51       15.15       14.15       13.00       12.52       12.37       12.26       15.29       14.24       32.99       29.91       27.39       24.70       32.34       28.73       25.89       28.80       23.88       28.78
         7.6       159.0       1.070      97.758     297.719       3.035       30.55       28.02       25.52       19.26       16.16       43.77       39.82       21.83       16.46       14.39       12.42       31.19       28.42       26.05       24.76       20.57       16.78       17.76       16.78       15.46       14.40       13.16       12.67       12.50       12.37       15.55       14.47       33.73       30.53       27.95       25.29       33.04       29.33       26.40       29.40       24.47       29.57
         7.7       159.0       1.055      80.306     285.364       3.047       31.56       28.84       26.25       19.64       16.44       45.66       41.48       22.27       16.75       14.61       12.55       32.21       29.22       26.77       25.41       20.97       17.08       18.08       17.05       15.78       14.67       13.33       12.82       12.63       12.48       15.83       14.72       34.97       31.55       28.76       26.00       34.02       30.33       27.19       30.11       25.17       30.46
         7.8       159.0       1.041      65.428     273.005       3.059       32.68       29.73       27.11       20.05       16.76       47.66       43.28       22.74       17.08       14.83       12.67       33.35       30.11       27.62       26.11       21.41       17.41       18.44       17.32       16.14       14.95       13.51       12.99       12.76       12.58       16.12       14.99       36.32       32.67       29.66       26.84       35.11       31.45       28.07       30.90       26.01       31.42
         7.9       159.0       1.026      53.263     261.162       3.071       33.58       30.52       28.10       20.49       17.08       48.94       44.53       23.25       17.40       15.07       12.79       34.25       30.90       28.61       26.84       21.88       17.73       18.81       17.61       16.52       15.27       13.71       13.17       12.90       12.69       16.43       15.27       37.36       33.56       30.45       27.83       36.08       32.33       28.85       31.74       27.01       32.43
         8.0       159.0       1.011      43.448     249.988       3.084       34.01       31.08       29.22       20.95       17.36       48.92       44.72       23.81       17.68       15.33       12.92       34.67       31.45       29.76       27.60       22.38       18.02       19.19       17.91       16.95       15.63       13.94       13.37       13.04       12.79       16.77       15.60       37.76       34.00       31.00       28.98       36.78       32.72       29.39       32.60       28.17       33.48
         8.1       159.0       0.997      35.499     239.418       3.097       33.91       31.35       30.48       21.43       17.60       47.36       43.67       24.41       17.93       15.62       13.06       34.51       31.72       31.06       28.39       22.92       18.26       19.59       18.23       17.43       16.04       14.19       13.60       13.20       12.90       17.13       15.95       37.42       33.90       31.27       30.29       37.18       32.55       29.63       33.48       29.50       34.54
         8.2       159.0       0.982      28.970     229.236       3.109       33.48       31.45       31.87       21.93       17.81       44.78       41.75       25.06       18.15       15.94       13.20       33.99       31.81       32.48       29.18       23.50       18.47       19.99       18.57       17.96       16.49       14.48       13.84       13.36       13.02       17.53       16.34       36.60       33.47       31.37       31.73       37.39       32.02       29.69       34.38       30.97       35.60
         8.3       159.0       0.968      23.506     219.170       3.122       32.93       31.50       33.39       22.46       18.02       41.74       39.42       25.76       18.36       16.28       13.37       33.34       31.85       34.03       29.95       24.12       18.68       20.39       18.93       18.52       16.97       14.79       14.11       13.55       13.16       17.95       16.76       35.59       32.92       31.41       33.27       37.56       31.37       29.70       35.32       32.53       36.63
         8.4       159.0       0.953      18.740     208.644       3.135       32.46       31.62       35.13       23.05       18.25       38.67       37.01       26.54       18.61       16.66       13.56       32.78       31.95       35.73       30.71       24.82       18.91       20.79       19.32       19.16       17.52       15.14       14.43       13.77       13.33       18.40       17.22       34.62       32.45       31.53       34.95       37.84       30.80       29.79       36.36       34.23       37.68
