 #atmflag =           -2 , [M/H] = 1.20, clear
 #Conversion factor  L_{Jupiter} = 8.710e-10 x L_{Sun} with L_{Sun} = 3.846e+33 erg/s
 #1:log(Age/yr), 2:Mass/Mearth, 3:Radius/Rjupiter, 4:Luminosity/Ljupiter, 5:Teff/K, 6:logg/cgs, 7:NACOJ, 8:NACOH, 9:NACOKs, 10:NACOLp, 11:NACOMp, 12:CousinsR, 13:CousinsI, 14:WISE1, 15:WISE2, 16:WISE3, 17:WISE4, 18:F115W, 19:F150W, 20:F200W, 21:F277W, 22:F356W, 23:F444W, 24:F560W, 25:F770W, 26:F1000W, 27:F1280W, 28:F1500W, 29:F1800W, 30:F2100W, 31:F2550W, 32:VISIRB87, 33:VISIRSiC, 34:SPHEREY, 35:SPHEREJ, 36:SPHEREH, 37:SPHEREKs, 38:SPHEREJ2, 39:SPHEREJ3, 40:SPHEREH2, 41:SPHEREH3, 42:SPHEREK1, 43:SPHEREK2
         6.0        50.0       1.483     460.648     372.538       2.249       21.32       22.84       20.99       17.55       14.06       28.66       25.42       20.18       14.40       12.81       11.34       21.18       23.17       21.52       21.77       19.01       14.73       15.80       15.20       13.42       12.57       11.76       11.38       11.36       11.33       13.87       12.73       21.63       21.34       22.73       20.92       28.25       19.60       21.47       28.41       20.21       26.93
         6.1        50.0       1.444     399.487     364.289       2.272       21.61       23.13       21.26       17.74       14.21       28.79       25.57       20.41       14.55       12.98       11.44       21.46       23.46       21.80       22.12       19.21       14.88       15.99       15.36       13.64       12.77       11.89       11.49       11.46       11.43       14.05       12.92       21.93       21.62       23.02       21.18       28.52       19.88       21.71       28.69       20.45       27.24
         6.2        50.0       1.404     343.470     355.703       2.296       21.91       23.45       21.57       17.95       14.37       28.94       25.74       20.65       14.71       13.15       11.54       21.76       23.78       22.11       22.50       19.42       15.04       16.20       15.54       13.87       12.98       12.03       11.60       11.57       11.53       14.24       13.12       22.23       21.92       23.34       21.47       28.82       20.18       21.99       29.00       20.72       27.59
         6.3        50.0       1.364     293.075     346.850       2.321       22.21       23.80       21.92       18.17       14.54       29.10       25.93       20.91       14.89       13.32       11.65       22.07       24.13       22.46       22.91       19.66       15.21       16.42       15.74       14.12       13.20       12.17       11.72       11.68       11.64       14.44       13.33       22.55       22.23       23.69       21.79       29.13       20.49       22.29       29.34       21.02       27.96
         6.4        50.0       1.324     248.318     337.757       2.347       22.53       24.18       22.30       18.42       14.73       29.27       26.13       21.19       15.08       13.51       11.76       22.38       24.52       22.84       23.35       19.91       15.40       16.65       15.94       14.39       13.43       12.32       11.85       11.80       11.75       14.66       13.54       22.87       22.54       24.08       22.14       29.46       20.80       22.62       29.71       21.35       28.38
         6.5        50.0       1.285     208.840     328.389       2.373       22.86       24.61       22.72       18.70       14.92       29.46       26.34       21.50       15.28       13.69       11.88       22.71       24.94       23.26       23.81       20.19       15.61       16.90       16.16       14.67       13.67       12.47       11.98       11.92       11.86       14.89       13.76       23.21       22.87       24.50       22.54       29.81       21.13       22.98       30.12       21.72       28.83
         6.6        50.0       1.246     174.166     318.684       2.400       23.21       25.07       23.17       18.99       15.14       29.67       26.59       21.83       15.50       13.89       12.01       23.06       25.40       23.72       24.32       20.50       15.82       17.17       16.39       14.96       13.91       12.62       12.12       12.05       11.98       15.13       13.99       23.57       23.22       24.97       22.97       30.20       21.48       23.39       30.56       22.13       29.33
         6.7        50.0       1.208     143.814     308.565       2.427       23.59       25.58       23.67       19.32       15.36       29.91       26.87       22.20       15.73       14.09       12.14       23.44       25.91       24.22       24.88       20.84       16.06       17.47       16.63       15.27       14.17       12.79       12.27       12.19       12.10       15.38       14.23       23.96       23.60       25.48       23.45       30.61       21.85       23.85       31.05       22.59       29.88
         6.8        50.0       1.170     117.382     297.969       2.455       24.00       26.15       24.21       19.68       15.61       30.19       27.20       22.61       15.98       14.31       12.28       23.85       26.48       24.76       25.51       21.22       16.31       17.79       16.90       15.59       14.44       12.96       12.44       12.34       12.24       15.66       14.49       24.38       24.02       26.05       23.98       31.07       22.27       24.38       31.59       23.09       30.49
         6.9        50.0       1.133      94.816     287.027       2.483       24.46       26.77       24.80       20.07       15.87       30.49       27.59       23.07       16.25       14.54       12.44       24.31       27.10       25.35       26.19       21.64       16.58       18.14       17.19       15.93       14.72       13.15       12.61       12.50       12.38       15.96       14.76       24.86       24.47       26.68       24.55       31.57       22.72       24.97       32.18       23.64       31.17
         7.0        50.0       1.098      76.269     276.195       2.510       24.96       27.44       25.45       20.50       16.16       30.82       28.00       23.58       16.54       14.77       12.59       24.82       27.78       26.00       26.92       22.10       16.87       18.51       17.48       16.30       15.04       13.35       12.79       12.66       12.51       16.28       15.05       25.39       24.98       27.35       25.19       32.12       23.22       25.62       32.84       24.26       31.90
         7.1        50.0       1.063      61.433     265.829       2.538       25.52       28.17       26.19       20.96       16.47       31.16       28.43       24.13       16.86       15.02       12.73       25.38       28.50       26.73       27.64       22.60       17.18       18.90       17.79       16.71       15.39       13.55       12.97       12.81       12.64       16.61       15.36       25.99       25.53       28.07       25.91       32.72       23.77       26.33       33.54       24.97       32.70
         7.2        50.0       1.031      49.663     256.050       2.565       26.12       28.93       27.02       21.47       16.80       31.50       28.86       24.71       17.20       15.26       12.87       26.01       29.26       27.57       28.36       23.15       17.52       19.31       18.10       17.17       15.77       13.75       13.15       12.96       12.76       16.96       15.69       26.67       26.13       28.84       26.74       33.39       24.37       27.09       34.30       25.79       33.56
         7.3        50.0       0.999      40.297     246.833       2.592       26.79       29.76       27.98       22.01       17.17       31.85       29.27       25.34       17.58       15.51       12.99       26.69       30.08       28.53       29.06       23.74       17.89       19.73       18.42       17.67       16.19       13.96       13.32       13.10       12.86       17.32       16.05       27.44       26.79       29.66       27.70       34.13       25.03       27.90       35.13       26.73       34.49
         7.4        50.0       0.969      32.763     238.031       2.619       27.52       30.63       29.07       22.60       17.57       32.21       29.70       26.01       17.98       15.76       13.11       27.45       30.96       29.63       29.75       24.37       18.30       20.16       18.74       18.22       16.64       14.17       13.50       13.23       12.96       17.69       16.43       28.31       27.52       30.54       28.78       34.94       25.75       28.78       36.01       27.81       35.50
         7.5        50.0       0.940      26.621     229.433       2.645       28.32       31.57       30.28       23.24       17.99       32.61       30.18       26.72       18.41       16.02       13.23       28.29       31.89       30.85       30.42       25.06       18.72       20.60       19.08       18.80       17.13       14.39       13.69       13.36       13.06       18.08       16.83       29.26       28.33       31.48       29.99       35.83       26.55       29.71       36.96       29.02       36.58
         7.6        50.0       0.913      21.564     220.873       2.671       29.21       32.57       31.63       23.91       18.43       33.09       30.75       27.49       18.86       16.30       13.35       29.21       32.89       32.20       31.07       25.79       19.17       21.04       19.43       19.43       17.64       14.63       13.89       13.50       13.16       18.49       17.25       30.31       29.21       32.48       31.34       36.80       27.43       30.71       37.96       30.37       37.74
         7.7        50.0       0.887      17.348     212.158       2.695       30.19       33.65       33.13       24.63       18.87       33.66       31.47       28.32       19.31       16.60       13.49       30.22       33.97       33.70       31.71       26.58       19.63       21.45       19.81       20.09       18.20       14.90       14.12       13.66       13.29       18.92       17.69       31.45       30.19       33.56       32.84       37.84       28.40       31.79       39.03       31.86       38.97
         7.8        50.0       0.863      13.827     203.196       2.719       31.28       34.82       34.77       25.40       19.31       34.38       32.40       29.23       19.77       16.92       13.67       31.34       35.14       35.33       32.30       27.42       20.09       21.84       20.22       20.79       18.80       15.20       14.38       13.85       13.45       19.39       18.15       32.70       31.29       34.72       34.48       38.97       29.49       32.96       40.16       33.51       40.29
         7.9        50.0       0.841      10.910     194.007       2.741       32.49       36.07       36.54       26.20       19.74       35.28       33.58       30.20       20.20       17.29       13.88       32.57       36.39       37.08       32.85       28.30       20.54       22.18       20.66       21.53       19.43       15.55       14.69       14.08       13.64       19.88       18.63       34.04       32.49       35.97       36.25       40.17       30.69       34.20       41.33       35.29       41.68
         8.0        50.0       0.821       8.494     184.538       2.763       33.81       37.40       38.44       27.02       20.13       36.38       35.04       31.23       20.62       17.69       14.13       33.91       37.72       38.94       33.33       29.23       20.98       22.47       21.15       22.31       20.11       15.94       15.04       14.34       13.88       20.40       19.13       35.47       33.81       37.30       38.14       41.43       32.00       35.53       42.56       37.19       43.14
         8.1        50.0       0.801       6.487     174.628       2.784       35.26       38.83       40.47       27.89       20.52       37.69       36.79       32.35       21.02       18.13       14.42       35.38       39.15       40.92       33.76       30.22       21.42       22.72       21.68       23.13       20.83       16.37       15.44       14.65       14.17       20.96       19.66       37.01       35.26       38.73       40.18       42.77       33.44       36.96       43.86       39.24       44.68
         8.2        50.0       0.782       4.875     164.500       2.804       36.80       40.33       42.59       28.77       20.88       39.16       38.73       33.51       21.41       18.59       14.73       36.93       40.65       42.97       34.16       31.23       21.84       22.93       22.23       23.99       21.59       16.84       15.87       14.98       14.48       21.54       20.21       38.62       36.80       40.23       42.29       44.16       34.97       38.46       45.19       41.37       46.28
         8.3        50.0       0.766       3.651     154.679       2.823       38.33       41.80       44.66       29.62       21.22       40.66       40.72       34.64       21.77       19.05       15.05       38.47       42.12       44.97       34.51       32.22       22.24       23.10       22.77       24.82       22.33       17.31       16.30       15.31       14.80       22.10       20.74       40.21       38.33       41.70       44.36       45.52       36.49       39.93       46.50       43.45       47.84
