#atmflag = -2, [M/H] = 0.00, clear 
#Conversion factor  L_{Jupiter} = 8.710e-10 x L_{Sun} with L_{Sun} = 3.846e+33 erg/s
#1:log(Age/yr), 2:Mass/Mearth, 3:Radius/Rjupiter, 4:Luminosity/Ljupiter, 5:Teff/K, 6:logg/cgs, 7:NACOJ, 8:NACOH, 9:NACOKs, 10:NACOLp, 11:NACOMp, 12:CousinsR, 13:CousinsI, 14:WISE1, 15:WISE2, 16:WISE3, 17:WISE4, 18:F115W, 19:F150W, 20:F200W, 21:F277W, 22:F356W, 23:F444W, 24:F560W, 25:F770W, 26:F1000W, 27:F1280W, 28:F1500W, 29:F1800W, 30:F2100W, 31:F2550W, 32:VISIRB87, 33:VISIRSiC, 34:SPHEREY, 35:SPHEREJ, 36:SPHEREH, 37:SPHEREKs, 38:SPHEREJ2, 39:SPHEREJ3, 40:SPHEREH2, 41:SPHEREH3, 42:SPHEREK1, 43:SPHEREK2

         6.0         5.0       0.699       5.833     182.021       1.902       34.43       34.04       41.00       24.66       19.38       38.83       36.79       28.41       19.77       18.29       14.94       34.72       34.37       41.09       32.32       26.60       20.08       22.07       20.66       20.76       19.05       16.89       16.06       15.19       14.68       19.74       18.67       36.21       34.43       33.94       40.22       41.47       32.65       32.18       39.45       39.58       40.66
         6.0        10.0       0.917      23.439     224.952       1.967       29.42       29.82       34.00       21.99       17.50       35.03       31.62       25.31       17.87       16.38       13.57       29.59       30.15       34.52       29.42       23.68       18.18       20.04       18.84       18.14       16.74       15.03       14.38       13.76       13.37       17.73       16.62       30.76       29.42       29.73       33.89       35.96       27.68       27.97       34.80       33.26       36.06
         6.0        20.0       1.232      90.074     271.773       2.012       25.45       26.34       28.66       19.76       15.86       32.23       28.57       22.73       16.22       14.75       12.46       25.52       26.67       29.14       26.10       21.29       16.55       18.05       17.14       16.01       14.84       13.50       12.96       12.59       12.36       15.94       14.86       26.45       25.44       26.25       28.44       31.52       23.75       24.50       31.09       27.69       31.84
         6.0        50.0       1.300     397.240     383.446       2.363       20.74       21.63       22.16       17.17       14.15       29.53       25.77       19.60       14.50       13.19       11.62       20.76       21.97       22.66       21.61       18.45       14.81       15.81       15.27       13.78       13.00       12.18       11.77       11.67       11.60       14.04       13.11       21.42       20.74       21.54       22.03       25.80       19.15       19.96       25.83       21.24       25.92
         6.0       100.0       1.260    1083.781     500.422       2.691       18.39       19.24       19.13       15.80       13.27       28.13       23.99       17.94       13.56       12.44       11.28       18.34       19.56       19.59       19.21       17.00       13.84       14.65       14.31       12.76       12.14       11.63       11.32       11.29       11.27       13.12       12.28       18.74       18.39       19.13       19.07       22.45       16.91       17.79       22.78       18.33       22.90
         6.0       159.0       1.231    2188.520     603.614       2.913       17.22       17.93       17.62       15.04       12.80       26.93       22.62       17.00       13.04       11.96       11.08       17.20       18.24       18.05       17.89       16.19       13.29       13.98       13.76       12.15       11.61       11.29       11.08       11.09       11.07       12.58       11.74       17.52       17.22       17.82       17.60       20.29       15.88       16.61       20.98       16.88       21.23
         6.0       318.0       1.230    6268.487     785.688       3.215       15.83       16.33       15.84       14.03       12.18       25.00       20.85       15.71       12.36       11.19       10.70       15.84       16.61       16.20       16.22       15.11       12.56       12.98       12.85       11.24       10.80       10.72       10.68       10.70       10.68       11.75       10.88       16.07       15.82       16.23       15.87       17.54       14.70       15.15       18.53       15.17       19.05

         6.1         5.0       0.686       5.283     179.247       1.919       34.80       34.34       41.55       24.86       19.52       39.06       37.17       28.63       19.91       18.43       15.05       35.10       34.66       41.57       32.49       26.81       20.22       22.21       20.79       20.96       19.23       17.03       16.19       15.30       14.79       19.89       18.83       36.60       34.80       34.24       40.66       41.85       33.02       32.48       39.78       40.00       40.97
         6.1        10.0       0.898      21.083     221.388       1.985       29.77       30.10       34.48       22.18       17.64       35.24       31.88       25.52       18.00       16.51       13.67       29.94       30.43       35.01       29.68       23.88       18.31       20.21       18.97       18.32       16.90       15.16       14.49       13.86       13.45       17.88       16.77       31.13       29.76       30.00       34.38       36.33       28.03       28.25       35.09       33.76       36.39
         6.1        20.0       1.202      79.784     266.954       2.034       25.78       26.63       29.13       19.95       16.01       32.42       28.77       22.95       16.37       14.90       12.56       25.87       26.97       29.62       26.42       21.49       16.69       18.22       17.30       16.21       15.01       13.63       13.09       12.69       12.45       16.10       15.02       26.81       25.78       26.54       28.92       31.86       24.09       24.80       31.38       28.17       32.23
         6.1        50.0       1.274     346.560     374.332       2.381       21.02       21.92       22.58       17.35       14.29       29.67       25.93       19.81       14.64       13.32       11.71       21.05       22.26       23.07       21.92       18.64       14.96       15.99       15.43       13.96       13.15       12.30       11.88       11.76       11.68       14.20       13.26       21.74       21.02       21.83       22.43       26.11       19.43       20.23       26.12       21.65       26.29
         6.1       100.0       1.246     919.694     483.087       2.701       18.67       19.52       19.51       15.98       13.41       28.34       24.27       18.16       13.70       12.57       11.35       18.63       19.84       19.97       19.54       17.18       13.98       14.83       14.47       12.92       12.29       11.74       11.41       11.38       11.34       13.27       12.43       19.05       18.67       19.41       19.43       22.82       17.18       18.04       23.09       18.68       23.25
         6.1       159.0       1.220    1879.638     583.609       2.921       17.44       18.16       17.90       15.18       12.90       27.18       22.87       17.18       13.16       12.09       11.15       17.41       18.48       18.33       18.16       16.34       13.40       14.14       13.90       12.30       11.75       11.39       11.15       11.16       11.14       12.71       11.89       17.74       17.44       18.06       17.87       20.64       16.07       16.81       21.25       17.15       21.51
         6.1       318.0       1.221    5472.986     762.082       3.221       15.99       16.51       16.05       14.15       12.26       25.24       21.04       15.86       12.45       11.30       10.76       16.00       16.80       16.42       16.43       15.23       12.65       13.12       12.97       11.36       10.91       10.81       10.74       10.76       10.75       11.86       11.00       16.24       15.99       16.40       16.07       17.82       14.84       15.31       18.81       15.37       19.29

         6.2         5.0       0.672       4.721     176.119       1.937       35.23       34.67       42.17       25.08       19.67       39.32       37.61       28.89       20.07       18.60       15.18       35.53       35.00       42.11       32.68       27.05       20.38       22.36       20.94       21.19       19.43       17.19       16.34       15.43       14.91       20.06       19.00       37.05       35.23       34.58       41.16       42.29       33.44       32.82       40.16       40.48       41.32
         6.2        10.0       0.877      18.702     217.380       2.006       30.16       30.42       35.05       22.39       17.80       35.50       32.19       25.76       18.16       16.67       13.77       30.35       30.74       35.57       29.96       24.11       18.47       20.39       19.13       18.54       17.09       15.31       14.63       13.97       13.55       18.05       16.94       31.55       30.16       30.32       34.94       36.76       28.42       28.56       35.44       34.33       36.77
         6.2        20.0       1.170      69.731     261.612       2.057       26.17       26.96       29.68       20.16       16.17       32.63       28.99       23.20       16.53       15.06       12.67       26.26       27.30       30.16       26.77       21.72       16.85       18.43       17.47       16.42       15.20       13.78       13.23       12.81       12.55       16.28       15.19       27.21       26.17       26.87       29.46       32.26       24.47       25.12       31.71       28.73       32.66
         6.2        50.0       1.247     299.831     364.946       2.400       21.33       22.24       23.03       17.55       14.45       29.82       26.10       20.05       14.80       13.47       11.81       21.37       22.57       23.52       22.26       18.85       15.11       16.18       15.60       14.15       13.31       12.43       12.00       11.86       11.78       14.37       13.42       22.08       21.33       22.14       22.87       26.45       19.73       20.52       26.44       22.09       26.69
         6.2       100.0       1.231     767.651     464.561       2.712       19.00       19.84       19.94       16.18       13.56       28.56       24.55       18.41       13.86       12.72       11.44       18.97       20.17       20.41       19.91       17.39       14.15       15.03       14.64       13.11       12.46       11.86       11.51       11.47       11.43       13.44       12.59       19.42       19.00       19.74       19.86       23.23       17.50       18.32       23.45       19.10       23.67
         6.2       159.0       1.209    1587.587     562.040       2.928       17.68       18.43       18.22       15.35       13.02       27.44       23.15       17.38       13.28       12.23       11.22       17.66       18.74       18.66       18.45       16.51       13.54       14.30       14.04       12.47       11.90       11.50       11.24       11.23       11.22       12.86       12.04       18.01       17.68       18.32       18.18       21.04       16.29       17.05       21.55       17.45       21.84
         6.2       318.0       1.212    4706.962     736.567       3.227       16.18       16.71       16.30       14.28       12.35       25.50       21.26       16.03       12.55       11.43       10.83       16.19       17.00       16.68       16.66       15.37       12.75       13.27       13.11       11.51       11.05       10.91       10.81       10.83       10.82       11.98       11.15       16.44       16.17       16.60       16.31       18.14       15.00       15.49       19.10       15.60       19.55
         6.2       636.0       1.253   15625.227     978.172       3.500       14.75       15.12       14.59       13.12       11.70       23.54       19.47       14.58       11.79       10.62       10.33       14.75       15.43       14.85       14.86       14.12       11.94       12.13       12.08       10.56       10.23       10.28       10.31       10.33       10.31       11.15       10.26       14.91       14.74       15.04       14.63       15.76       13.81       14.15       16.12       13.95       17.19

         6.3         5.0       0.656       4.159     172.622       1.957       35.71       35.06       42.88       25.33       19.85       39.61       38.11       29.19       20.25       18.78       15.32       36.02       35.39       42.72       32.89       27.33       20.56       22.53       21.11       21.44       19.66       17.38       16.51       15.57       15.05       20.25       19.20       37.55       35.71       34.96       41.71       42.79       33.92       33.20       40.59       41.01       41.71
         6.3        10.0       0.855      16.358     212.929       2.028       30.62       30.78       35.71       22.63       17.97       35.78       32.57       26.04       18.34       16.85       13.89       30.82       31.11       36.20       30.27       24.37       18.64       20.59       19.30       18.78       17.30       15.48       14.79       14.10       13.66       18.24       17.13       32.04       30.62       30.69       35.57       37.26       28.87       28.93       35.83       34.97       37.19
         6.3        20.0       1.137      60.173     255.789       2.082       26.61       27.33       30.29       20.40       16.35       32.88       29.26       23.48       16.70       15.24       12.79       26.71       27.66       30.77       27.16       21.98       17.02       18.65       17.66       16.66       15.41       13.95       13.38       12.93       12.65       16.48       15.39       27.67       26.60       27.24       30.08       32.72       24.91       25.49       32.09       29.36       33.14
         6.3        50.0       1.218     257.111     355.246       2.420       21.66       22.58       23.52       17.76       14.62       29.98       26.27       20.30       14.96       13.63       11.91       21.70       22.91       24.02       22.63       19.08       15.28       16.39       15.79       14.35       13.48       12.56       12.12       11.97       11.88       14.55       13.59       22.44       21.66       22.49       23.36       26.82       20.06       20.83       26.78       22.58       27.13
         6.3       100.0       1.216     630.567     445.051       2.723       19.38       20.21       20.46       16.41       13.73       28.78       24.85       18.68       14.04       12.88       11.54       19.36       20.54       20.93       20.33       17.63       14.33       15.25       14.83       13.32       12.64       11.99       11.62       11.57       11.52       13.63       12.77       19.86       19.38       20.11       20.35       23.69       17.86       18.64       23.87       19.59       24.15
         6.3       159.0       1.198    1318.939     539.128       2.937       17.96       18.73       18.60       15.53       13.16       27.71       23.46       17.61       13.43       12.38       11.30       17.93       19.05       19.05       18.79       16.70       13.69       14.49       14.20       12.65       12.07       11.61       11.33       11.32       11.29       13.02       12.21       18.31       17.96       18.62       18.55       21.46       16.55       17.31       21.90       17.81       22.22
         6.3       318.0       1.203    3985.569     709.259       3.234       16.39       16.93       16.57       14.42       12.45       25.78       21.50       16.22       12.65       11.58       10.91       16.39       17.23       16.96       16.93       15.52       12.87       13.44       13.27       11.67       11.20       11.02       10.90       10.91       10.90       12.13       11.31       16.66       16.38       16.83       16.57       18.50       15.18       15.68       19.40       15.86       19.85
         6.3       636.0       1.243   13314.741     943.521       3.507       14.93       15.32       14.79       13.28       11.78       23.78       19.70       14.78       11.89       10.72       10.41       14.93       15.62       15.07       15.11       14.29       12.05       12.29       12.23       10.69       10.33       10.37       10.39       10.41       10.39       11.25       10.37       15.11       14.91       15.23       14.82       16.02       13.96       14.30       16.51       14.14       17.49

         6.4         5.0       0.640       3.613     168.762       1.979       36.24       35.49       43.67       25.61       20.05       39.93       38.67       29.51       20.45       18.99       15.48       36.57       35.81       43.40       33.11       27.64       20.76       22.71       21.29       21.73       19.91       17.58       16.69       15.73       15.21       20.45       19.42       38.11       36.24       35.39       42.32       43.34       34.45       33.63       41.07       41.60       42.14
         6.4        10.0       0.832      14.110     208.056       2.052       31.14       31.19       36.46       22.90       18.17       36.11       33.01       26.36       18.54       17.05       14.03       31.35       31.52       36.92       30.60       24.66       18.84       20.81       19.49       19.05       17.55       15.67       14.96       14.24       13.79       18.46       17.35       32.59       31.14       31.10       36.28       37.82       29.39       29.34       36.29       35.68       37.65
         6.4        20.0       1.103      51.297     249.513       2.108       27.09       27.74       30.97       20.66       16.54       33.16       29.56       23.79       16.90       15.44       12.92       27.20       28.07       31.46       27.58       22.26       17.21       18.89       17.87       16.92       15.64       14.13       13.55       13.07       12.76       16.70       15.60       28.19       27.09       27.64       30.78       33.23       25.39       25.89       32.51       30.08       33.66
         6.4        50.0       1.189     218.412     345.187       2.441       22.03       22.95       24.07       17.99       14.79       30.16       26.46       20.57       15.14       13.80       12.02       22.07       23.28       24.56       23.03       19.32       15.46       16.61       15.98       14.57       13.67       12.71       12.26       12.09       11.98       14.75       13.77       22.82       22.03       22.86       23.90       27.23       20.42       21.18       27.15       23.12       27.61
         6.4       100.0       1.200     516.338     426.080       2.734       19.79       20.61       21.02       16.66       13.92       28.98       25.12       18.98       14.23       13.05       11.64       19.78       20.94       21.50       20.77       17.89       14.53       15.49       15.04       13.54       12.83       12.12       11.74       11.67       11.62       13.83       12.95       20.33       19.79       20.51       20.90       24.17       18.26       18.99       24.31       20.12       24.66
         6.4       159.0       1.186    1078.251     515.122       2.945       18.28       19.06       19.04       15.74       13.32       27.98       23.80       17.87       13.59       12.54       11.39       18.25       19.38       19.50       19.18       16.92       13.86       14.70       14.38       12.84       12.25       11.74       11.43       11.41       11.38       13.20       12.38       18.65       18.28       18.96       18.97       21.93       16.85       17.60       22.29       18.23       22.65
         6.4       318.0       1.194    3318.750     680.203       3.241       16.62       17.18       16.86       14.58       12.57       26.09       21.78       16.43       12.77       11.73       11.00       16.62       17.49       17.26       17.21       15.69       12.99       13.62       13.44       11.85       11.37       11.14       10.98       11.00       10.99       12.30       11.49       16.90       16.61       17.08       16.85       18.90       15.38       15.90       19.71       16.14       20.17
         6.4       636.0       1.233   11221.168     907.708       3.514       15.12       15.53       15.01       13.44       11.87       24.03       19.93       14.99       12.00       10.85       10.50       15.13       15.82       15.31       15.38       14.47       12.16       12.47       12.39       10.83       10.46       10.47       10.48       10.50       10.48       11.38       10.51       15.33       15.11       15.44       15.04       16.30       14.12       14.47       16.90       14.35       17.81

         6.5         5.0       0.623       3.094     164.544       2.002       36.83       35.96       44.54       25.91       20.26       40.27       39.30       29.87       20.66       19.22       15.65       37.17       36.28       44.14       33.36       27.97       20.98       22.91       21.49       22.05       20.19       17.81       16.90       15.91       15.38       20.68       19.66       38.73       36.83       35.86       42.98       43.96       35.04       34.10       41.60       42.23       42.62
         6.5        10.0       0.808      12.011     202.792       2.077       31.73       31.66       37.30       23.21       18.39       36.48       33.54       26.71       18.76       17.27       14.18       31.96       31.99       37.71       30.95       25.00       19.06       21.05       19.70       19.36       17.82       15.89       15.16       14.40       13.94       18.69       17.59       33.21       31.73       31.56       37.04       38.45       29.97       29.80       36.80       36.45       38.17
         6.5        20.0       1.069      43.236     242.831       2.135       27.63       28.18       31.72       20.95       16.75       33.48       29.90       24.12       17.11       15.65       13.05       27.75       28.51       32.22       28.03       22.57       17.42       19.16       18.09       17.20       15.89       14.33       13.73       13.21       12.88       16.94       15.83       28.76       27.63       28.08       31.56       33.81       25.92       26.33       32.97       30.88       34.22
         6.5        50.0       1.160     183.715     334.735       2.462       22.44       23.35       24.66       18.24       14.99       30.36       26.65       20.86       15.34       13.98       12.14       22.48       23.69       25.16       23.46       19.59       15.65       16.86       16.19       14.81       13.88       12.86       12.41       12.21       12.09       14.96       13.97       23.23       22.43       23.26       24.50       27.68       20.82       21.56       27.57       23.72       28.14
         6.5       100.0       1.184     429.819     409.676       2.745       20.17       20.98       21.56       16.89       14.09       29.16       25.36       19.26       14.41       13.21       11.73       20.18       21.32       22.04       21.19       18.13       14.71       15.71       15.23       13.74       13.00       12.25       11.86       11.77       11.71       14.02       13.13       20.78       20.17       20.89       21.43       24.62       18.64       19.33       24.72       20.65       25.16
         6.5       159.0       1.175     868.276     490.348       2.953       18.65       19.44       19.56       15.97       13.49       28.26       24.16       18.16       13.78       12.71       11.48       18.62       19.76       20.02       19.61       17.16       14.04       14.93       14.58       13.06       12.44       11.87       11.54       11.50       11.47       13.40       12.57       19.05       18.65       19.33       19.47       22.43       17.19       17.92       22.72       18.71       23.15
         6.5       318.0       1.184    2718.827     649.730       3.248       16.88       17.46       17.20       14.75       12.69       26.42       22.09       16.66       12.91       11.90       11.09       16.88       17.77       17.61       17.54       15.87       13.13       13.82       13.63       12.05       11.55       11.27       11.08       11.09       11.08       12.48       11.68       17.18       16.87       17.36       17.17       19.33       15.61       16.15       20.05       16.46       20.54
         6.5       636.0       1.222    9343.497     870.703       3.521       15.33       15.75       15.26       13.60       11.97       24.31       20.18       15.20       12.11       10.99       10.58       15.35       16.04       15.59       15.66       14.64       12.28       12.65       12.55       10.98       10.59       10.58       10.56       10.59       10.57       11.51       10.66       15.56       15.32       15.66       15.28       16.62       14.30       14.65       17.31       14.59       18.13

         6.6         5.0       0.606       2.612     159.970       2.027       37.48       36.47       45.50       26.25       20.49       40.64       39.99       30.26       20.90       19.46       15.84       37.83       36.79       44.95       33.62       28.34       21.22       23.12       21.71       22.39       20.50       18.05       17.12       16.10       15.57       20.93       19.92       39.41       37.47       36.37       43.69       44.62       35.68       34.61       42.18       42.91       43.14
         6.6        10.0       0.784      10.098     197.187       2.104       32.38       32.17       38.25       23.55       18.63       36.88       34.15       27.11       19.00       17.52       14.36       32.62       32.50       38.58       31.31       25.37       19.31       21.31       19.94       19.71       18.12       16.13       15.37       14.59       14.10       18.95       17.85       33.90       32.38       32.08       37.87       39.15       30.62       30.32       37.38       37.27       38.73
         6.6        20.0       1.036      36.062     235.797       2.163       28.22       28.65       32.55       21.26       16.98       33.85       30.30       24.48       17.34       15.87       13.19       28.36       28.98       33.06       28.51       22.90       17.65       19.44       18.32       17.51       16.16       14.54       13.92       13.36       13.01       17.19       16.08       29.39       28.22       28.56       32.42       34.46       26.51       26.81       33.48       31.76       34.81
         6.6        50.0       1.130     153.059     323.926       2.485       22.89       23.79       25.32       18.50       15.20       30.57       26.87       21.18       15.54       14.18       12.27       22.92       24.12       25.83       23.93       19.88       15.86       17.11       16.42       15.07       14.10       13.03       12.57       12.35       12.21       15.19       14.18       23.67       22.89       23.70       25.16       28.17       21.27       21.98       28.02       24.38       28.72
         6.6       100.0       1.168     363.599     395.608       2.757       20.53       21.34       22.08       17.11       14.26       29.33       25.56       19.52       14.58       13.37       11.82       20.55       21.67       22.56       21.58       18.36       14.88       15.92       15.42       13.94       13.17       12.37       11.97       11.87       11.80       14.20       13.29       21.19       20.53       21.24       21.93       25.03       18.99       19.65       25.11       21.15       25.63
         6.6       159.0       1.164     694.720     466.009       2.962       19.05       19.84       20.12       16.22       13.68       28.52       24.52       18.46       13.97       12.88       11.58       19.04       20.17       20.59       20.07       17.42       14.24       15.17       14.79       13.28       12.63       12.01       11.65       11.61       11.57       13.60       12.76       19.51       19.05       19.74       20.02       22.95       17.58       18.28       23.19       19.25       23.68
         6.6       318.0       1.175    2196.139     618.452       3.255       17.17       17.77       17.58       14.94       12.83       26.78       22.43       16.91       13.06       12.09       11.18       17.16       18.09       18.01       17.91       16.08       13.29       14.04       13.83       12.27       11.75       11.41       11.18       11.19       11.18       12.67       11.88       17.48       17.16       17.67       17.54       19.81       15.86       16.42       20.43       16.82       20.95
         6.6       636.0       1.212    7676.920     832.466       3.528       15.56       16.00       15.55       13.77       12.08       24.62       20.44       15.42       12.23       11.14       10.67       15.58       16.29       15.89       15.95       14.82       12.40       12.83       12.71       11.16       10.75       10.69       10.65       10.67       10.66       11.65       10.83       15.81       15.55       15.90       15.56       16.98       14.49       14.85       17.73       14.87       18.47

         6.7         5.0       0.588       2.175     155.070       2.052       38.17       37.02       46.52       26.61       20.74       41.01       40.74       30.68       21.15       19.72       16.04       38.54       37.34       45.81       33.89       28.74       21.47       23.35       21.94       22.76       20.82       18.31       17.35       16.31       15.77       21.19       20.20       40.13       38.17       36.92       44.44       45.34       36.37       35.16       42.81       43.63       43.69
         6.7        10.0       0.759       8.393     191.281       2.131       33.10       32.74       39.30       23.92       18.89       37.32       34.85       27.54       19.26       17.79       14.55       33.36       33.07       39.52       31.68       25.77       19.57       21.57       20.18       20.08       18.45       16.39       15.61       14.79       14.29       19.23       18.14       34.66       33.10       32.65       38.75       39.91       31.34       30.89       38.02       38.13       39.33
         6.7        20.0       1.003      29.773     228.436       2.191       28.87       29.17       33.47       21.60       17.23       34.26       30.76       24.88       17.58       16.11       13.34       29.03       29.50       33.99       29.02       23.27       17.89       19.75       18.56       17.84       16.45       14.77       14.13       13.53       13.14       17.46       16.35       30.08       28.87       29.08       33.36       35.18       27.15       27.32       34.05       32.73       35.44
         6.7        50.0       1.101     126.373     312.812       2.507       23.39       24.26       26.05       18.79       15.42       30.80       27.10       21.52       15.76       14.39       12.40       23.42       24.59       26.55       24.43       20.19       16.08       17.39       16.66       15.35       14.34       13.22       12.74       12.49       12.34       15.44       14.41       24.17       23.39       24.17       25.88       28.72       21.76       22.44       28.51       25.11       29.35
         6.7       100.0       1.151     309.710     382.834       2.770       20.87       21.69       22.59       17.32       14.42       29.48       25.75       19.77       14.75       13.52       11.92       20.91       22.02       23.07       21.96       18.59       15.05       16.13       15.60       14.14       13.34       12.50       12.08       11.97       11.89       14.38       13.45       21.58       20.87       21.60       22.43       25.44       19.33       19.97       25.49       21.66       26.09
         6.7       159.0       1.152     560.592     443.818       2.970       19.47       20.24       20.71       16.47       13.87       28.75       24.84       18.77       14.17       13.05       11.68       19.47       20.57       21.18       20.53       17.69       14.44       15.42       15.00       13.51       12.82       12.14       11.77       11.71       11.66       13.80       12.95       19.99       19.47       20.15       20.58       23.46       17.98       18.63       23.66       19.81       24.22
         6.7       318.0       1.165    1757.143     587.268       3.262       17.48       18.11       18.02       15.15       12.99       27.13       22.80       17.18       13.23       12.27       11.28       17.47       18.43       18.45       18.30       16.30       13.46       14.27       14.03       12.49       11.95       11.55       11.29       11.29       11.27       12.87       12.09       17.81       17.47       18.01       17.96       20.31       16.14       16.72       20.83       17.23       21.40
         6.7       636.0       1.202    6217.005     793.035       3.536       15.81       16.26       15.87       13.94       12.20       24.98       20.74       15.65       12.36       11.30       10.77       15.84       16.56       16.24       16.27       15.01       12.54       13.04       12.90       11.35       10.93       10.82       10.75       10.77       10.75       11.82       11.02       16.08       15.80       16.16       15.87       17.39       14.71       15.08       18.16       15.18       18.84

         6.8        10.0       0.735       6.900     185.100       2.159       33.88       33.36       40.44       24.32       19.17       37.77       35.64       28.01       19.54       18.08       14.76       34.16       33.69       40.52       32.05       26.21       19.85       21.85       20.45       20.49       18.81       16.68       15.87       15.01       14.50       19.53       18.45       35.49       33.88       33.26       39.66       40.74       32.11       31.50       38.72       39.02       39.98
         6.8        20.0       0.970      24.342     220.792       2.219       29.59       29.74       34.49       21.97       17.49       34.72       31.31       25.31       17.85       16.38       13.51       29.76       30.07       34.99       29.54       23.66       18.15       20.07       18.82       18.20       16.77       15.02       14.35       13.71       13.29       17.75       16.63       30.85       29.59       29.64       34.38       35.97       27.86       27.89       34.68       33.76       36.10
         6.8        50.0       1.073     103.501     301.471       2.530       23.95       24.76       26.85       19.10       15.65       31.06       27.36       21.89       15.99       14.61       12.54       23.98       25.10       27.34       24.98       20.52       16.30       17.68       16.92       15.66       14.60       13.42       12.92       12.64       12.46       15.70       14.66       24.72       23.95       24.67       26.67       29.32       22.31       22.94       29.05       25.91       30.04
         6.8       100.0       1.134     263.084     370.381       2.783       21.24       22.05       23.13       17.55       14.60       29.65       25.93       20.04       14.93       13.67       12.01       21.28       22.39       23.62       22.36       18.83       15.23       16.35       15.79       14.35       13.52       12.63       12.20       12.07       11.98       14.56       13.63       21.97       21.24       21.96       22.97       25.86       19.68       20.31       25.89       22.19       26.58
         6.8       159.0       1.141     459.766     424.432       2.979       19.87       20.64       21.28       16.71       14.05       28.94       25.11       19.05       14.35       13.22       11.77       19.89       20.97       21.75       20.97       17.94       14.64       15.65       15.20       13.72       13.00       12.27       11.89       11.81       11.75       14.00       13.12       20.46       19.87       20.54       21.14       23.95       18.37       18.98       24.11       20.37       24.75
         6.8       318.0       1.156    1393.708     556.416       3.269       17.81       18.47       18.50       15.38       13.16       27.47       23.19       17.47       13.41       12.44       11.37       17.80       18.79       18.94       18.72       16.53       13.64       14.50       14.23       12.70       12.15       11.68       11.39       11.38       11.36       13.07       12.28       18.18       17.81       18.37       18.42       20.82       16.45       17.03       21.27       17.68       21.88
         6.8       636.0       1.192    4958.379     752.551       3.543       16.09       16.56       16.24       14.13       12.33       25.37       21.07       15.90       12.51       11.48       10.87       16.12       16.87       16.61       16.61       15.21       12.69       13.26       13.09       11.55       11.12       10.96       10.85       10.87       10.85       12.00       11.22       16.38       16.09       16.46       16.22       17.84       14.95       15.34       18.59       15.52       19.23

         6.9        10.0       0.712       5.612     178.654       2.188       34.72       34.02       41.68       24.75       19.46       38.24       36.51       28.51       19.84       18.39       15.00       35.02       34.35       41.58       32.42       26.69       20.15       22.13       20.72       20.93       19.20       16.99       16.15       15.24       14.73       19.85       18.79       36.37       34.72       33.93       40.62       41.62       32.94       32.16       39.48       39.95       40.66
         6.9        20.0       0.939      19.718     212.913       2.248       30.38       30.35       35.61       22.37       17.78       35.21       31.95       25.77       18.13       16.66       13.69       30.57       30.68       36.08       30.06       24.10       18.44       20.40       19.10       18.59       17.12       15.29       14.59       13.90       13.46       18.06       16.94       31.69       30.37       30.26       35.46       36.84       28.64       28.50       35.38       34.85       36.80
         6.9        50.0       1.046      84.198     290.009       2.552       24.56       25.30       27.72       19.43       15.89       31.35       27.66       22.29       16.23       14.85       12.68       24.60       25.64       28.20       25.55       20.88       16.54       17.99       17.18       15.98       14.88       13.63       13.12       12.79       12.59       15.97       14.92       25.34       24.56       25.21       27.52       29.96       22.92       23.47       29.63       26.77       30.77
         6.9       100.0       1.115     221.719     357.784       2.797       21.64       22.45       23.73       17.79       14.78       29.82       26.12       20.32       15.11       13.84       12.11       21.68       22.78       24.21       22.78       19.09       15.42       16.58       15.99       14.58       13.71       12.77       12.33       12.18       12.08       14.77       13.81       22.38       21.63       22.36       23.56       26.32       20.07       20.68       26.32       22.78       27.11
         6.9       159.0       1.130     383.630     407.718       2.988       20.25       21.01       21.83       16.94       14.22       29.11       25.33       19.33       14.53       13.37       11.86       20.28       21.34       22.30       21.38       18.18       14.82       15.87       15.39       13.92       13.17       12.39       12.00       11.90       11.84       14.18       13.29       20.89       20.25       20.91       21.68       24.40       18.75       19.32       24.53       20.91       25.25
         6.9       318.0       1.147    1092.460     525.584       3.275       18.19       18.87       19.04       15.63       13.35       27.80       23.60       17.77       13.60       12.62       11.47       18.18       19.19       19.49       19.19       16.80       13.85       14.75       14.44       12.93       12.35       11.82       11.51       11.49       11.46       13.27       12.48       18.58       18.18       18.77       18.95       21.36       16.80       17.38       21.75       18.20       22.42
         6.9       636.0       1.182    3894.509     711.339       3.550       16.40       16.88       16.63       14.34       12.48       25.77       21.42       16.17       12.67       11.69       10.97       16.42       17.19       17.02       17.00       15.43       12.86       13.50       13.32       11.79       11.34       11.12       10.96       10.98       10.96       12.21       11.45       16.70       16.39       16.78       16.60       18.33       15.21       15.61       19.02       15.90       19.67

         7.0        10.0       0.689       4.514     171.946       2.216       35.61       34.72       43.00       25.21       19.77       38.71       37.46       29.05       20.16       18.72       15.24       35.93       35.05       42.70       32.79       27.19       20.47       22.42       21.02       21.40       19.61       17.31       16.44       15.49       14.97       20.18       19.14       37.31       35.61       34.63       41.60       42.56       33.83       32.87       40.29       40.89       41.38
         7.0        20.0       0.909      15.851     204.888       2.276       31.23       31.02       36.83       22.81       18.08       35.73       32.70       26.28       18.44       16.96       13.89       31.44       31.35       37.23       30.58       24.57       18.74       20.73       19.39       19.02       17.49       15.58       14.85       14.11       13.64       18.38       17.27       32.60       31.23       30.93       36.58       37.77       29.48       29.17       36.14       35.98       37.54
         7.0        50.0       1.020      68.156     278.559       2.574       25.24       25.87       28.65       19.78       16.14       31.67       27.99       22.70       16.48       15.10       12.83       25.28       26.20       29.12       26.16       21.26       16.78       18.31       17.45       16.33       15.17       13.85       13.32       12.95       12.73       16.26       15.19       26.03       25.23       25.78       28.44       30.67       23.59       24.04       30.25       27.71       31.54
         7.0       100.0       1.096     184.580     344.690       2.812       22.09       22.88       24.40       18.06       14.99       30.01       26.31       20.64       15.32       14.03       12.23       22.13       23.22       24.88       23.26       19.37       15.62       16.83       16.21       14.83       13.91       12.93       12.48       12.29       12.18       14.99       14.01       22.83       22.08       22.79       24.22       26.84       20.52       21.09       26.80       23.45       27.70
         7.0       159.0       1.118     323.500     392.806       2.997       20.62       21.37       22.37       17.17       14.39       29.27       25.53       19.59       14.71       13.52       11.95       20.66       21.71       22.85       21.78       18.42       15.00       16.09       15.58       14.13       13.34       12.52       12.11       12.00       11.93       14.36       13.46       21.30       20.62       21.28       22.22       24.84       19.11       19.65       24.95       21.44       25.75
         7.0       318.0       1.139     851.615     495.715       3.282       18.59       19.29       19.65       15.90       13.54       28.11       24.01       18.10       13.81       12.81       11.57       18.59       19.62       20.10       19.68       17.07       14.07       15.01       14.66       13.17       12.55       11.96       11.63       11.59       11.55       13.49       12.68       19.04       18.59       19.19       19.54       21.93       17.18       17.75       22.27       18.78       23.00
         7.0       636.0       1.173    3014.407     669.824       3.557       16.72       17.22       17.06       14.56       12.64       26.17       21.80       16.46       12.84       11.90       11.09       16.74       17.54       17.47       17.41       15.66       13.04       13.76       13.57       12.04       11.57       11.28       11.08       11.09       11.08       12.44       11.69       17.05       16.71       17.12       17.02       18.84       15.50       15.91       19.46       16.30       20.14

         7.1        10.0       0.667       3.590     164.986       2.243       36.55       35.47       44.39       25.68       20.09       39.19       38.47       29.61       20.48       19.07       15.50       36.89       35.79       43.86       33.17       27.73       20.79       22.71       21.32       21.90       20.04       17.66       16.75       15.76       15.23       20.52       19.51       38.30       36.55       35.37       42.62       43.55       34.76       33.61       41.14       41.86       42.13
         7.1        20.0       0.881      12.663     196.800       2.303       32.15       31.74       38.16       23.27       18.40       36.27       33.56       26.82       18.76       17.29       14.11       32.38       32.07       38.44       31.08       25.08       19.06       21.07       19.69       19.49       17.90       15.90       15.14       14.34       13.86       18.72       17.63       33.57       32.14       31.65       37.72       38.77       30.39       29.89       36.97       37.11       38.32
         7.1        50.0       0.996      54.977     267.228       2.595       25.96       26.47       29.66       20.15       16.40       32.03       28.37       23.14       16.73       15.35       12.99       26.02       26.80       30.11       26.79       21.66       17.04       18.64       17.73       16.69       15.48       14.08       13.53       13.12       12.86       16.56       15.48       26.78       25.96       26.38       29.43       31.44       24.31       24.63       30.92       28.72       32.33
         7.1       100.0       1.077     151.686     331.090       2.828       22.60       23.36       25.15       18.35       15.21       30.22       26.53       20.99       15.54       14.23       12.35       22.63       23.70       25.64       23.78       19.69       15.85       17.11       16.45       15.11       14.15       13.10       12.63       12.42       12.29       15.23       14.23       23.32       22.60       23.27       24.98       27.43       21.02       21.56       27.34       24.22       28.37
         7.1       159.0       1.105     273.103     378.681       3.007       21.00       21.75       22.94       17.40       14.57       29.44       25.72       19.86       14.89       13.68       12.04       21.05       22.08       23.42       22.20       18.66       15.18       16.31       15.77       14.34       13.51       12.64       12.22       12.10       12.01       14.55       13.63       21.71       21.00       21.65       22.77       25.29       19.48       20.00       25.37       22.00       26.26
         7.1       318.0       1.130     673.044     469.110       3.288       19.01       19.71       20.25       16.16       13.74       28.37       24.39       18.41       14.02       12.98       11.67       19.01       20.04       20.71       20.16       17.35       14.27       15.26       14.88       13.40       12.74       12.10       11.74       11.69       11.65       13.70       12.87       19.50       19.00       19.61       20.13       22.47       17.57       18.11       22.77       19.37       23.58
         7.1       636.0       1.165    2309.370     629.002       3.563       17.07       17.59       17.55       14.80       12.81       26.59       22.22       16.78       13.02       12.13       11.21       17.09       17.91       17.96       17.88       15.92       13.23       14.04       13.83       12.31       11.81       11.45       11.21       11.21       11.20       12.69       11.94       17.43       17.06       17.49       17.49       19.38       15.81       16.23       19.92       16.77       20.68

         7.2        10.0       0.647       2.824     157.806       2.270       37.52       36.24       45.84       26.18       20.41       39.68       39.53       30.20       20.81       19.42       15.77       37.89       36.57       45.05       33.54       28.28       21.13       23.00       21.63       22.41       20.49       18.01       17.07       16.04       15.50       20.88       19.89       39.33       37.52       36.15       43.65       44.58       35.74       34.38       42.02       42.84       42.91
         7.2        20.0       0.854      10.053     188.657       2.330       33.12       32.51       39.59       23.77       18.73       36.81       34.53       27.40       19.09       17.64       14.36       33.38       32.84       39.70       31.55       25.63       19.40       21.40       20.01       19.98       18.33       16.24       15.44       14.60       14.10       19.08       18.00       34.60       33.12       32.41       38.86       39.82       31.36       30.65       37.85       38.23       39.13
         7.2        50.0       0.972      44.164     256.009       2.616       26.75       27.10       30.75       20.55       16.68       32.44       28.82       23.61       17.00       15.62       13.14       26.82       27.43       31.19       27.45       22.09       17.31       18.99       18.01       17.06       15.81       14.33       13.75       13.29       12.99       16.86       15.78       27.61       26.74       27.01       30.53       32.28       25.08       25.25       31.64       29.84       33.14
         7.2       100.0       1.058     123.349     317.228       2.843       23.19       23.89       25.99       18.68       15.45       30.46       26.77       21.37       15.78       14.45       12.47       23.21       24.22       26.48       24.35       20.04       16.08       17.42       16.71       15.41       14.40       13.28       12.81       12.56       12.41       15.49       14.48       23.88       23.18       23.80       25.82       28.08       21.59       22.07       27.93       25.06       29.09
         7.2       159.0       1.092     228.837     364.514       3.017       21.42       22.15       23.56       17.65       14.76       29.61       25.91       20.16       15.08       13.85       12.14       21.47       22.48       24.04       22.64       18.93       15.37       16.54       15.97       14.57       13.70       12.78       12.35       12.20       12.11       14.76       13.81       22.14       21.42       22.06       23.39       25.78       19.89       20.38       25.83       22.62       26.82
         7.2       318.0       1.122     549.500     447.564       3.295       19.39       20.09       20.81       16.40       13.92       28.58       24.68       18.69       14.20       13.14       11.75       19.41       20.42       21.27       20.58       17.59       14.46       15.49       15.07       13.60       12.91       12.22       11.85       11.79       11.73       13.88       13.04       19.94       19.38       19.99       20.67       22.94       17.94       18.44       23.21       19.91       24.10
         7.2       636.0       1.156    1773.656     590.923       3.569       17.43       17.98       18.08       15.05       13.00       26.99       22.66       17.11       13.22       12.34       11.32       17.45       18.30       18.50       18.36       16.18       13.44       14.31       14.08       12.57       12.04       11.61       11.33       11.33       11.31       12.94       12.18       17.82       17.43       17.88       18.00       19.93       16.14       16.56       20.41       17.27       21.25

         7.3        10.0       0.628       2.198     150.455       2.296       38.52       37.03       47.34       26.68       20.74       40.16       40.63       30.80       21.15       19.79       16.05       38.91       37.36       46.27       33.91       28.85       21.47       23.29       21.94       22.94       20.96       18.38       17.39       16.32       15.78       21.25       20.28       40.38       38.52       36.94       44.69       45.63       36.73       35.18       42.93       43.83       43.71
         7.3        20.0       0.829       7.909     180.373       2.356       34.15       33.33       41.12       24.29       19.07       37.36       35.60       28.02       19.44       18.01       14.63       34.45       33.65       41.00       32.00       26.21       19.75       21.73       20.33       20.52       18.80       16.60       15.77       14.87       14.36       19.46       18.40       35.70       34.15       33.23       40.03       40.93       32.39       31.47       38.79       39.35       39.97
         7.3        50.0       0.950      35.239     244.798       2.636       27.60       27.77       31.93       20.98       16.97       32.90       29.34       24.11       17.29       15.90       13.30       27.70       28.10       32.39       28.14       22.56       17.60       19.36       18.31       17.46       16.15       14.58       13.98       13.46       13.12       17.18       16.09       28.51       27.60       27.68       31.74       33.24       25.92       25.92       32.42       31.08       33.97
         7.3       100.0       1.039      99.478     303.315       2.859       23.84       24.45       26.91       19.03       15.70       30.75       27.05       21.79       16.03       14.69       12.61       23.85       24.79       27.39       24.97       20.42       16.33       17.74       16.98       15.74       14.68       13.49       13.00       12.71       12.53       15.77       14.74       24.51       23.84       24.36       26.73       28.79       22.24       22.63       28.58       25.99       29.88
         7.3       159.0       1.078     189.565     349.986       3.029       21.89       22.60       24.26       17.93       14.96       29.80       26.11       20.49       15.29       14.03       12.25       21.93       22.93       24.74       23.13       19.23       15.58       16.81       16.20       14.82       13.91       12.93       12.49       12.31       12.20       14.98       14.02       22.61       21.89       22.50       24.09       26.33       20.35       20.80       26.35       23.32       27.45
         7.3       318.0       1.113     458.491     429.394       3.301       19.75       20.43       21.33       16.62       14.08       28.75       24.92       18.95       14.37       13.28       11.83       19.78       20.77       21.80       20.98       17.83       14.64       15.70       15.25       13.80       13.07       12.33       11.95       11.87       11.81       14.06       13.20       20.35       19.75       20.34       21.19       23.38       18.30       18.76       23.63       20.42       24.58
         7.3       636.0       1.149    1373.111     556.179       3.575       17.80       18.37       18.63       15.30       13.19       27.37       23.10       17.41       13.42       12.52       11.41       17.82       18.70       19.06       18.83       16.45       13.64       14.56       14.29       12.80       12.25       11.75       11.44       11.43       11.40       13.14       12.38       18.23       17.80       18.28       18.53       20.46       16.48       16.90       20.90       17.79       21.80

         7.4        20.0       0.805       6.160     171.926       2.382       35.24       34.19       42.74       24.83       19.42       37.92       36.76       28.67       19.81       18.40       14.91       35.56       34.52       42.34       32.44       26.82       20.11       22.06       20.67       21.08       19.29       16.99       16.11       15.17       14.64       19.85       18.82       36.85       35.24       34.09       41.20       42.10       33.47       32.33       39.78       40.48       40.85
         7.4        50.0       0.928      27.874     233.546       2.656       28.54       28.50       33.23       21.45       17.28       33.40       29.95       24.65       17.61       16.20       13.46       28.66       28.83       33.71       28.85       23.06       17.91       19.77       18.61       17.88       16.52       14.86       14.23       13.64       13.26       17.52       16.42       29.51       28.53       28.40       33.08       34.30       26.84       26.65       33.27       32.44       34.83
         7.4       100.0       1.021      79.632     289.446       2.874       24.57       25.06       27.93       19.40       15.96       31.09       27.39       22.24       16.28       14.94       12.75       24.58       25.39       28.39       25.63       20.83       16.58       18.07       17.26       16.10       14.98       13.71       13.20       12.87       12.65       16.07       15.02       25.23       24.56       24.97       27.72       29.57       22.95       23.23       29.28       27.00       30.71
         7.4       159.0       1.064     154.920     334.977       3.040       22.44       23.09       25.05       18.24       15.19       30.00       26.32       20.85       15.51       14.24       12.36       22.47       23.42       25.54       23.68       19.56       15.81       17.09       16.44       15.10       14.15       13.10       12.65       12.44       12.31       15.22       14.24       23.12       22.43       23.00       24.88       26.96       20.88       21.28       26.93       24.12       28.15
         7.4       318.0       1.105     384.476     412.564       3.308       20.12       20.79       21.87       16.84       14.25       28.91       25.14       19.21       14.55       13.43       11.92       20.17       21.12       22.34       21.37       18.06       14.82       15.91       15.44       13.99       13.23       12.45       12.05       11.96       11.89       14.24       13.35       20.77       20.12       20.69       21.72       23.82       18.66       19.08       24.04       20.95       25.08
         7.4       636.0       1.141    1066.715     523.875       3.581       18.19       18.79       19.22       15.56       13.38       27.71       23.54       17.73       13.63       12.70       11.51       18.22       19.11       19.66       19.31       16.72       13.86       14.82       14.51       13.03       12.44       11.88       11.56       11.53       11.50       13.35       12.57       18.66       18.19       18.69       19.11       21.01       16.84       17.26       21.41       18.36       22.38

         7.5        20.0       0.783       4.753     163.380       2.406       36.36       35.08       44.42       25.39       19.78       38.49       37.97       29.34       20.17       18.80       15.21       36.71       35.41       43.71       32.87       27.45       20.48       22.38       21.02       21.67       19.80       17.39       16.47       15.47       14.94       20.25       19.24       38.04       36.36       34.98       42.37       43.29       34.59       33.22       40.80       41.59       41.75
         7.5        50.0       0.907      21.893     222.373       2.676       29.55       29.28       34.65       21.95       17.61       33.94       30.67       25.24       17.94       16.52       13.64       29.70       29.61       35.13       29.57       23.61       18.24       20.18       18.93       18.34       16.91       15.16       14.49       13.84       13.42       17.88       16.78       30.59       29.54       29.19       34.50       35.47       27.84       27.43       34.18       33.87       35.72
         7.5       100.0       1.004      63.241     275.635       2.889       25.37       25.72       29.04       19.81       16.23       31.49       27.79       22.72       16.55       15.21       12.90       25.40       26.05       29.48       26.33       21.27       16.85       18.43       17.56       16.49       15.31       13.95       13.42       13.03       12.78       16.38       15.32       26.05       25.37       25.63       28.82       30.43       23.75       23.88       30.04       28.11       31.59
         7.5       159.0       1.049     125.204     319.760       3.052       23.06       23.63       25.95       18.58       15.43       30.25       26.57       21.26       15.75       14.46       12.49       23.08       23.97       26.43       24.28       19.93       16.05       17.40       16.70       15.41       14.41       13.29       12.82       12.57       12.42       15.49       14.48       23.70       23.06       23.54       25.77       27.66       21.49       21.82       27.56       25.02       28.92
         7.5       318.0       1.095     321.203     396.108       3.316       20.52       21.16       22.45       17.08       14.42       29.06       25.33       19.49       14.73       13.58       12.01       20.57       21.50       22.92       21.80       18.31       15.00       16.13       15.63       14.20       13.41       12.57       12.17       12.05       11.98       14.42       13.52       21.20       20.52       21.07       22.29       24.29       19.05       19.42       24.49       21.52       25.61
         7.5       636.0       1.134     838.275     494.830       3.587       18.59       19.19       19.81       15.83       13.58       27.99       23.94       18.04       13.83       12.87       11.61       18.63       19.52       20.26       19.78       16.99       14.07       15.07       14.72       13.26       12.63       12.01       11.67       11.63       11.59       13.56       12.76       19.11       18.58       19.10       19.68       21.54       17.22       17.61       21.90       18.93       22.95

         7.6        20.0       0.763       3.639     154.832       2.428       37.50       35.98       46.11       25.95       20.14       39.06       39.21       30.02       20.54       19.20       15.51       37.87       36.31       45.08       33.28       28.08       20.85       22.70       21.36       22.26       20.32       17.79       16.83       15.78       15.24       20.65       19.68       39.24       37.49       35.89       43.53       44.50       35.71       34.13       41.83       42.69       42.65
         7.6        50.0       0.887      17.102     211.379       2.695       30.63       30.12       36.19       22.48       17.96       34.52       31.52       25.87       18.29       16.86       13.85       30.82       30.44       36.60       30.26       24.19       18.59       20.59       19.26       18.84       17.35       15.48       14.78       14.06       13.61       18.26       17.16       31.75       30.62       30.02       35.93       36.71       28.91       28.26       35.16       35.31       36.64
         7.6       100.0       0.986      49.870     261.985       2.904       26.27       26.43       30.27       20.25       16.53       31.92       28.27       23.25       16.84       15.50       13.06       26.31       26.76       30.70       27.08       21.76       17.14       18.81       17.86       16.90       15.66       14.21       13.65       13.20       12.92       16.72       15.65       26.98       26.26       26.33       30.04       31.41       24.63       24.58       30.87       29.36       32.50
         7.6       159.0       1.035     100.293     304.565       3.064       23.76       24.23       26.93       18.95       15.69       30.54       26.87       21.70       16.01       14.70       12.62       23.77       24.56       27.41       24.94       20.33       16.30       17.74       16.98       15.76       14.69       13.50       13.01       12.72       12.54       15.78       14.75       24.37       23.76       24.14       26.75       28.44       22.18       22.40       28.26       26.02       29.74
         7.6       318.0       1.085     266.238     379.638       3.323       20.96       21.57       23.09       17.34       14.61       29.23       25.52       19.79       14.92       13.75       12.10       21.01       21.90       23.56       22.25       18.59       15.20       16.38       15.83       14.43       13.59       12.71       12.29       12.15       12.07       14.63       13.71       21.66       20.95       21.48       22.92       24.81       19.47       19.81       24.97       22.16       26.20
         7.6       636.0       1.126     673.801     470.038       3.592       18.98       19.57       20.38       16.07       13.75       28.22       24.28       18.32       14.02       13.03       11.69       19.03       19.90       20.82       20.21       17.24       14.26       15.30       14.92       13.46       12.80       12.13       11.78       11.72       11.68       13.75       12.93       19.56       18.97       19.48       20.24       22.02       17.59       17.95       22.36       19.48       23.48

         7.7        50.0       0.869      13.251     200.455       2.714       31.79       31.02       37.87       23.05       18.32       35.19       32.53       26.55       18.66       17.24       14.09       32.01       31.35       38.13       30.90       24.82       18.95       20.99       19.61       19.39       17.82       15.85       15.10       14.32       13.83       18.66       17.57       32.98       31.78       30.93       37.37       38.03       30.05       29.17       36.21       36.74       37.61
         7.7       100.0       0.970      39.253     248.838       2.919       27.23       27.18       31.60       20.72       16.83       32.34       28.81       23.81       17.15       15.80       13.22       27.30       27.51       32.03       27.85       22.27       17.44       19.22       18.18       17.34       16.03       14.48       13.89       13.38       13.05       17.06       15.98       27.99       27.23       27.08       31.38       32.49       25.57       25.33       31.74       30.72       33.42
         7.7       159.0       1.021      79.701     289.505       3.075       24.55       24.87       28.02       19.35       15.96       30.90       27.21       22.18       16.27       14.96       12.76       24.55       25.20       28.47       25.65       20.77       16.57       18.09       17.27       16.13       15.01       13.73       13.22       12.88       12.66       16.09       15.04       25.14       24.55       24.78       27.82       29.30       22.95       23.04       29.02       27.11       30.62
         7.7       318.0       1.075     218.963     363.207       3.331       21.44       22.01       23.80       17.62       14.82       29.41       25.72       20.13       15.12       13.93       12.20       21.50       22.35       24.26       22.75       18.89       15.40       16.64       16.06       14.69       13.80       12.85       12.42       12.26       12.16       14.85       13.91       22.14       21.44       21.92       23.62       25.38       19.95       20.23       25.50       22.87       26.84
         7.7       636.0       1.119     555.999     449.463       3.598       19.34       19.92       20.90       16.29       13.92       28.40       24.55       18.58       14.19       13.17       11.78       19.41       20.25       21.35       20.61       17.48       14.44       15.52       15.10       13.65       12.95       12.24       11.88       11.81       11.75       13.92       13.08       19.97       19.34       19.82       20.75       22.47       17.95       18.26       22.78       20.00       23.98

         7.8        50.0       0.851      10.178     189.600       2.731       33.02       32.00       39.69       23.65       18.70       35.97       33.71       27.28       19.04       17.65       14.37       33.28       32.33       39.68       31.49       25.50       19.34       21.37       19.98       20.00       18.35       16.25       15.46       14.61       14.10       19.09       18.02       34.30       33.02       31.91       38.77       39.42       31.28       30.15       37.34       38.11       38.62
         7.8       100.0       0.955      30.974     236.430       2.933       28.23       27.96       32.99       21.21       17.15       32.74       29.42       24.39       17.46       16.10       13.38       28.33       28.29       33.44       28.62       22.81       17.75       19.63       18.49       17.77       16.41       14.76       14.14       13.56       13.18       17.41       16.32       29.05       28.23       27.86       32.80       33.66       26.56       26.11       32.65       32.15       34.33
         7.8       159.0       1.008      62.981     274.776       3.087       25.42       25.56       29.22       19.78       16.24       31.30       27.62       22.70       16.55       15.24       12.91       25.43       25.90       29.64       26.40       21.24       16.84       18.46       17.57       16.54       15.35       13.97       13.44       13.04       12.78       16.41       15.36       26.01       25.42       25.47       29.00       30.24       23.81       23.73       29.83       28.31       31.54
         7.8       318.0       1.065     178.516     346.774       3.340       21.99       22.49       24.59       17.93       15.03       29.62       25.94       20.50       15.34       14.13       12.31       22.03       22.83       25.05       23.30       19.22       15.62       16.92       16.29       14.96       14.03       13.02       12.57       12.38       12.26       15.09       14.13       22.66       21.98       22.40       24.41       26.02       20.48       20.69       26.08       23.66       27.54
         7.8       636.0       1.111     465.980     431.529       3.604       19.71       20.26       21.42       16.51       14.08       28.56       24.77       18.84       14.35       13.31       11.85       19.78       20.59       21.87       20.99       17.70       14.61       15.72       15.27       13.84       13.11       12.35       11.97       11.89       11.83       14.09       13.23       20.38       19.70       20.16       21.26       22.90       18.30       18.56       23.18       20.50       24.47

         7.9        50.0       0.835       7.779     179.002       2.748       34.29       33.02       41.59       24.26       19.08       36.84       35.00       28.03       19.43       18.08       14.67       34.59       33.34       41.22       32.01       26.20       19.73       21.72       20.36       20.64       18.91       16.68       15.84       14.92       14.40       19.53       18.49       35.66       34.29       32.92       40.11       40.82       32.54       31.16       38.49       39.40       39.66
         7.9       100.0       0.940      24.402     224.499       2.946       29.30       28.78       34.48       21.72       17.48       33.19       30.12       25.00       17.79       16.42       13.55       29.43       29.11       34.92       29.37       23.37       18.08       20.05       18.81       18.24       16.81       15.06       14.40       13.75       13.33       17.78       16.68       30.18       29.29       28.68       34.27       34.92       27.61       26.93       33.61       33.63       35.25
         7.9       159.0       0.995      49.758     260.740       3.098       26.35       26.30       30.50       20.23       16.53       31.70       28.08       23.25       16.84       15.53       13.06       26.38       26.63       30.91       27.16       21.74       17.13       18.85       17.88       16.96       15.71       14.23       13.67       13.21       12.91       16.75       15.68       26.97       26.35       26.20       30.27       31.27       24.73       24.45       30.69       29.60       32.46
         7.9       318.0       1.055     144.209     330.358       3.348       22.61       23.02       25.48       18.27       15.27       29.86       26.21       20.90       15.58       14.35       12.42       22.63       23.36       25.94       23.90       19.59       15.86       17.23       16.55       15.27       14.28       13.20       12.74       12.51       12.36       15.35       14.37       23.22       22.60       22.93       25.29       26.74       21.08       21.21       26.72       24.55       28.31
         7.9       636.0       1.103     390.319     414.331       3.610       20.09       20.61       21.97       16.74       14.25       28.71       24.98       19.10       14.53       13.46       11.94       20.17       20.94       22.42       21.39       17.94       14.78       15.94       15.45       14.04       13.27       12.47       12.08       11.98       11.91       14.27       13.39       20.79       20.08       20.52       21.81       23.36       18.68       18.89       23.61       21.05       24.98

         8.0        50.0       0.820       5.935     168.806       2.764       35.56       34.03       43.50       24.86       19.46       37.79       36.34       28.78       19.82       18.52       14.99       35.90       34.36       42.71       32.48       26.90       20.12       22.06       20.73       21.29       19.47       17.11       16.22       15.25       14.71       19.97       18.96       37.01       35.55       33.94       41.38       42.21       33.80       32.18       39.65       40.61       40.69
         8.0       100.0       0.925      19.063     212.690       2.960       30.44       29.67       36.10       22.27       17.82       33.77       30.97       25.66       18.14       16.77       13.75       30.61       29.99       36.47       30.09       23.98       18.43       20.46       19.14       18.75       17.26       15.39       14.69       13.97       13.51       18.16       17.06       31.39       30.43       29.57       35.77       36.27       28.74       27.81       34.64       35.12       36.21
         8.0       159.0       0.982      39.409     247.533       3.109       27.33       27.06       31.85       20.70       16.83       32.08       28.61       23.81       17.13       15.82       13.21       27.38       27.39       32.26       27.93       22.26       17.42       19.25       18.19       17.39       16.07       14.50       13.91       13.38       13.04       17.09       16.01       27.99       27.33       26.97       31.62       32.40       25.69       25.21       31.57       30.97       33.37
         8.0       318.0       1.045     115.378     313.981       3.357       23.31       23.61       26.47       18.64       15.52       30.14       26.51       21.35       15.82       14.58       12.55       23.32       23.95       26.94       24.57       20.00       16.11       17.56       16.82       15.60       14.56       13.40       12.92       12.65       12.47       15.64       14.63       23.86       23.31       23.52       26.29       27.55       21.77       21.79       27.42       25.56       29.15
         8.0       636.0       1.095     323.665     396.886       3.617       20.52       20.99       22.59       16.99       14.43       28.87       25.18       19.40       14.71       13.62       12.02       20.60       21.33       23.04       21.83       18.21       14.97       16.17       15.65       14.26       13.45       12.60       12.19       12.08       11.99       14.46       13.57       21.24       20.51       20.90       22.42       23.86       19.09       19.25       24.08       21.67       25.56

         8.1        50.0       0.806       4.495     158.793       2.778       36.83       35.05       45.42       25.46       19.83       38.80       37.71       29.53       20.20       18.96       15.31       37.20       35.38       44.17       32.92       27.60       20.50       22.37       21.10       21.96       20.04       17.55       16.61       15.57       15.03       20.40       19.43       38.36       36.82       34.96       42.61       43.59       35.07       33.20       40.81       41.77       41.71
         8.1       100.0       0.912      14.755     201.002       2.973       31.66       30.63       37.87       22.85       18.19       34.56       32.01       26.37       18.51       17.15       13.99       31.87       30.95       38.05       30.76       24.64       18.79       20.86       19.49       19.31       17.75       15.76       15.01       14.22       13.73       18.57       17.49       32.69       31.66       30.53       37.25       37.69       29.94       28.77       35.75       36.59       37.22
         8.1       159.0       0.970      31.122     234.802       3.120       28.38       27.87       33.30       21.19       17.15       32.47       29.24       24.41       17.45       16.13       13.37       28.46       28.20       33.72       28.71       22.81       17.73       19.67       18.50       17.84       16.46       14.79       14.16       13.56       13.17       17.45       16.36       29.08       28.37       27.77       33.08       33.65       26.72       26.02       32.51       32.43       34.29
         8.1       318.0       1.034      91.632     297.870       3.365       24.11       24.26       27.59       19.04       15.79       30.44       26.83       21.85       16.09       14.84       12.68       24.10       24.59       28.03       25.29       20.44       16.37       17.92       17.12       15.97       14.87       13.62       13.12       12.79       12.59       15.95       14.91       24.61       24.11       24.17       27.39       28.44       22.55       22.43       28.19       26.68       30.04
         8.1       636.0       1.086     264.621     378.883       3.624       20.99       21.43       23.29       17.27       14.63       29.04       25.38       19.74       14.92       13.80       12.12       21.08       21.76       23.74       22.33       18.51       15.18       16.43       15.88       14.51       13.65       12.74       12.33       12.18       12.09       14.68       13.76       21.71       20.99       21.34       23.12       24.44       19.55       19.66       24.60       22.37       26.20

         8.2       100.0       0.899      11.367     189.665       2.985       32.93       31.64       39.75       23.45       18.56       35.59       33.22       27.11       18.88       17.56       14.27       33.18       31.97       39.61       31.35       25.32       19.17       21.23       19.86       19.93       18.28       16.17       15.37       14.51       14.00       19.00       17.94       34.04       32.93       31.55       38.65       39.14       31.20       29.79       36.91       37.95       38.26
         8.2       159.0       0.958      24.315     222.124       3.131       29.52       28.75       34.90       21.73       17.49       32.98       30.02       25.06       17.79       16.46       13.55       29.63       29.08       35.30       29.48       23.41       18.07       20.10       18.83       18.33       16.89       15.10       14.43       13.76       13.32       17.83       16.74       30.28       29.51       28.66       34.61       35.02       27.84       26.90       33.54       33.96       35.26
         8.2       318.0       1.024      72.662     282.464       3.374       24.99       24.95       28.79       19.46       16.07       30.76       27.17       22.37       16.36       15.11       12.82       24.97       25.28       29.20       26.05       20.91       16.64       18.29       17.42       16.37       15.20       13.86       13.33       12.95       12.70       16.27       15.22       25.45       24.98       24.86       28.58       29.41       23.41       23.12       29.00       27.89       30.95
         8.2       636.0       1.078     213.992     360.736       3.631       21.54       21.91       24.09       17.58       14.84       29.24       25.59       20.11       15.13       14.00       12.23       21.61       22.24       24.53       22.89       18.84       15.40       16.72       16.12       14.79       13.88       12.90       12.47       12.30       12.18       14.93       13.98       22.22       21.53       21.82       23.91       25.09       20.07       20.12       25.19       23.17       26.92

         8.3       100.0       0.886       8.690     178.570       2.997       34.24       32.69       41.71       24.06       18.94       36.82       34.58       27.88       19.27       18.00       14.58       34.53       33.02       41.14       31.87       26.03       19.56       21.58       20.24       20.59       18.85       16.60       15.75       14.83       14.30       19.44       18.41       35.43       34.24       32.60       39.98       40.61       32.51       30.84       38.11       39.24       39.33
         8.3       159.0       0.947      18.799     209.571       3.141       30.75       29.71       36.66       22.31       17.85       33.72       30.99       25.76       18.15       16.84       13.77       30.90       30.04       36.92       30.22       24.05       18.44       20.52       19.18       18.88       17.36       15.45       14.74       13.99       13.52       18.24       17.15       31.57       30.74       29.62       36.17       36.49       29.05       27.86       34.65       35.51       36.28
         8.3       318.0       1.014      57.634     267.858       3.382       25.92       25.68       30.07       19.90       16.35       31.11       27.56       22.91       16.64       15.39       12.97       25.91       26.02       30.45       26.82       21.41       16.92       18.67       17.72       16.78       15.55       14.11       13.56       13.11       12.82       16.60       15.54       26.37       25.92       25.59       29.84       30.46       24.33       23.85       29.85       29.17       31.87
         8.3       636.0       1.069     171.825     342.867       3.638       22.15       22.43       24.98       17.91       15.08       29.47       25.84       20.52       15.36       14.21       12.34       22.19       22.77       25.42       23.49       19.21       15.63       17.03       16.37       15.09       14.13       13.08       12.63       12.42       12.29       15.19       14.22       22.76       22.14       22.34       24.80       25.82       20.67       20.63       25.83       24.07       27.70

         8.4       100.0       0.875       6.494     167.142       3.009       35.64       33.83       43.82       24.70       19.34       38.29       36.10       28.70       19.68       18.48       14.92       35.97       34.15       42.71       32.37       26.79       19.98       21.91       20.64       21.30       19.47       17.07       16.16       15.18       14.64       19.92       18.92       36.90       35.63       33.73       41.32       42.15       33.90       31.97       39.40       40.52       40.48
         8.4       159.0       0.935      14.441     197.374       3.152       32.04       30.74       38.54       22.90       18.23       34.76       32.17       26.51       18.53       17.24       14.03       32.24       31.07       38.54       30.88       24.73       18.82       20.92       19.55       19.48       17.89       15.85       15.08       14.26       13.76       18.67       17.59       32.93       32.03       30.65       37.66       38.00       30.33       28.89       35.83       36.97       37.34
         8.4       318.0       1.005      45.471     253.665       3.390       26.94       26.47       31.46       20.37       16.65       31.52       28.08       23.49       16.93       15.69       13.12       26.94       26.80       31.82       27.62       21.93       17.21       19.07       18.03       17.22       15.93       14.38       13.79       13.28       12.95       16.95       15.87       27.39       26.93       26.38       31.21       31.63       25.32       24.63       30.76       30.56       32.80
         8.4       636.0       1.060     137.499     325.612       3.645       22.83       23.00       25.95       18.27       15.32       29.73       26.12       20.96       15.60       14.44       12.46       22.85       23.33       26.39       24.14       19.61       15.87       17.35       16.64       15.42       14.40       13.27       12.81       12.55       12.39       15.47       14.48       23.35       22.83       22.91       25.77       26.63       21.33       21.19       26.51       25.05       28.53

         8.5       100.0       0.863       4.688     155.053       3.020       37.14       35.05       46.11       25.40       19.76       39.98       37.80       29.58       20.12       18.99       15.29       37.52       35.38       44.36       32.86       27.60       20.42       22.26       21.07       22.08       20.14       17.59       16.62       15.56       15.02       20.42       19.48       38.50       37.14       34.96       42.71       43.81       35.40       33.20       40.79       41.85       41.71
         8.5       159.0       0.925      10.983     185.383       3.162       33.39       31.83       40.56       23.53       18.62       36.15       33.57       27.29       18.93       17.68       14.33       33.64       32.16       40.12       31.46       25.45       19.21       21.28       19.93       20.14       18.46       16.28       15.46       14.58       14.05       19.12       18.07       34.36       33.39       31.74       39.08       39.55       31.67       29.98       37.08       38.34       38.46
         8.5       318.0       0.995      35.527     239.636       3.399       28.04       27.33       32.99       20.88       16.98       32.03       28.76       24.11       17.25       16.01       13.28       28.08       27.66       33.33       28.43       22.49       17.53       19.51       18.36       17.69       16.33       14.67       14.05       13.47       13.08       17.32       16.24       28.52       28.04       27.23       32.71       32.97       26.41       25.48       31.75       32.06       33.77
         8.5       636.0       1.052     110.039     309.230       3.652       23.58       23.60       27.01       18.65       15.58       30.01       26.43       21.42       15.85       14.68       12.59       23.57       23.94       27.43       24.82       20.03       16.12       17.70       16.92       15.76       14.69       13.48       13.00       12.69       12.50       15.76       14.75       24.01       23.58       23.51       26.82       27.51       22.06       21.78       27.24       26.11       29.37

         8.6       159.0       0.914       8.141     172.969       3.171       34.87       33.03       42.77       24.20       19.03       37.88       35.20       28.14       19.35       18.17       14.67       35.16       33.36       41.75       32.01       26.24       19.65       21.63       20.35       20.89       19.10       16.77       15.89       14.93       14.40       19.61       18.60       35.90       34.86       32.93       40.50       41.20       33.14       31.18       38.45       39.71       39.67
         8.6       318.0       0.986      27.574     225.992       3.407       29.22       28.24       34.64       21.41       17.32       32.73       29.64       24.77       17.60       16.35       13.47       29.29       28.57       34.94       29.23       23.09       17.87       19.94       18.70       18.19       16.77       14.99       14.33       13.67       13.23       17.71       16.62       29.74       29.22       28.15       34.27       34.42       27.56       26.40       32.82       33.61       34.76
         8.6       636.0       1.043      88.001     293.622       3.659       24.41       24.26       28.15       19.04       15.84       30.29       26.79       21.92       16.11       14.93       12.72       24.38       24.59       28.54       25.54       20.47       16.38       18.05       17.21       16.13       15.00       13.70       13.19       12.84       12.61       16.07       15.03       24.77       24.41       24.17       27.95       28.44       22.87       22.43       28.01       27.26       30.24

         8.7       159.0       0.905       5.845     160.061       3.180       36.44       34.32       45.16       24.91       19.47       39.90       37.04       29.06       19.81       18.71       15.06       36.78       34.64       43.44       32.53       27.08       20.11       21.98       20.80       21.70       19.80       17.30       16.36       15.33       14.78       20.14       19.18       37.56       36.44       34.22       41.94       42.95       34.71       32.47       39.93       41.10       40.96
         8.7       318.0       0.977      21.317     212.889       3.415       30.45       29.21       36.40       21.97       17.68       33.69       30.72       25.46       17.95       16.72       13.68       30.57       29.54       36.55       29.97       23.72       18.23       20.36       19.04       18.74       17.24       15.34       14.64       13.90       13.42       18.12       17.03       31.02       30.45       29.12       35.81       35.94       28.78       27.36       33.94       35.12       35.77
         8.7       636.0       1.035      69.834     278.271       3.666       25.34       24.98       29.41       19.47       16.12       30.63       27.22       22.45       16.38       15.21       12.86       25.31       25.31       29.75       26.31       20.95       16.65       18.43       17.51       16.54       15.34       13.94       13.41       12.99       12.72       16.39       15.34       25.65       25.33       24.89       29.19       29.49       23.78       23.15       28.85       28.53       31.14

         8.8       318.0       0.968      16.276     199.898       3.423       31.78       30.27       38.32       22.56       18.06       35.02       32.07       26.20       18.34       17.13       13.93       31.94       30.60       38.17       30.66       24.40       18.61       20.76       19.41       19.35       17.77       15.74       14.98       14.17       13.66       18.55       17.48       32.41       31.77       30.17       37.32       37.53       30.09       28.42       35.17       36.60       36.86
         8.8       636.0       1.026      54.717     262.893       3.673       26.38       25.78       30.82       19.93       16.42       31.13       27.82       23.03       16.68       15.51       13.01       26.35       26.11       31.11       27.13       21.47       16.94       18.83       17.83       16.98       15.72       14.22       13.65       13.17       12.84       16.75       15.68       26.66       26.37       25.69       30.57       30.68       24.79       23.94       29.79       29.93       32.09

         8.9       318.0       0.960      12.040     186.198       3.430       33.29       31.49       40.55       23.24       18.48       36.89       33.79       27.06       18.77       17.62       14.26       33.50       31.82       39.86       31.30       25.19       19.05       21.15       19.83       20.08       18.41       16.22       15.40       14.51       13.98       19.05       18.01       33.99       33.28       31.39       38.87       39.27       31.59       29.64       36.59       38.10       38.10
         8.9       636.0       1.018      42.477     247.784       3.680       27.50       26.64       32.36       20.43       16.75       31.86       28.65       23.65       17.00       15.84       13.17       27.50       26.98       32.60       27.96       22.03       17.26       19.26       18.16       17.46       16.13       14.51       13.91       13.35       12.97       17.13       16.05       27.80       27.49       26.55       32.06       32.04       25.89       24.81       30.80       31.42       33.07

         9.0       318.0       0.952       8.669     172.224       3.438       34.92       32.82       42.98       23.97       18.94       39.17       35.79       27.99       19.24       18.16       14.64       35.19       33.15       41.57       31.89       26.04       19.52       21.51       20.29       20.90       19.11       16.75       15.87       14.90       14.36       19.58       18.59       35.70       34.91       32.72       40.39       41.10       33.21       30.97       38.14       39.57       39.45
         9.0       636.0       1.010      32.795     233.213       3.687       28.68       27.56       34.01       20.95       17.09       32.89       29.72       24.30       17.34       16.18       13.35       28.72       27.89       34.16       28.78       22.61       17.60       19.70       18.50       17.96       16.57       14.83       14.18       13.55       13.12       17.52       16.43       29.01       28.67       27.47       33.60       33.52       27.05       25.72       31.88       32.94       34.06

         9.1       318.0       0.945       6.349     159.900       3.444       36.40       34.04       45.22       24.63       19.35       41.39       37.69       28.84       19.66       18.65       15.00       36.73       34.37       43.07       32.38       26.82       19.96       21.82       20.70       21.67       19.76       17.25       16.30       15.27       14.72       20.07       19.13       37.26       36.40       33.94       41.70       42.74       34.69       32.19       39.56       40.84       40.67
         9.1       636.0       1.002      24.979     218.732       3.694       29.95       28.56       35.83       21.51       17.46       34.27       31.07       24.99       17.71       16.56       13.56       30.05       28.89       35.81       29.57       23.25       17.97       20.14       18.85       18.52       17.05       15.19       14.49       13.78       13.31       17.94       16.86       30.35       29.95       28.47       35.18       35.15       28.31       26.72       33.06       34.49       35.11

         9.2       636.0       0.994      18.432     203.506       3.701       31.43       29.73       37.96       22.16       17.88       36.14       32.82       25.81       18.13       17.01       13.83       31.59       30.06       37.58       30.36       23.99       18.39       20.59       19.26       19.19       17.64       15.62       14.87       14.07       13.56       18.42       17.36       31.92       31.43       29.64       36.86       36.97       29.77       27.89       34.45       36.11       36.31

         9.3       636.0       0.987      13.346     188.392       3.707       33.04       31.03       40.32       22.88       18.33       38.43       34.90       26.71       18.59       17.52       14.18       33.28       31.36       39.34       31.06       24.82       18.86       20.99       19.70       19.97       18.31       16.13       15.31       14.43       13.89       18.94       17.92       33.66       33.03       30.94       38.48       38.84       31.37       29.19       35.99       37.69       37.63

         9.4       636.0       0.981       9.920     175.481       3.713       34.51       32.24       42.50       23.53       18.74       40.67       36.89       27.55       19.01       18.01       14.52       34.82       32.57       40.84       31.61       25.58       19.29       21.30       20.10       20.71       18.94       16.61       15.74       14.78       14.23       19.42       18.44       35.26       34.51       32.14       39.83       40.48       32.84       30.39       37.42       39.01       38.85

         9.5       636.0       0.975       7.559     164.434       3.718       35.82       33.31       44.44       24.11       19.10       42.72       38.70       28.30       19.38       18.45       14.84       36.20       33.64       42.12       32.05       26.27       19.67       21.56       20.46       21.39       19.52       17.05       16.12       15.10       14.55       19.84       18.91       36.69       35.81       33.22       40.98       41.90       34.15       31.47       38.69       40.12       39.93

         9.6       636.0       0.970       5.688     153.571       3.723       37.13       34.39       46.39       24.70       19.45       44.81       40.53       29.05       19.75       18.89       15.16       37.57       34.72       43.37       32.48       26.96       20.05       21.80       20.82       22.06       20.10       17.49       16.50       15.43       14.88       20.27       19.39       38.13       37.12       34.30       42.09       43.31       35.46       32.55       39.97       41.21       41.02




