#atmflag = -2, [M/H] = 0.80, clear 
#Conversion factor  L_{Jupiter} = 8.710e-10 x L_{Sun} with L_{Sun} = 3.846e+33 erg/s
#1:log(Age/yr), 2:Mass/Mearth, 3:Radius/Rjupiter, 4:Luminosity/Ljupiter, 5:Teff/K, 6:logg/cgs, 7:NACOJ, 8:NACOH, 9:NACOKs, 10:NACOLp, 11:NACOMp, 12:CousinsR, 13:CousinsI, 14:WISE1, 15:WISE2, 16:WISE3, 17:WISE4, 18:F115W, 19:F150W, 20:F200W, 21:F277W, 22:F356W, 23:F444W, 24:F560W, 25:F770W, 26:F1000W, 27:F1280W, 28:F1500W, 29:F1800W, 30:F2100W, 31:F2550W, 32:VISIRB87, 33:VISIRSiC, 34:SPHEREY, 35:SPHEREJ, 36:SPHEREH, 37:SPHEREKs, 38:SPHEREJ2, 39:SPHEREJ3, 40:SPHEREH2, 41:SPHEREH3, 42:SPHEREK1, 43:SPHEREK2

         6.0         5.0       0.725       6.030     180.204       1.870       34.54       37.12       39.74       26.69       20.12       38.91       37.31       30.90       20.60       18.11       14.62       34.69       37.45       40.23       33.40       28.91       20.94       22.82       21.26       21.99       19.95       16.46       15.60       14.84       14.37       20.43       19.16       36.39       34.54       37.03       39.44       42.23       32.73       35.26       43.13       38.59       43.30
         6.0        10.0       0.989      24.508     219.095       1.902       29.41       32.11       32.30       23.33       17.97       34.43       31.88       26.91       18.40       16.17       13.28       29.46       32.44       32.87       30.59       25.19       18.72       20.75       19.16       18.91       17.20       14.58       13.88       13.43       13.09       18.15       16.90       30.69       29.41       32.02       32.03       37.01       27.62       30.26       37.92       31.11       37.61
         6.0        20.0       1.371      91.454     258.566       1.919       25.65       28.13       27.06       20.57       16.03       31.95       28.93       23.74       16.43       14.61       12.24       25.60       28.46       27.60       27.27       22.22       16.76       18.44       17.36       16.46       15.05       13.14       12.56       12.33       12.15       16.19       14.99       26.40       25.66       28.04       26.80       32.96       23.89       26.29       33.66       25.88       32.87
         6.0        50.0       1.469     434.247     368.769       2.257       21.02       22.50       21.13       17.47       14.10       28.88       25.48       20.06       14.44       12.94       11.38       20.93       22.84       21.67       21.89       18.87       14.77       15.84       15.24       13.60       12.75       11.86       11.45       11.41       11.37       13.95       12.89       21.48       21.03       22.40       21.02       27.57       19.32       20.99       27.77       20.24       26.66
         6.0       100.0       1.354    1109.042     485.625       2.629       18.48       19.79       18.69       16.14       13.31       27.76       24.09       18.31       13.62       12.12       11.12       18.42       20.11       19.19       19.28       17.42       13.92       14.66       14.30       12.42       11.70       11.34       11.11       11.13       11.12       12.94       11.87       18.85       18.49       19.68       18.69       23.98       16.90       18.51       24.52       17.99       23.67
         6.0       159.0       1.292    2153.964     586.780       2.871       17.38       18.29       17.41       15.41       12.89       26.94       23.04       17.33       13.17       11.60       10.94       17.36       18.60       17.88       17.95       16.63       13.45       13.96       13.69       11.77       11.12       11.00       10.91       10.94       10.93       12.34       11.25       17.72       17.38       18.17       17.46       21.31       15.96       17.06       22.63       16.79       22.02
         6.0       318.0       1.276    6284.208     771.682       3.183       15.99       16.52       15.48       14.23       12.25       25.54       21.55       15.81       12.48       10.85       10.53       16.00       16.78       15.85       16.02       15.37       12.71       12.83       12.75       10.83       10.36       10.47       10.49       10.53       10.52       11.55       10.41       16.24       15.98       16.41       15.54       17.82       14.83       15.35       18.97       14.81       19.60

         6.1         5.0       0.711       5.482     177.704       1.888       34.90       37.45       40.28       26.91       20.26       39.22       37.70       31.17       20.74       18.25       14.72       35.05       37.78       40.76       33.54       29.17       21.08       22.93       21.41       22.21       20.15       16.60       15.73       14.95       14.47       20.59       19.32       36.76       34.90       37.36       39.98       42.58       33.08       35.59       43.46       39.13       43.66
         6.1        10.0       0.965      22.151     216.203       1.923       29.72       32.42       32.78       23.56       18.13       34.61       32.11       27.18       18.56       16.31       13.36       29.78       32.75       33.34       30.82       25.45       18.87       20.92       19.31       19.12       17.39       14.70       13.99       13.52       13.17       18.31       17.06       31.04       29.72       32.33       32.51       37.34       27.93       30.57       38.25       31.59       38.00
         6.1        20.0       1.334      81.477     254.721       1.943       25.92       28.43       27.45       20.79       16.19       32.12       29.13       23.99       16.59       14.74       12.33       25.88       28.76       28.00       27.57       22.45       16.92       18.64       17.51       16.67       15.23       13.26       12.67       12.43       12.23       16.35       15.15       26.70       25.93       28.34       27.19       33.24       24.16       26.59       33.96       26.27       33.24
         6.1        50.0       1.434     378.958     360.758       2.278       21.30       22.79       21.45       17.66       14.24       29.01       25.63       20.28       14.59       13.08       11.47       21.21       23.13       21.98       22.22       19.07       14.92       16.02       15.40       13.79       12.93       11.98       11.55       11.51       11.47       14.11       13.05       21.78       21.30       22.69       21.31       27.84       19.59       21.24       28.06       20.52       26.98
         6.1       100.0       1.335     949.377     470.427       2.641       18.74       20.08       18.95       16.30       13.43       27.89       24.28       18.52       13.75       12.27       11.20       18.67       20.40       19.45       19.59       17.59       14.05       14.84       14.45       12.60       11.88       11.46       11.20       11.21       11.20       13.11       12.05       19.12       18.75       19.97       18.93       24.37       17.14       18.77       24.82       18.22       23.97
         6.1       159.0       1.278    1838.785     567.123       2.880       17.59       18.57       17.66       15.56       13.00       27.12       23.26       17.53       13.28       11.75       11.02       17.57       18.87       18.14       18.23       16.78       13.57       14.13       13.85       11.94       11.28       11.11       10.99       11.02       11.02       12.49       11.42       17.95       17.59       18.45       17.70       21.79       16.14       17.32       22.93       17.02       22.31
         6.1       318.0       1.265    5452.409     747.981       3.190       16.14       16.71       15.69       14.39       12.34       25.70       21.73       16.01       12.57       10.95       10.61       16.16       16.97       16.09       16.28       15.53       12.82       12.99       12.89       10.96       10.46       10.55       10.57       10.61       10.60       11.66       10.52       16.42       16.14       16.59       15.76       18.15       14.96       15.52       19.56       15.04       19.88

         6.2         5.0       0.695       4.915     174.846       1.907       35.31       37.83       40.90       27.17       20.42       39.58       38.16       31.49       20.90       18.42       14.84       35.46       38.16       41.37       33.71       29.45       21.25       23.04       21.57       22.47       20.38       16.76       15.88       15.07       14.58       20.77       19.51       37.20       35.31       37.74       40.60       42.98       33.49       35.97       43.83       39.76       44.08
         6.2        10.0       0.940      19.797     212.990       1.946       30.08       32.78       33.32       23.82       18.30       34.82       32.38       27.48       18.74       16.45       13.45       30.15       33.10       33.89       31.08       25.73       19.05       21.11       19.47       19.35       17.60       14.84       14.12       13.62       13.25       18.49       17.24       31.45       30.08       32.68       33.05       37.71       28.29       30.92       38.62       32.14       38.43
         6.2        20.0       1.294      71.745     250.516       1.969       26.23       28.77       27.91       21.04       16.37       32.29       29.34       24.27       16.77       14.89       12.43       26.20       29.10       28.46       27.91       22.72       17.10       18.86       17.68       16.90       15.43       13.39       12.79       12.53       12.32       16.54       15.33       27.06       26.24       28.68       27.64       33.56       24.47       26.93       34.31       26.73       33.66
         6.2        50.0       1.398     328.133     352.500       2.300       21.58       23.11       21.79       17.87       14.40       29.16       25.78       20.52       14.75       13.24       11.57       21.50       23.44       22.33       22.59       19.29       15.07       16.22       15.57       14.00       13.11       12.11       11.66       11.61       11.56       14.29       13.23       22.08       21.59       23.01       21.64       28.14       19.88       21.52       28.38       20.83       27.34
         6.2       100.0       1.316     803.399     454.512       2.654       19.04       20.39       19.23       16.49       13.57       28.03       24.48       18.75       13.89       12.44       11.29       18.97       20.72       19.75       19.94       17.78       14.19       15.03       14.61       12.80       12.07       11.59       11.30       11.30       11.29       13.28       12.25       19.43       19.05       20.28       19.20       24.79       17.42       19.05       25.16       18.48       24.31
         6.2       159.0       1.264    1554.163     546.869       2.890       17.82       18.86       17.92       15.72       13.12       27.30       23.49       17.74       13.41       11.91       11.11       17.79       19.17       18.41       18.53       16.95       13.69       14.32       14.01       12.12       11.45       11.24       11.08       11.11       11.10       12.66       11.61       18.20       17.82       18.74       17.94       22.29       16.34       17.60       23.24       17.25       22.61
         6.2       318.0       1.254    4667.207     722.763       3.198       16.32       16.92       15.94       14.55       12.44       25.88       21.93       16.22       12.68       11.07       10.69       16.35       17.19       16.36       16.56       15.70       12.93       13.16       13.03       11.11       10.58       10.64       10.65       10.69       10.68       11.77       10.66       16.63       16.32       16.80       16.01       18.53       15.11       15.72       20.12       15.29       20.18
         6.2       636.0       1.294   16244.402     971.787       3.472       14.89       15.03       14.26       12.91       11.76       24.22       20.11       14.36       11.88       10.38       10.06       14.88       15.46       14.52       14.41       13.95       12.00       11.81       11.81       10.26        9.97       10.12       10.07       10.06       10.04       10.93        9.99       15.05       14.88       14.97       14.25       15.92       13.93       14.27       15.14       13.55       17.01

         6.3         5.0       0.678       4.347     171.647       1.928       35.78       38.26       41.61       27.46       20.59       39.99       38.70       31.84       21.08       18.60       14.97       35.93       38.59       42.06       33.89       29.78       21.43       23.17       21.76       22.75       20.63       16.94       16.05       15.21       14.72       20.98       19.71       37.69       35.78       38.17       41.30       43.42       33.95       36.40       44.25       40.47       44.55
         6.3        10.0       0.914      17.522     209.497       1.970       30.48       33.17       33.93       24.10       18.49       35.06       32.69       27.82       18.93       16.62       13.56       30.56       33.49       34.50       31.36       26.04       19.24       21.31       19.65       19.61       17.83       14.99       14.26       13.74       13.35       18.69       17.43       31.89       30.48       33.07       33.66       38.12       28.69       31.31       39.03       32.75       38.90
         6.3        20.0       1.253      62.471     245.971       1.998       26.59       29.15       28.43       21.32       16.57       32.48       29.57       24.59       16.97       15.05       12.53       26.56       29.48       28.99       28.28       23.02       17.30       19.10       17.87       17.15       15.65       13.54       12.93       12.64       12.41       16.75       15.53       27.46       26.59       29.06       28.17       33.94       24.82       27.30       34.71       27.25       34.14
         6.3        50.0       1.360     282.008     344.037       2.324       21.88       23.46       22.17       18.10       14.57       29.32       25.95       20.78       14.92       13.40       11.68       21.80       23.79       22.71       22.98       19.53       15.24       16.44       15.76       14.23       13.30       12.24       11.78       11.72       11.66       14.48       13.41       22.39       21.89       23.36       22.00       28.45       20.18       21.82       28.72       21.18       27.73
         6.3       100.0       1.296     672.947     438.084       2.667       19.39       20.73       19.55       16.69       13.72       28.17       24.66       19.01       14.04       12.61       11.38       19.31       21.05       20.07       20.32       17.99       14.35       15.23       14.78       13.01       12.28       11.72       11.40       11.40       11.38       13.48       12.45       19.79       19.39       20.61       19.50       25.21       17.75       19.34       25.52       18.76       24.69
         6.3       159.0       1.249    1306.357     526.677       2.900       18.07       19.17       18.19       15.89       13.24       27.47       23.72       17.96       13.53       12.07       11.19       18.03       19.48       18.68       18.84       17.13       13.82       14.51       14.18       12.32       11.63       11.36       11.17       11.20       11.19       12.84       11.80       18.46       18.07       19.05       18.19       22.78       16.56       17.88       23.56       17.49       22.93
         6.3       318.0       1.242    3937.667     696.014       3.206       16.53       17.15       16.23       14.73       12.55       26.07       22.15       16.45       12.79       11.21       10.78       16.55       17.43       16.65       16.86       15.88       13.05       13.35       13.19       11.28       10.72       10.75       10.74       10.78       10.77       11.91       10.81       16.85       16.52       17.03       16.28       18.98       15.27       15.94       20.63       15.58       20.50
         6.3       636.0       1.281   13820.307     937.858       3.480       15.06       15.29       14.45       13.14       11.84       24.47       20.38       14.60       11.98       10.46       10.16       15.05       15.67       14.72       14.66       14.21       12.12       11.98       11.98       10.35       10.03       10.18       10.15       10.16       10.14       11.05       10.05       15.24       15.05       15.23       14.45       16.17       14.07       14.43       15.66       13.73       17.48

         6.4         5.0       0.661       3.790     168.094       1.951       36.30       38.75       42.40       27.78       20.79       40.46       39.31       32.23       21.28       18.80       15.12       36.46       39.07       42.83       34.09       30.14       21.64       23.31       21.97       23.08       20.92       17.15       16.24       15.36       14.86       21.20       19.94       38.25       36.30       38.65       42.08       43.93       34.47       36.89       44.73       41.26       45.08
         6.4        10.0       0.887      15.292     205.588       1.996       30.94       33.61       34.63       24.42       18.70       35.36       33.07       28.20       19.14       16.80       13.68       31.02       33.94       35.19       31.66       26.39       19.46       21.53       19.85       19.91       18.09       15.17       14.42       13.87       13.46       18.91       17.65       32.40       30.94       33.52       34.36       38.59       29.14       31.75       39.49       33.46       39.44
         6.4        20.0       1.210      53.815     241.100       2.028       26.99       29.58       29.03       21.63       16.79       32.69       29.82       24.95       17.20       15.23       12.64       26.97       29.91       29.59       28.68       23.35       17.52       19.37       18.08       17.43       15.90       13.70       13.07       12.76       12.51       16.97       15.75       27.91       26.99       29.49       28.76       34.37       25.22       27.73       35.16       27.84       34.68
         6.4        50.0       1.322     240.344     335.306       2.349       22.19       23.83       22.59       18.34       14.75       29.49       26.13       21.06       15.10       13.57       11.79       22.11       24.17       23.14       23.40       19.79       15.42       16.67       15.96       14.47       13.51       12.38       11.91       11.83       11.77       14.69       13.61       22.71       22.20       23.73       22.41       28.79       20.49       22.16       29.10       21.57       28.16
         6.4       100.0       1.276     560.856     421.761       2.680       19.76       21.08       19.90       16.91       13.88       28.31       24.84       19.28       14.20       12.79       11.48       19.68       21.41       20.43       20.73       18.22       14.52       15.45       14.97       13.24       12.50       11.85       11.50       11.49       11.48       13.67       12.66       20.18       19.77       20.97       19.82       25.64       18.12       19.65       25.90       19.07       25.09
         6.4       159.0       1.235    1092.607     506.635       2.910       18.34       19.49       18.47       16.07       13.37       27.63       23.95       18.20       13.67       12.24       11.28       18.30       19.81       18.96       19.18       17.32       13.96       14.70       14.36       12.52       11.83       11.49       11.27       11.29       11.28       13.03       12.00       18.74       18.34       19.37       18.45       23.27       16.80       18.18       23.90       17.74       23.27
         6.4       318.0       1.230    3283.506     668.376       3.215       16.74       17.42       16.53       14.91       12.67       26.29       22.37       16.68       12.91       11.37       10.87       16.76       17.70       16.97       17.18       16.07       13.17       13.55       13.36       11.46       10.89       10.87       10.84       10.87       10.86       12.06       10.99       17.09       16.74       17.30       16.58       19.47       15.45       16.19       21.07       15.88       20.84
         6.4       636.0       1.269   11583.787     901.924       3.489       15.24       15.56       14.65       13.39       11.93       24.71       20.65       14.87       12.08       10.55       10.27       15.25       15.90       14.94       14.96       14.49       12.25       12.19       12.18       10.46       10.11       10.26       10.25       10.27       10.25       11.17       10.13       15.46       15.23       15.49       14.66       16.46       14.23       14.60       16.26       13.94       17.96

         6.5         5.0       0.642       3.260     164.222       1.976       36.88       39.28       43.26       28.13       21.00       40.97       39.99       32.66       21.50       19.03       15.28       37.04       39.60       43.67       34.30       30.54       21.86       23.45       22.20       23.43       21.24       17.37       16.44       15.53       15.03       21.45       20.19       38.85       36.88       39.18       42.94       44.48       35.05       37.42       45.25       42.13       45.65
         6.5        10.0       0.859      13.156     201.256       2.025       31.46       34.12       35.43       24.78       18.94       35.71       33.54       28.62       19.38       17.01       13.82       31.56       34.44       35.99       31.97       26.79       19.70       21.76       20.08       20.24       18.39       15.37       14.60       14.01       13.59       19.16       17.90       32.98       31.46       34.02       35.16       39.13       29.67       32.26       40.02       34.26       40.04
         6.5        20.0       1.167      45.884     235.907       2.059       27.43       30.05       29.71       21.97       17.03       32.91       30.09       25.36       17.44       15.42       12.76       27.44       30.38       30.27       29.11       23.73       17.76       19.67       18.30       17.74       16.17       13.87       13.23       12.89       12.62       17.22       15.99       28.43       27.44       29.96       29.44       34.85       25.67       28.20       35.66       28.52       35.27
         6.5        50.0       1.283     202.839     326.210       2.375       22.53       24.25       23.06       18.61       14.94       29.69       26.34       21.37       15.30       13.75       11.91       22.44       24.58       23.61       23.85       20.08       15.62       16.92       16.18       14.74       13.73       12.53       12.04       11.96       11.89       14.92       13.82       23.04       22.54       24.15       22.86       29.17       20.82       22.53       29.51       22.00       28.64
         6.5       100.0       1.257     467.646     406.127       2.693       20.15       21.45       20.28       17.13       14.05       28.46       25.01       19.56       14.37       12.97       11.57       20.07       21.78       20.81       21.16       18.47       14.69       15.67       15.16       13.48       12.71       11.99       11.61       11.59       11.57       13.88       12.87       20.59       20.15       21.34       20.18       26.06       18.49       19.97       26.30       19.41       25.52
         6.5       159.0       1.220     909.200     486.752       2.921       18.64       19.82       18.77       16.26       13.51       27.78       24.17       18.44       13.82       12.42       11.37       18.59       20.14       19.27       19.54       17.52       14.11       14.91       14.53       12.72       12.03       11.62       11.36       11.38       11.37       13.22       12.20       19.05       18.64       19.71       18.73       23.76       17.07       18.48       24.26       18.01       23.64
         6.5       318.0       1.218    2731.323     641.479       3.224       16.97       17.70       16.83       15.09       12.78       26.51       22.61       16.92       13.04       11.53       10.97       16.99       17.99       17.29       17.50       16.26       13.30       13.76       13.54       11.65       11.06       10.99       10.93       10.97       10.96       12.23       11.17       17.34       16.97       17.58       16.87       19.99       15.64       16.46       21.46       16.17       21.18
         6.5       636.0       1.255    9620.265     865.492       3.498       15.44       15.83       14.87       13.63       12.03       24.95       20.92       15.15       12.20       10.66       10.39       15.46       16.13       15.18       15.28       14.75       12.39       12.40       12.37       10.59       10.20       10.34       10.36       10.39       10.37       11.30       10.23       15.70       15.43       15.75       14.89       16.78       14.39       14.78       16.94       14.16       18.40

         6.6         5.0       0.623       2.769     160.048       2.002       37.51       39.85       44.20       28.51       21.23       41.53       40.75       33.12       21.73       19.26       15.46       37.68       40.18       44.58       34.53       30.96       22.10       23.60       22.45       23.81       21.58       17.61       16.66       15.71       15.20       21.71       20.46       39.52       37.51       39.76       43.87       45.08       35.68       37.99       45.81       43.07       46.27
         6.6        10.0       0.830      11.160     196.499       2.055       32.06       34.69       36.34       25.17       19.19       36.15       34.11       29.10       19.64       17.24       13.98       32.17       35.02       36.89       32.30       27.23       19.96       21.99       20.33       20.62       18.73       15.60       14.81       14.18       13.74       19.44       18.18       33.64       32.06       34.60       36.06       39.73       30.26       32.83       40.60       35.17       40.70
         6.6        20.0       1.124      38.740     230.400       2.092       27.94       30.57       30.47       22.35       17.29       33.16       30.40       25.80       17.71       15.63       12.89       27.95       30.90       31.04       29.56       24.14       18.02       19.98       18.54       18.08       16.47       14.06       13.40       13.03       12.73       17.49       16.25       29.00       27.94       30.48       30.20       35.38       26.16       28.72       36.21       29.28       35.92
         6.6        50.0       1.244     169.370     316.692       2.401       22.89       24.71       23.58       18.91       15.15       29.91       26.57       21.72       15.51       13.95       12.04       22.79       25.04       24.13       24.35       20.39       15.83       17.19       16.41       15.03       13.97       12.69       12.19       12.09       12.01       15.16       14.05       23.40       22.90       24.61       23.36       29.57       21.18       22.95       29.96       22.49       29.17
         6.6       100.0       1.238     390.701     391.318       2.707       20.53       21.85       20.69       17.38       14.22       28.62       25.18       19.86       14.55       13.14       11.67       20.46       22.18       21.22       21.62       18.73       14.87       15.91       15.36       13.72       12.93       12.12       11.72       11.69       11.67       14.09       13.07       21.01       20.54       21.74       20.57       26.48       18.87       20.31       26.72       19.78       25.98
         6.6       159.0       1.206     751.146     466.804       2.931       18.97       20.18       19.10       16.47       13.67       27.93       24.39       18.71       13.97       12.60       11.46       18.91       20.50       19.61       19.94       17.75       14.27       15.12       14.72       12.94       12.24       11.76       11.46       11.47       11.46       13.41       12.41       19.39       18.97       20.06       19.05       24.25       17.38       18.79       24.65       18.31       24.05
         6.6       318.0       1.206    2266.044     615.276       3.232       17.21       17.99       17.13       15.26       12.90       26.74       22.86       17.15       13.16       11.70       11.06       17.22       18.29       17.60       17.82       16.45       13.43       13.96       13.71       11.84       11.23       11.12       11.03       11.06       11.05       12.40       11.36       17.60       17.21       17.87       17.15       20.53       15.84       16.73       21.83       16.45       21.52
         6.6       636.0       1.242    7775.329     824.959       3.507       15.68       16.13       15.14       13.90       12.15       25.20       21.21       15.46       12.35       10.80       10.51       15.71       16.41       15.49       15.68       15.02       12.55       12.65       12.59       10.75       10.33       10.45       10.48       10.51       10.50       11.46       10.37       15.97       15.67       16.03       15.17       17.18       14.59       15.01       17.80       14.44       18.88

         6.7         5.0       0.604       2.323     155.605       2.030       38.19       40.47       45.20       28.91       21.47       42.13       41.57       33.61       21.98       19.52       15.65       38.37       40.80       45.55       34.76       31.42       22.36       23.76       22.70       24.21       21.94       17.86       16.90       15.91       15.39       21.99       20.74       40.23       38.19       40.38       44.87       45.72       36.35       38.61       46.42       44.08       46.93
         6.7        10.0       0.800       9.339     191.338       2.086       32.74       35.33       37.36       25.61       19.46       36.66       34.79       29.62       19.92       17.50       14.15       32.85       35.65       37.89       32.63       27.71       20.24       22.23       20.61       21.04       19.10       15.85       15.04       14.36       13.91       19.74       18.48       34.37       32.74       35.23       37.08       40.40       30.93       33.47       41.25       36.20       41.42
         6.7        20.0       1.082      32.407     224.590       2.125       28.49       31.14       31.32       22.76       17.57       33.44       30.76       26.28       17.99       15.85       13.02       28.52       31.47       31.89       30.03       24.59       18.30       20.31       18.80       18.45       16.79       14.27       13.59       13.17       12.85       17.78       16.53       29.64       28.50       31.05       31.05       35.98       26.72       29.29       36.82       30.13       36.63
         6.7        50.0       1.205     139.867     306.722       2.429       23.29       25.21       24.16       19.24       15.38       30.16       26.84       22.09       15.74       14.15       12.17       23.19       25.55       24.71       24.90       20.74       16.06       17.49       16.66       15.34       14.22       12.86       12.35       12.23       12.13       15.42       14.29       23.80       23.30       25.12       23.93       30.02       21.58       23.43       30.46       23.04       29.76
         6.7       100.0       1.218     327.408     377.411       2.721       20.91       22.26       21.13       17.63       14.40       28.78       25.36       20.17       14.73       13.32       11.77       20.84       22.60       21.67       22.10       19.00       15.05       16.15       15.57       13.97       13.14       12.25       11.83       11.80       11.76       14.30       13.28       21.41       20.92       22.16       20.98       26.91       19.25       20.67       27.16       20.18       26.47
         6.7       159.0       1.192     613.679     446.407       2.941       19.35       20.56       19.48       16.71       13.83       28.09       24.59       19.01       14.14       12.79       11.55       19.29       20.89       20.00       20.39       17.99       14.44       15.35       14.91       13.18       12.47       11.90       11.57       11.57       11.55       13.63       12.64       19.79       19.35       20.45       19.40       24.75       17.75       19.13       25.08       18.64       24.50
         6.7       318.0       1.194    1857.897     588.390       3.241       17.47       18.32       17.44       15.45       13.03       26.96       23.12       17.40       13.30       11.88       11.15       17.48       18.62       17.91       18.17       16.64       13.57       14.17       13.90       12.05       11.43       11.26       11.12       11.15       11.15       12.59       11.57       17.88       17.47       18.20       17.44       21.11       16.07       17.03       22.20       16.73       21.89
         6.7       636.0       1.230    6277.149     786.022       3.516       15.92       16.41       15.44       14.16       12.29       25.44       21.48       15.77       12.49       10.95       10.63       15.96       16.68       15.82       16.08       15.28       12.71       12.89       12.80       10.94       10.48       10.57       10.59       10.63       10.62       11.61       10.54       16.24       15.91       16.31       15.48       17.62       14.79       15.24       18.66       14.75       19.32

         6.8         5.0       0.584       1.925     150.893       2.058       38.92       41.13       46.27       29.34       21.72       42.77       42.45       34.13       22.24       19.79       15.85       39.10       41.46       46.59       35.01       31.90       22.63       23.92       22.98       24.64       22.32       18.13       17.15       16.11       15.59       22.29       21.04       41.00       38.92       41.04       45.93       46.41       37.08       39.27       47.06       45.16       47.63
         6.8        10.0       0.771       7.719     185.819       2.118       33.49       36.03       38.48       26.08       19.75       37.26       35.59       30.19       20.21       17.79       14.35       33.61       36.35       38.99       32.97       28.24       20.54       22.46       20.91       21.50       19.51       16.13       15.29       14.57       14.11       20.07       18.81       35.18       33.49       35.93       38.19       41.13       31.68       34.16       41.95       37.33       42.20
         6.8        20.0       1.041      26.867     218.482       2.158       29.11       31.76       32.26       23.20       17.87       33.77       31.19       26.81       18.29       16.10       13.17       29.16       32.09       32.84       30.51       25.08       18.60       20.64       19.08       18.85       17.15       14.50       13.79       13.33       12.98       18.09       16.84       30.34       29.11       31.67       32.00       36.64       27.33       29.91       37.48       31.08       37.40
         6.8        50.0       1.167     114.298     296.333       2.457       23.73       25.77       24.80       19.60       15.62       30.45       27.16       22.51       15.99       14.37       12.32       23.63       26.11       25.34       25.51       21.12       16.31       17.81       16.93       15.66       14.50       13.04       12.51       12.38       12.27       15.70       14.54       24.25       23.74       25.68       24.55       30.51       22.01       23.96       31.01       23.65       30.42
         6.8       100.0       1.198     275.048     364.328       2.735       21.28       22.70       21.60       17.90       14.58       28.96       25.54       20.48       14.92       13.50       11.87       21.21       23.03       22.13       22.58       19.28       15.24       16.39       15.77       14.22       13.35       12.39       11.95       11.90       11.86       14.51       13.48       21.80       21.29       22.60       21.42       27.34       19.62       21.05       27.61       20.60       26.97
         6.8       159.0       1.178     496.843     425.904       2.951       19.77       20.98       19.90       16.96       14.01       28.25       24.77       19.33       14.33       12.98       11.65       19.71       21.31       20.43       20.88       18.27       14.63       15.60       15.12       13.44       12.71       12.04       11.68       11.67       11.65       13.85       12.87       20.24       19.78       20.87       19.80       25.26       18.15       19.49       25.55       19.02       24.99
         6.8       318.0       1.182    1505.852     561.020       3.249       17.76       18.67       17.76       15.65       13.17       27.17       23.40       17.67       13.45       12.07       11.25       17.75       18.98       18.24       18.54       16.85       13.72       14.40       14.11       12.27       11.64       11.40       11.23       11.25       11.25       12.80       11.80       18.19       17.76       18.55       17.74       21.71       16.32       17.36       22.60       17.03       22.28
         6.8       636.0       1.217    5103.107     750.172       3.525       16.16       16.68       15.75       14.38       12.41       25.67       21.74       16.04       12.63       11.11       10.74       16.20       16.96       16.15       16.44       15.50       12.85       13.12       12.99       11.14       10.63       10.69       10.70       10.74       10.72       11.77       10.71       16.51       16.15       16.57       15.78       18.08       14.98       15.49       19.39       15.06       19.72

         6.9        10.0       0.743       6.310     180.004       2.150       34.31       36.78       39.70       26.58       20.06       37.93       36.51       30.79       20.53       18.09       14.56       34.44       37.10       40.17       33.31       28.80       20.86       22.69       21.22       21.99       19.94       16.43       15.57       14.79       14.31       20.41       19.15       36.05       34.31       36.68       39.40       41.92       32.49       34.92       42.70       38.55       43.03
         6.9        20.0       1.002      22.082     212.083       2.192       29.79       32.44       33.31       23.68       18.18       34.16       31.71       27.37       18.61       16.36       13.33       29.86       32.76       33.88       30.99       25.60       18.92       20.98       19.38       19.29       17.54       14.74       14.01       13.50       13.12       18.42       17.16       31.11       29.80       32.34       33.04       37.35       28.01       30.58       38.20       32.13       38.22
         6.9        50.0       1.131      92.613     285.664       2.484       24.23       26.39       25.50       19.98       15.89       30.76       27.51       22.97       16.25       14.60       12.47       24.13       26.72       26.04       26.17       21.54       16.57       18.15       17.21       16.01       14.79       13.23       12.69       12.54       12.40       15.99       14.81       24.76       24.23       26.30       25.24       31.05       22.50       24.56       31.61       24.33       31.14
         6.9       100.0       1.177     231.205     351.884       2.750       21.65       23.14       22.09       18.17       14.77       29.14       25.73       20.81       15.11       13.67       11.97       21.57       23.48       22.63       23.08       19.58       15.43       16.65       15.99       14.48       13.57       12.52       12.07       12.01       11.95       14.73       13.68       22.18       21.66       23.05       21.90       27.77       19.98       21.45       28.07       21.05       27.49
         6.9       159.0       1.165     404.600     406.915       2.961       20.20       21.42       20.36       17.23       14.20       28.41       24.95       19.66       14.52       13.18       11.75       20.13       21.75       20.89       21.39       18.55       14.82       15.86       15.34       13.70       12.95       12.18       11.80       11.77       11.75       14.08       13.10       20.69       20.20       21.31       20.23       25.76       18.57       19.87       26.04       19.44       25.52
         6.9       318.0       1.171    1217.804     534.576       3.258       18.07       19.03       18.09       15.86       13.32       27.36       23.65       17.95       13.60       12.27       11.35       18.05       19.35       18.58       18.94       17.08       13.87       14.63       14.31       12.51       11.86       11.55       11.33       11.35       11.34       13.01       12.03       18.51       18.07       18.92       18.05       22.30       16.59       17.69       23.01       17.32       22.69
         6.9       636.0       1.205    4065.389     712.240       3.534       16.43       17.00       16.10       14.61       12.55       25.94       22.02       16.34       12.77       11.30       10.85       16.47       17.28       16.53       16.84       15.74       13.01       13.37       13.21       11.35       10.82       10.83       10.81       10.85       10.84       11.95       10.92       16.81       16.42       16.88       16.13       18.64       15.21       15.77       20.06       15.41       20.15

         7.0        10.0       0.716       5.110     173.955       2.182       35.19       37.58       40.99       27.10       20.37       38.67       37.54       31.42       20.85       18.41       14.79       35.34       37.91       41.43       33.65       29.38       21.20       22.91       21.55       22.50       20.40       16.75       15.86       15.03       14.54       20.77       19.51       36.99       35.19       37.49       40.68       42.77       33.37       35.72       43.50       39.85       43.91
         7.0        20.0       0.964      17.992     205.395       2.225       30.55       33.17       34.46       24.19       18.51       34.63       32.34       27.98       18.94       16.65       13.50       30.63       33.50       35.03       31.46       26.16       19.26       21.31       19.69       19.77       17.96       15.01       14.26       13.69       13.28       18.77       17.51       31.96       30.56       33.08       34.19       38.14       28.76       31.32       38.97       33.29       39.09
         7.0        50.0       1.096      74.668     274.975       2.512       24.77       27.05       26.28       20.40       16.17       31.09       27.90       23.46       16.54       14.84       12.62       24.68       27.38       26.82       26.86       21.99       16.86       18.51       17.50       16.38       15.10       13.43       12.88       12.70       12.54       16.30       15.10       25.35       24.78       26.95       26.01       31.64       23.04       25.21       32.26       25.10       31.92
         7.0       100.0       1.156     194.029     339.865       2.766       22.02       23.61       22.61       18.46       14.97       29.33       25.93       21.16       15.31       13.85       12.08       21.93       23.94       23.15       23.58       19.89       15.63       16.91       16.21       14.76       13.79       12.66       12.19       12.12       12.05       14.96       13.89       22.54       22.02       23.51       22.40       28.22       20.34       21.88       28.55       21.54       28.04
         7.0       159.0       1.151     333.389     389.942       2.971       20.60       21.86       20.84       17.51       14.39       28.58       25.13       20.00       14.71       13.36       11.85       20.54       22.20       21.37       21.90       18.85       15.02       16.12       15.56       13.97       13.17       12.32       11.91       11.88       11.84       14.30       13.31       21.11       20.61       21.76       20.68       26.25       18.96       20.26       26.52       19.87       26.06
         7.0       318.0       1.160     982.780     509.071       3.266       18.40       19.41       18.44       16.08       13.48       27.53       23.89       18.23       13.76       12.46       11.44       18.37       19.73       18.94       19.36       17.32       14.04       14.86       14.51       12.74       12.08       11.69       11.43       11.45       11.44       13.23       12.26       18.85       18.40       19.30       18.38       22.88       16.89       18.03       23.44       17.64       23.13
         7.0       636.0       1.194    3238.758     676.101       3.542       16.70       17.32       16.47       14.83       12.69       26.22       22.31       16.63       12.92       11.50       10.96       16.75       17.61       16.92       17.24       15.98       13.16       13.63       13.43       11.59       11.03       10.98       10.93       10.96       10.95       12.15       11.15       17.11       16.70       17.21       16.48       19.23       15.44       16.07       20.60       15.77       20.59

         7.1        10.0       0.690       4.102     167.707       2.214       36.13       38.43       42.36       27.65       20.70       39.46       38.65       32.09       21.18       18.74       15.03       36.29       38.75       42.75       33.98       30.00       21.54       23.13       21.89       23.04       20.88       17.08       16.16       15.28       14.78       21.14       19.89       37.98       36.13       38.33       42.04       43.66       34.30       36.57       44.34       41.22       44.82
         7.1        20.0       0.928      14.528     198.420       2.258       31.40       33.98       35.73       24.73       18.85       35.21       33.13       28.63       19.29       16.95       13.70       31.49       34.30       36.28       31.92       26.76       19.61       21.63       20.03       20.29       18.42       15.31       14.52       13.90       13.46       19.14       17.88       32.89       31.40       33.88       35.46       39.00       29.60       32.12       39.81       34.57       40.02
         7.1        50.0       1.062      60.049     264.442       2.539       25.37       27.74       27.14       20.84       16.47       31.43       28.31       23.99       16.84       15.08       12.77       25.29       28.07       27.69       27.57       22.47       17.16       18.89       17.80       16.77       15.44       13.64       13.07       12.86       12.67       16.63       15.40       26.00       25.37       27.65       26.88       32.30       23.63       25.90       32.96       25.96       32.75
         7.1       100.0       1.135     162.085     328.009       2.783       22.39       24.10       23.17       18.76       15.18       29.54       26.15       21.52       15.52       14.04       12.19       22.30       24.44       23.72       24.11       20.22       15.83       17.19       16.45       15.04       14.02       12.81       12.32       12.24       12.16       15.20       14.11       22.90       22.40       24.01       22.95       28.68       20.71       22.34       29.06       22.07       28.62
         7.1       159.0       1.138     277.321     374.612       2.981       20.98       22.32       21.33       17.78       14.58       28.75       25.30       20.34       14.90       13.54       11.95       20.92       22.65       21.87       22.41       19.15       15.21       16.37       15.78       14.23       13.39       12.45       12.02       11.98       11.93       14.53       13.51       21.51       20.99       22.22       21.16       26.72       19.34       20.67       27.01       20.32       26.60
         7.1       318.0       1.149     787.875     483.948       3.274       18.76       19.81       18.82       16.32       13.65       27.69       24.12       18.54       13.94       12.66       11.54       18.72       20.13       19.33       19.81       17.57       14.22       15.10       14.72       12.99       12.32       11.84       11.54       11.55       11.53       13.45       12.49       19.22       18.76       19.70       18.74       23.45       17.22       18.38       23.89       17.98       23.61
         7.1       636.0       1.183    2600.000     642.934       3.550       16.98       17.65       16.82       15.04       12.83       26.47       22.59       16.91       13.07       11.69       11.07       17.02       17.95       17.28       17.62       16.20       13.31       13.87       13.64       11.81       11.24       11.13       11.04       11.07       11.06       12.36       11.37       17.41       16.98       17.54       16.81       19.82       15.67       16.37       21.05       16.09       21.00

         7.2        10.0       0.666       3.264     161.274       2.245       37.12       39.31       43.78       28.22       21.03       40.29       39.86       32.77       21.53       19.08       15.28       37.29       39.64       44.12       34.31       30.64       21.90       23.34       22.24       23.59       21.37       17.42       16.48       15.53       15.02       21.52       20.27       39.03       37.12       39.22       43.45       44.59       35.29       37.45       45.22       42.65       45.76
         7.2        20.0       0.894      11.630     191.201       2.290       32.33       34.85       37.12       25.31       19.21       35.90       34.09       29.32       19.66       17.29       13.91       32.45       35.17       37.64       32.36       27.41       19.98       21.93       20.38       20.85       18.91       15.63       14.81       14.13       13.67       19.53       18.28       33.91       32.34       34.75       36.84       39.93       30.53       32.98       40.71       35.96       41.00
         7.2        50.0       1.031      48.285     254.205       2.565       26.01       28.47       28.10       21.31       16.78       31.78       28.72       24.55       17.16       15.34       12.91       25.95       28.80       28.65       28.28       22.99       17.48       19.29       18.11       17.21       15.81       13.86       13.26       13.01       12.79       16.97       15.73       26.73       26.02       28.37       27.83       33.01       24.27       26.62       33.72       26.91       33.64
         7.2       100.0       1.113     134.372     316.065       2.800       22.80       24.64       23.79       19.09       15.40       29.78       26.39       21.91       15.74       14.23       12.30       22.70       24.97       24.34       24.68       20.57       16.06       17.48       16.70       15.35       14.27       12.96       12.46       12.36       12.26       15.46       14.35       23.30       22.81       24.55       23.55       29.18       21.11       22.84       29.60       22.66       29.26
         7.2       159.0       1.124     231.862     360.417       2.992       21.36       22.79       21.85       18.06       14.77       28.93       25.49       20.68       15.10       13.72       12.04       21.28       23.12       22.39       22.93       19.45       15.41       16.63       16.00       14.49       13.60       12.58       12.13       12.08       12.03       14.75       13.72       21.89       21.36       22.69       21.65       27.18       19.70       21.08       27.50       20.80       27.16
         7.2       318.0       1.139     619.169     457.734       3.282       19.17       20.26       19.28       16.60       13.84       27.86       24.34       18.89       14.14       12.88       11.64       19.13       20.58       19.80       20.34       17.86       14.43       15.38       14.95       13.26       12.58       11.99       11.66       11.66       11.64       13.70       12.74       19.66       19.18       20.15       19.17       24.05       17.61       18.77       24.41       18.40       24.16
         7.2       636.0       1.172    2082.479     610.982       3.558       17.27       18.00       17.15       15.24       12.97       26.71       22.87       17.19       13.21       11.89       11.17       17.30       18.30       17.62       18.00       16.42       13.46       14.11       13.85       12.04       11.45       11.28       11.14       11.17       11.16       12.57       11.60       17.72       17.27       17.88       17.13       20.42       15.92       16.69       21.46       16.40       21.42

         7.3        10.0       0.643       2.574     154.665       2.276       38.15       40.23       45.26       28.81       21.37       41.14       41.12       33.48       21.88       19.43       15.54       38.33       40.55       45.54       34.65       31.30       22.27       23.55       22.60       24.15       21.87       17.77       16.80       15.80       15.28       21.90       20.66       40.11       38.16       40.13       44.92       45.56       36.32       38.37       46.13       44.14       46.74
         7.3        20.0       0.863       9.246     183.832       2.321       33.35       35.77       38.60       25.91       19.57       36.69       35.21       30.05       20.03       17.63       14.15       33.47       36.09       39.09       32.79       28.08       20.36       22.21       20.75       21.43       19.42       15.98       15.13       14.37       13.90       19.94       18.68       35.00       33.35       35.67       38.31       40.91       31.54       33.91       41.65       37.45       42.02
         7.3        50.0       1.001      38.878     244.333       2.590       26.71       29.21       29.15       21.81       17.12       32.12       29.14       25.14       17.50       15.60       13.04       26.67       29.54       29.71       28.97       23.53       17.81       19.71       18.43       17.67       16.21       14.08       13.46       13.16       12.90       17.33       16.08       27.52       26.71       29.12       28.88       33.78       24.96       27.36       34.53       27.96       34.56
         7.3       100.0       1.090     110.363     303.925       2.817       23.26       25.23       24.47       19.45       15.64       30.04       26.68       22.34       15.98       14.44       12.43       23.15       25.56       25.02       25.30       20.96       16.30       17.80       16.96       15.68       14.54       13.13       12.61       12.49       12.38       15.73       14.60       23.75       23.27       25.13       24.22       29.72       21.56       23.41       30.20       23.32       29.96
         7.3       159.0       1.110     194.254     347.018       3.003       21.72       23.26       22.39       18.35       14.97       29.11       25.68       21.03       15.30       13.89       12.14       21.64       23.60       22.93       23.45       19.76       15.61       16.89       16.22       14.76       13.81       12.72       12.25       12.18       12.12       14.98       13.92       22.25       21.73       23.17       22.18       27.66       20.07       21.52       28.00       21.31       27.73
         7.3       318.0       1.129     471.414     429.435       3.289       19.69       20.80       19.86       16.93       14.08       28.05       24.57       19.32       14.38       13.12       11.76       19.64       21.13       20.39       20.99       18.23       14.67       15.70       15.23       13.60       12.88       12.17       11.79       11.78       11.75       13.98       13.03       20.20       19.69       20.70       19.72       24.73       18.10       19.25       25.04       18.93       24.84
         7.3       636.0       1.162    1643.631     578.416       3.565       17.59       18.37       17.50       15.46       13.12       26.94       23.16       17.49       13.37       12.11       11.27       17.61       18.68       17.99       18.42       16.66       13.63       14.36       14.08       12.29       11.69       11.44       11.25       11.28       11.27       12.80       11.85       18.05       17.59       18.26       17.46       21.05       16.19       17.03       21.91       16.73       21.87

         7.4        20.0       0.833       7.308     176.378       2.352       34.42       36.74       40.16       26.54       19.94       37.54       36.45       30.80       20.41       18.00       14.40       34.56       37.06       40.59       33.19       28.79       20.75       22.47       21.12       22.03       19.95       16.33       15.45       14.64       14.15       20.35       19.10       36.15       34.42       36.64       39.85       41.94       32.61       34.87       42.63       39.01       43.08
         7.4        50.0       0.974      31.314     234.748       2.614       27.46       29.98       30.30       22.34       17.47       32.49       29.60       25.76       17.86       15.87       13.17       27.44       30.31       30.87       29.64       24.10       18.17       20.13       18.75       18.18       16.64       14.32       13.67       13.31       13.01       17.70       16.45       28.38       27.46       29.89       30.03       34.62       25.71       28.12       35.40       29.11       35.52
         7.4       100.0       1.068      89.655     291.507       2.835       23.78       25.88       25.23       19.85       15.90       30.34       27.01       22.81       16.25       14.66       12.56       23.67       26.21       25.77       26.00       21.39       16.56       18.15       17.24       16.03       14.83       13.31       12.78       12.63       12.50       16.03       14.86       24.28       23.79       25.78       24.97       30.32       22.07       24.04       30.86       24.06       30.73
         7.4       159.0       1.095     162.504     334.078       3.015       22.10       23.76       22.96       18.66       15.17       29.31       25.88       21.39       15.50       14.07       12.24       22.01       24.10       23.51       23.98       20.09       15.81       17.17       16.45       15.04       14.04       12.85       12.37       12.29       12.21       15.21       14.13       22.62       22.11       23.67       22.74       28.14       20.44       21.99       28.52       21.85       28.32
         7.4       318.0       1.119     371.658     406.338       3.297       20.15       21.31       20.43       17.25       14.30       28.24       24.76       19.71       14.61       13.34       11.87       20.10       21.65       20.96       21.60       18.57       14.90       16.01       15.49       13.90       13.13       12.32       11.92       11.89       11.86       14.24       13.27       20.69       20.15       21.22       20.27       25.32       18.56       19.70       25.63       19.44       25.49
         7.4       636.0       1.152    1282.173     545.903       3.573       17.94       18.78       17.89       15.71       13.29       27.14       23.44       17.81       13.55       12.33       11.38       17.95       19.10       18.39       18.89       16.92       13.81       14.62       14.32       12.56       11.94       11.60       11.37       11.39       11.38       13.05       12.11       18.42       17.94       18.67       17.83       21.72       16.50       17.40       22.39       17.08       22.36

         7.5        20.0       0.806       5.733     168.804       2.381       35.56       37.74       41.79       27.19       20.31       38.46       37.80       31.58       20.79       18.37       14.67       35.72       38.07       42.16       33.58       29.51       21.15       22.71       21.51       22.65       20.50       16.71       15.80       14.91       14.41       20.76       19.52       37.35       35.56       37.65       41.47       43.02       33.74       35.88       43.64       40.65       44.16
         7.5        50.0       0.948      25.187     225.342       2.638       28.28       30.78       31.55       22.89       17.83       32.91       30.15       26.42       18.23       16.16       13.30       28.29       31.11       32.14       30.29       24.71       18.54       20.54       19.09       18.73       17.10       14.58       13.89       13.46       13.12       18.09       16.84       29.32       28.28       30.69       31.28       35.52       26.52       28.93       36.32       30.37       36.51
         7.5       100.0       1.046      72.173     278.993       2.853       24.37       26.58       26.09       20.28       16.19       30.68       27.39       23.33       16.54       14.90       12.70       24.26       26.92       26.63       26.75       21.86       16.85       18.52       17.54       16.42       15.15       13.50       12.95       12.78       12.61       16.35       15.16       24.91       24.38       26.49       25.82       30.98       22.66       24.74       31.59       24.90       31.59
         7.5       159.0       1.080     135.069     321.189       3.027       22.51       24.30       23.59       18.98       15.39       29.53       26.11       21.78       15.72       14.26       12.35       22.41       24.63       24.14       24.55       20.44       16.03       17.46       16.70       15.33       14.27       13.00       12.50       12.40       12.31       15.46       14.35       23.01       22.52       24.20       23.35       28.66       20.84       22.49       29.09       22.46       28.97
         7.5       318.0       1.110     307.523     389.164       3.304       20.52       21.75       20.93       17.53       14.49       28.40       24.93       20.04       14.80       13.51       11.96       20.47       22.09       21.46       22.11       18.86       15.09       16.26       15.70       14.16       13.34       12.45       12.02       11.99       11.95       14.46       13.47       21.07       20.52       21.65       20.74       25.80       18.91       20.08       26.13       19.90       26.03
         7.5       636.0       1.143     995.941     514.577       3.580       18.32       19.22       18.32       15.98       13.48       27.32       23.69       18.16       13.74       12.55       11.49       18.31       19.54       18.82       19.39       17.20       14.01       14.90       14.55       12.83       12.20       11.76       11.49       11.50       11.48       13.30       12.37       18.81       18.32       19.11       18.23       22.37       16.85       17.78       22.91       17.47       22.90

         7.6        20.0       0.780       4.452     161.041       2.409       36.76       38.79       43.50       27.87       20.69       39.43       39.25       32.39       21.18       18.75       14.95       36.93       39.12       43.79       33.96       30.27       21.56       22.95       21.90       23.28       21.06       17.09       16.15       15.20       14.69       21.19       19.95       38.61       36.76       38.70       43.15       44.15       34.93       36.93       44.70       42.35       45.28
         7.6        50.0       0.923      20.160     215.949       2.661       29.19       31.65       32.93       23.49       18.21       33.41       30.83       27.12       18.62       16.47       13.45       29.23       31.97       33.52       30.91       25.36       18.92       20.95       19.44       19.31       17.59       14.86       14.13       13.63       13.25       18.49       17.24       30.36       29.19       31.55       32.66       36.51       27.42       29.79       37.31       31.76       37.57
         7.6       100.0       1.025      57.833     266.705       2.871       25.03       27.34       27.05       20.75       16.49       31.05       27.82       23.90       16.85       15.15       12.83       24.94       27.67       27.59       27.53       22.37       17.16       18.92       17.85       16.85       15.51       13.71       13.13       12.92       12.73       16.69       15.48       25.63       25.04       27.25       26.78       31.72       23.32       25.49       32.40       25.86       32.51
         7.6       159.0       1.065     111.114     308.096       3.039       22.97       24.88       24.29       19.34       15.63       29.78       26.38       22.21       15.96       14.46       12.46       22.86       25.22       24.84       25.18       20.83       16.27       17.78       16.96       15.66       14.54       13.15       12.64       12.52       12.41       15.73       14.60       23.45       22.98       24.79       24.04       29.22       21.29       23.06       29.71       23.13       29.68
         7.6       318.0       1.101     259.270     374.528       3.311       20.85       22.16       21.40       17.78       14.66       28.56       25.09       20.35       14.97       13.67       12.04       20.79       22.50       21.94       22.58       19.14       15.27       16.49       15.91       14.39       13.53       12.56       12.12       12.08       12.03       14.66       13.65       21.40       20.85       22.07       21.20       26.24       19.23       20.45       26.59       20.34       26.55
         7.6       636.0       1.134     765.860     483.743       3.587       18.73       19.68       18.80       16.27       13.68       27.50       23.92       18.53       13.96       12.78       11.59       18.71       20.00       19.31       19.95       17.51       14.23       15.18       14.80       13.12       12.47       11.93       11.61       11.61       11.59       13.56       12.64       19.24       18.73       19.57       18.69       23.03       17.23       18.18       23.46       17.90       23.49

         7.7        20.0       0.756       3.424     153.151       2.436       38.00       39.87       45.25       28.56       21.07       40.42       40.76       33.23       21.58       19.14       15.23       38.18       40.19       45.47       34.34       31.04       21.97       23.18       22.30       23.92       21.63       17.49       16.51       15.49       14.97       21.62       20.38       39.92       38.00       39.77       44.88       45.32       36.16       38.01       45.78       44.11       46.42
         7.7        50.0       0.900      16.011     206.481       2.683       30.21       32.58       34.46       24.13       18.60       34.03       31.69       27.88       19.02       16.80       13.63       30.27       32.91       35.03       31.50       26.07       19.33       21.34       19.81       19.93       18.12       15.16       14.40       13.82       13.41       18.92       17.68       31.50       30.21       32.49       34.19       37.58       28.43       30.72       38.37       33.29       38.68
         7.7       100.0       1.004      46.291     254.853       2.888       25.77       28.12       28.13       21.26       16.83       31.42       28.28       24.50       17.19       15.41       12.96       25.70       28.45       28.68       28.30       22.92       17.50       19.34       18.18       17.32       15.91       13.93       13.33       13.06       12.83       17.06       15.82       26.45       25.77       28.03       27.86       32.53       24.04       26.27       33.28       26.94       33.48
         7.7       159.0       1.049      90.215     294.646       3.052       23.50       25.54       25.07       19.74       15.89       30.09       26.71       22.69       16.22       14.68       12.58       23.38       25.87       25.62       25.89       21.26       16.53       18.13       17.24       16.02       14.84       13.33       12.80       12.65       12.52       16.03       14.87       23.99       23.51       25.45       24.81       29.84       21.81       23.70       30.41       23.90       30.48
         7.7       318.0       1.091     219.340     360.831       3.319       21.18       22.59       21.90       18.04       14.84       28.72       25.25       20.67       15.15       13.82       12.13       21.11       22.92       22.44       23.05       19.42       15.45       16.73       16.11       14.63       13.72       12.68       12.23       12.17       12.11       14.87       13.84       21.72       21.18       22.50       21.68       26.68       19.55       20.84       27.06       20.81       27.07
         7.7       636.0       1.126     580.873     453.100       3.593       19.19       20.19       19.36       16.59       13.91       27.68       24.16       18.93       14.19       13.02       11.71       19.16       20.52       19.89       20.57       17.86       14.47       15.50       15.07       13.44       12.76       12.09       11.73       11.73       11.70       13.83       12.91       19.72       19.19       20.09       19.22       23.70       17.66       18.63       24.08       18.42       24.16

         7.8        50.0       0.878      12.602     196.936       2.705       31.35       33.61       36.15       24.82       19.01       34.77       32.77       28.71       19.44       17.16       13.84       31.44       33.93       36.68       32.05       26.84       19.75       21.70       20.21       20.58       18.69       15.51       14.71       14.04       13.60       19.36       18.13       32.75       31.35       33.51       35.86       38.76       29.57       31.74       39.49       34.98       39.85
         7.8       100.0       0.984      37.023     243.433       2.906       26.58       28.94       29.34       21.82       17.19       31.81       28.79       25.15       17.56       15.69       13.08       26.54       29.27       29.90       29.07       23.52       17.87       19.78       18.51       17.84       16.34       14.16       13.53       13.20       12.93       17.44       16.20       27.37       26.58       28.85       29.07       33.44       24.85       27.09       34.23       28.15       34.50
         7.8       159.0       1.033      72.482     281.089       3.065       24.11       26.25       25.96       20.18       16.17       30.45       27.09       23.22       16.51       14.92       12.71       24.00       26.58       26.50       26.66       21.74       16.82       18.51       17.54       16.44       15.17       13.52       12.97       12.79       12.63       16.36       15.18       24.63       24.12       26.16       25.69       30.53       22.42       24.41       31.19       24.77       31.36
         7.8       318.0       1.080     184.569     347.253       3.328       21.54       23.05       22.45       18.33       15.04       28.89       25.43       21.01       15.35       13.99       12.22       21.45       23.38       22.99       23.56       19.73       15.65       16.99       16.33       14.88       13.92       12.80       12.33       12.26       12.19       15.08       14.03       22.06       21.54       22.96       22.22       27.15       19.90       21.27       27.57       21.33       27.64
         7.8       636.0       1.118     443.256     424.952       3.599       19.68       20.73       19.99       16.94       14.15       27.87       24.38       19.36       14.44       13.25       11.82       19.64       21.06       20.52       21.22       18.23       14.73       15.83       15.35       13.77       13.03       12.26       11.87       11.85       11.82       14.12       13.18       20.23       19.68       20.63       19.81       24.36       18.12       19.10       24.73       18.99       24.87

         7.9        50.0       0.856       9.828     187.340       2.726       32.61       34.71       37.99       25.55       19.42       35.66       34.07       29.60       19.86       17.55       14.08       32.72       35.03       38.46       32.56       27.66       20.19       22.01       20.62       21.27       19.29       15.89       15.05       14.31       13.84       19.82       18.59       34.11       32.61       34.61       37.67       40.02       30.81       32.85       40.68       36.81       41.07
         7.9       100.0       0.965      29.458     232.190       2.923       27.49       29.81       30.71       22.42       17.59       32.22       29.37       25.86       17.97       15.98       13.20       27.48       30.14       31.30       29.82       24.18       18.27       20.24       18.86       18.41       16.82       14.41       13.74       13.34       13.03       17.84       16.60       28.41       27.50       29.72       30.45       34.46       25.75       27.96       35.28       29.54       35.59
         7.9       159.0       1.017      57.988     267.889       3.079       24.81       27.02       26.97       20.66       16.49       30.83       27.53       23.79       16.83       15.17       12.84       24.71       27.35       27.50       27.46       22.26       17.14       18.91       17.86       16.89       15.54       13.72       13.15       12.93       12.73       16.71       15.51       25.39       24.81       26.93       26.69       31.31       23.10       25.17       32.04       25.77       32.31
         7.9       318.0       1.069     153.833     333.471       3.336       21.93       23.56       23.07       18.64       15.25       29.07       25.63       21.39       15.56       14.16       12.32       21.84       23.89       23.61       24.11       20.07       15.86       17.27       16.56       15.16       14.15       12.94       12.45       12.37       12.28       15.32       14.24       22.43       21.94       23.47       22.82       27.68       20.29       21.76       28.14       21.93       28.28
         7.9       636.0       1.110     358.411     404.336       3.605       20.07       21.18       20.52       17.24       14.36       28.04       24.55       19.72       14.65       13.43       11.92       20.03       21.52       21.06       21.77       18.54       14.93       16.10       15.58       14.04       13.25       12.39       11.98       11.95       11.91       14.35       13.39       20.64       20.07       21.09       20.33       24.89       18.50       19.51       25.28       19.48       25.46

         8.0        50.0       0.836       7.569     177.591       2.746       33.97       35.89       39.97       26.34       19.83       36.67       35.57       30.54       20.29       17.96       14.37       34.11       36.22       40.34       33.04       28.54       20.64       22.30       21.06       21.99       19.92       16.30       15.43       14.60       14.11       20.31       19.07       35.57       33.97       35.79       39.62       41.36       32.17       34.03       41.93       38.78       42.35
         8.0       100.0       0.947      23.256     220.998       2.940       28.53       30.76       32.26       23.09       18.00       32.72       30.10       26.63       18.39       16.30       13.34       28.54       31.08       32.86       30.54       24.90       18.70       20.69       19.23       19.03       17.35       14.69       13.98       13.50       13.14       18.28       17.04       29.58       28.53       30.66       32.00       35.61       26.77       28.90       36.41       31.10       36.75
         8.0       159.0       1.002      46.339     255.236       3.092       25.59       27.82       28.11       21.19       16.83       31.20       28.01       24.42       17.18       15.43       12.96       25.52       28.15       28.65       28.27       22.83       17.49       19.33       18.18       17.38       15.95       13.94       13.33       13.07       12.83       17.08       15.86       26.25       25.59       27.73       27.83       32.18       23.88       25.97       32.98       26.91       33.31
         8.0       318.0       1.058     126.613     319.299       3.345       22.39       24.12       23.76       19.00       15.48       29.30       25.86       21.81       15.80       14.36       12.42       22.27       24.46       24.31       24.72       20.45       16.10       17.59       16.81       15.47       14.40       13.08       12.58       12.48       12.38       15.59       14.47       22.86       22.39       24.03       23.51       28.25       20.74       22.30       28.77       22.61       28.98
         8.0       636.0       1.103     301.177     388.481       3.611       20.39       21.57       20.99       17.49       14.53       28.18       24.70       20.02       14.82       13.58       12.00       20.34       21.91       21.53       22.23       18.81       15.11       16.33       15.78       14.27       13.43       12.50       12.07       12.03       11.99       14.55       13.56       20.96       20.39       21.48       20.78       25.33       18.81       19.86       25.74       19.92       25.97

         8.1        50.0       0.818       5.764     167.787       2.766       35.41       37.12       42.05       27.14       20.25       37.77       37.18       31.53       20.72       18.40       14.67       35.56       37.45       42.30       33.48       29.46       21.09       22.57       21.51       22.73       20.57       16.74       15.82       14.92       14.41       20.80       19.57       37.08       35.41       37.03       41.65       42.76       33.59       35.26       43.21       40.83       43.65
         8.1       100.0       0.929      18.303     210.113       2.956       29.66       31.76       33.95       23.79       18.43       33.33       30.98       27.47       18.83       16.63       13.50       29.70       32.09       34.54       31.22       25.68       19.13       21.12       19.61       19.68       17.91       15.01       14.26       13.69       13.28       18.72       17.49       30.84       29.66       31.67       33.68       36.83       27.89       29.90       37.60       32.79       37.95
         8.1       159.0       0.987      36.979     243.095       3.105       26.48       28.68       29.41       21.78       17.20       31.53       28.53       25.10       17.57       15.71       13.07       26.43       29.01       29.98       29.06       23.47       17.87       19.78       18.52       17.92       16.40       14.17       13.53       13.20       12.92       17.47       16.25       27.25       26.48       28.58       29.15       33.17       24.76       26.82       34.00       28.23       34.38
         8.1       318.0       1.047     102.828     304.762       3.355       22.91       24.75       24.54       19.39       15.74       29.58       26.15       22.28       16.06       14.57       12.53       22.78       25.08       25.10       25.41       20.87       16.36       17.93       17.09       15.83       14.69       13.25       12.73       12.60       12.48       15.88       14.74       23.37       22.91       24.66       24.29       28.88       21.25       22.91       29.49       23.38       29.77
         8.1       636.0       1.094     255.600     374.251       3.617       20.69       21.95       21.46       17.73       14.70       28.33       24.85       20.31       14.99       13.73       12.08       20.64       22.29       21.99       22.67       19.08       15.28       16.56       15.97       14.49       13.61       12.61       12.17       12.12       12.06       14.74       13.73       21.26       20.69       21.86       21.23       25.75       19.11       20.21       26.20       20.36       26.47

         8.2        50.0       0.801       4.371     158.225       2.784       36.84       38.35       44.14       27.94       20.64       38.90       38.83       32.52       21.14       18.83       14.98       37.02       38.67       44.25       33.89       30.37       21.53       22.81       21.95       23.47       21.22       17.18       16.22       15.24       14.72       21.28       20.05       38.59       36.84       38.25       43.67       44.15       35.02       36.48       44.48       42.87       44.93
         8.2       100.0       0.913      14.358     199.531       2.972       30.88       32.83       35.76       24.53       18.84       34.09       32.05       28.35       19.26       17.00       13.70       30.95       33.16       36.31       31.82       26.51       19.57       21.50       20.02       20.36       18.49       15.35       14.56       13.91       13.46       19.18       17.96       32.18       30.88       32.74       35.48       38.12       29.10       30.97       38.83       34.60       39.17
         8.2       159.0       0.972      29.427     231.356       3.119       27.47       29.59       30.89       22.43       17.61       31.87       29.12       25.85       17.98       16.00       13.18       27.45       29.92       31.49       29.84       24.17       18.29       20.25       18.87       18.49       16.88       14.42       13.75       13.33       13.01       17.88       16.65       28.37       27.47       29.50       30.64       34.29       25.74       27.73       35.12       29.73       35.51
         8.2       318.0       1.035      82.418     289.951       3.364       23.51       25.43       25.41       19.82       16.02       29.95       26.52       22.79       16.34       14.81       12.65       23.38       25.76       25.95       26.18       21.34       16.64       18.30       17.39       16.25       15.02       13.43       12.89       12.73       12.58       16.21       15.04       23.97       23.51       25.34       25.14       29.57       21.84       23.59       30.28       24.23       30.64
         8.2       636.0       1.086     216.175     360.317       3.624       21.02       22.37       21.96       18.00       14.88       28.49       25.01       20.63       15.17       13.88       12.16       20.95       22.70       22.51       23.14       19.36       15.46       16.80       16.17       14.73       13.80       12.72       12.27       12.20       12.14       14.94       13.91       21.57       21.02       22.27       21.73       26.19       19.42       20.59       26.68       20.85       27.00

         8.3       100.0       0.897      11.127     188.861       2.987       32.23       34.00       37.77       25.32       19.26       35.08       33.38       29.32       19.69       17.40       13.95       32.33       34.32       38.22       32.36       27.40       20.01       21.83       20.45       21.09       19.13       15.75       14.91       14.17       13.70       19.67       18.44       33.63       32.23       33.90       37.43       39.51       30.44       32.14       40.11       36.57       40.46
         8.3       159.0       0.957      23.408     220.124       3.131       28.55       30.55       32.50       23.11       18.03       32.29       29.83       26.65       18.41       16.30       13.31       28.57       30.88       33.11       30.57       24.92       18.71       20.70       19.23       19.09       17.39       14.70       13.98       13.49       13.11       18.30       17.07       29.57       28.55       30.46       32.25       35.50       26.81       28.69       36.28       31.35       36.67
         8.3       318.0       1.024      65.655     275.444       3.374       24.19       26.16       26.39       20.30       16.32       30.35       26.94       23.36       16.64       15.06       12.77       24.07       26.49       26.92       27.00       21.85       16.95       18.69       17.70       16.72       15.39       13.62       13.06       12.86       12.67       16.56       15.37       24.69       24.19       26.07       26.11       30.33       22.51       24.31       31.16       25.19       31.58
         8.3       636.0       1.077     180.867     346.048       3.631       21.39       22.83       22.55       18.29       15.08       28.67       25.20       20.98       15.37       14.05       12.25       21.31       23.16       23.09       23.66       19.68       15.67       17.07       16.39       14.99       14.00       12.84       12.37       12.30       12.22       15.16       14.10       21.91       21.39       22.74       22.30       26.69       19.79       21.03       27.23       21.41       27.59

         8.4       100.0       0.882       8.515     178.147       3.002       33.67       35.24       39.91       26.14       19.67       36.27       34.90       30.34       20.11       17.84       14.24       33.80       35.57       40.22       32.85       28.35       20.46       22.11       20.91       21.85       19.79       16.18       15.31       14.48       13.99       20.18       18.95       35.17       33.67       35.15       39.50       40.97       31.87       33.38       41.45       38.66       41.78
         8.4       159.0       0.944      18.549     209.198       3.144       29.72       31.57       34.24       23.83       18.45       32.87       30.70       27.50       18.84       16.64       13.47       29.77       31.90       34.84       31.24       25.72       19.14       21.11       19.61       19.72       17.94       15.00       14.25       13.67       13.25       18.74       17.51       30.86       29.72       31.48       33.98       36.78       27.97       29.71       37.49       33.10       37.87
         8.4       318.0       1.013      52.278     261.637       3.384       24.97       26.95       27.53       20.83       16.65       30.71       27.41       23.99       16.98       15.32       12.89       24.87       27.28       28.06       27.83       22.43       17.28       19.11       18.03       17.22       15.80       13.83       13.24       12.99       12.77       16.93       15.73       25.55       24.97       26.86       27.24       31.21       23.29       25.10       32.11       26.32       32.58
         8.4       636.0       1.067     149.368     331.325       3.639       21.83       23.35       23.21       18.63       15.30       28.88       25.42       21.38       15.60       14.23       12.35       21.72       23.68       23.77       24.25       20.04       15.89       17.36       16.64       15.28       14.24       12.98       12.50       12.40       12.31       15.42       14.33       22.31       21.83       23.26       22.97       27.25       20.21       21.53       27.85       22.06       28.27

         8.5       100.0       0.868       6.477     167.708       3.016       35.15       36.50       42.09       26.97       20.06       37.58       36.52       31.38       20.53       18.29       14.55       35.29       36.83       42.23       33.28       29.30       20.89       22.36       21.38       22.63       20.47       16.63       15.71       14.80       14.30       20.68       19.46       36.72       35.15       36.41       41.59       42.45       33.33       34.64       42.78       40.77       43.09
         8.5       159.0       0.930      14.464     198.002       3.157       31.04       32.71       36.20       24.61       18.87       33.75       31.84       28.45       19.28       17.02       13.68       31.11       33.03       36.73       31.85       26.60       19.59       21.49       20.03       20.42       18.55       15.37       14.57       13.89       13.44       19.21       17.99       32.29       31.04       32.61       35.90       38.18       29.27       30.85       38.79       35.03       39.15
         8.5       318.0       1.001      41.783     248.765       3.393       25.87       27.80       28.83       21.42       17.01       30.98       27.90       24.67       17.36       15.58       12.99       25.79       28.13       29.39       28.65       23.07       17.65       19.55       18.35       17.73       16.23       14.05       13.43       13.12       12.85       17.31       16.10       26.53       25.87       27.71       28.56       32.22       24.17       25.94       33.15       27.64       33.63
         8.5       636.0       1.058     121.805     316.273       3.647       22.32       23.93       23.97       19.01       15.55       29.12       25.68       21.84       15.85       14.43       12.45       22.20       24.27       24.53       24.90       20.45       16.14       17.69       16.90       15.62       14.51       13.13       12.63       12.51       12.40       15.70       14.58       22.78       22.33       23.84       23.72       27.88       20.69       22.10       28.54       22.81       29.02

         8.6       100.0       0.855       4.867     157.325       3.029       36.65       37.78       44.30       27.80       20.44       39.01       38.22       32.44       20.93       18.74       14.88       36.81       38.11       44.26       33.68       30.27       21.32       22.58       21.85       23.41       21.16       17.09       16.13       15.14       14.62       21.19       19.97       38.29       36.65       37.69       43.71       43.94       34.82       35.92       44.12       42.90       44.41
         8.6       159.0       0.917      11.066     186.495       3.169       32.50       33.97       38.37       25.45       19.29       35.01       33.28       29.50       19.72       17.45       13.95       32.60       34.29       38.77       32.40       27.57       20.05       21.81       20.49       21.20       19.22       15.79       14.95       14.18       13.70       19.73       18.51       33.86       32.50       33.87       37.99       39.71       30.72       32.10       40.18       37.14       40.50
         8.6       318.0       0.990      33.654     236.987       3.403       26.85       28.69       30.28       22.05       17.40       31.19       28.42       25.41       17.75       15.85       13.09       26.81       29.01       30.87       29.43       23.76       18.05       20.00       18.68       18.26       16.67       14.28       13.63       13.24       12.92       17.69       16.47       27.62       26.85       28.59       30.02       33.34       25.14       26.83       34.22       29.12       34.71
         8.6       636.0       1.048      98.091     300.982       3.655       22.89       24.57       24.82       19.43       15.81       29.41       25.98       22.34       16.12       14.66       12.56       22.76       24.91       25.37       25.64       20.91       16.41       18.05       17.18       16.00       14.82       13.30       12.78       12.63       12.49       16.00       14.86       23.34       22.90       24.48       24.55       28.56       21.25       22.73       29.32       23.64       29.86

         8.7       159.0       0.905       8.373     175.122       3.181       34.03       35.28       40.64       26.30       19.70       36.58       34.94       30.59       20.14       17.91       14.27       34.16       35.60       40.85       32.88       28.56       20.49       22.08       20.98       22.01       19.93       16.25       15.37       14.51       14.01       20.26       19.04       35.47       34.03       35.18       40.15       41.26       32.23       33.42       41.59       39.32       41.88
         8.7       318.0       0.979      27.128     225.817       3.413       27.92       29.62       31.86       22.72       17.80       31.46       29.02       26.19       18.16       16.13       13.21       27.90       29.95       32.48       30.16       24.49       18.46       20.44       19.01       18.80       17.14       14.53       13.84       13.37       13.01       18.08       16.86       28.80       27.92       29.53       31.61       34.56       26.20       27.76       35.35       30.72       35.82
         8.7       636.0       1.039      78.063     285.591       3.663       23.55       25.27       25.77       19.89       16.10       29.72       26.33       22.89       16.41       14.89       12.68       23.41       25.60       26.30       26.45       21.41       16.71       18.44       17.49       16.44       15.17       13.48       12.94       12.76       12.59       16.34       15.17       24.00       23.55       25.18       25.49       29.32       21.90       23.43       30.18       24.57       30.77

         8.8       159.0       0.893       6.220     163.634       3.192       35.63       36.65       43.00       27.18       20.09       38.40       36.77       31.72       20.56       18.40       14.61       35.77       36.97       42.98       33.31       29.59       20.93       22.32       21.48       22.87       20.67       16.74       15.81       14.87       14.35       20.81       19.59       37.14       35.63       36.55       42.39       42.87       33.81       34.78       43.05       41.56       43.28
         8.8       318.0       0.968      21.578     214.472       3.423       29.13       30.66       33.64       23.46       18.22       31.96       29.83       27.07       18.59       16.45       13.35       29.14       30.99       34.27       30.88       25.31       18.89       20.87       19.38       19.41       17.67       14.82       14.09       13.54       13.13       18.51       17.29       30.12       29.13       30.57       33.39       35.92       27.39       28.80       36.58       32.51       37.02
         8.8       636.0       1.029      61.998     270.842       3.671       24.30       26.03       26.85       20.41       16.42       30.05       26.73       23.50       16.73       15.15       12.79       24.18       26.36       27.37       27.30       21.97       17.03       18.86       17.80       16.92       15.55       13.68       13.11       12.89       12.68       16.70       15.51       24.79       24.30       25.94       26.56       30.16       22.64       24.18       31.12       25.64       31.74

         8.9       159.0       0.882       4.441     151.331       3.202       37.36       38.14       45.57       28.12       20.50       40.51       38.84       32.95       21.00       18.93       15.00       37.53       38.46       45.27       33.74       30.71       21.40       22.54       22.04       23.80       21.48       17.28       16.31       15.26       14.74       21.41       20.19       38.95       37.36       38.04       44.80       44.61       35.53       36.27       44.61       43.99       44.79
         8.9       318.0       0.957      16.817     202.664       3.433       30.50       31.83       35.66       24.26       18.66       32.89       30.93       28.04       19.04       16.82       13.54       30.54       32.16       36.23       31.55       26.22       19.35       21.27       19.80       20.10       18.27       15.18       14.40       13.75       13.30       18.99       17.76       31.60       30.50       31.74       35.37       37.42       28.74       29.97       37.93       34.51       38.32
         8.9       636.0       1.020      49.681     257.424       3.679       25.14       26.82       28.06       20.96       16.75       30.39       27.20       24.15       17.07       15.40       12.89       25.03       27.15       28.59       28.13       22.57       17.37       19.27       18.11       17.41       15.96       13.89       13.29       13.01       12.76       17.06       15.86       25.69       25.14       26.73       27.77       31.11       23.47       24.97       32.10       26.86       32.73

         9.0       318.0       0.947      12.889     190.678       3.442       31.98       33.11       37.85       25.10       19.08       34.39       32.40       29.10       19.48       17.25       13.80       32.06       33.43       38.27       32.14       27.19       19.80       21.61       20.26       20.87       18.94       15.59       14.77       14.02       13.55       19.50       18.28       33.19       31.98       33.01       37.46       39.00       30.20       31.24       39.36       36.61       39.69
         9.0       636.0       1.011      40.275     245.384       3.687       26.05       27.64       29.39       21.54       17.10       30.74       27.75       24.84       17.43       15.65       12.99       25.96       27.97       29.96       28.89       23.21       17.72       19.69       18.42       17.90       16.37       14.10       13.47       13.13       12.83       17.42       16.21       26.67       26.05       27.55       29.12       32.16       24.37       25.78       33.12       28.21       33.72

         9.1       318.0       0.937       9.639     178.259       3.451       33.59       34.50       40.22       25.97       19.49       36.49       34.25       30.24       19.92       17.73       14.12       33.70       34.82       40.39       32.64       28.23       20.26       21.88       20.77       21.73       19.69       16.07       15.20       14.36       13.86       20.06       18.84       34.89       33.59       34.40       39.69       40.68       31.80       32.63       40.88       38.84       41.13
         9.1       636.0       1.001      32.597     233.834       3.695       27.08       28.53       30.89       22.17       17.48       31.20       28.43       25.59       17.82       15.92       13.09       27.02       28.86       31.51       29.64       23.91       18.11       20.11       18.75       18.42       16.82       14.34       13.68       13.25       12.91       17.80       16.59       27.79       27.08       28.44       30.65       33.35       25.37       26.67       34.22       29.75       34.77

         9.2       318.0       0.927       6.864     164.577       3.460       35.43       36.08       42.92       26.94       19.92       39.26       36.55       31.54       20.37       18.30       14.52       35.57       36.40       42.74       33.12       29.39       20.74       22.12       21.36       22.73       20.55       16.64       15.72       14.77       14.26       20.70       19.48       36.82       35.43       35.98       42.17       42.55       33.61       34.21       42.58       41.34       42.74
         9.2       636.0       0.992      25.951     221.940       3.703       28.26       29.55       32.64       22.89       17.90       31.91       29.35       26.45       18.24       16.23       13.22       28.24       29.88       33.30       30.38       24.71       18.53       20.54       19.11       19.01       17.33       14.62       13.91       13.40       13.01       18.23       17.01       29.08       28.26       29.45       32.41       34.71       26.54       27.69       35.45       31.53       35.93

         9.3       318.0       0.919       4.787     151.072       3.468       37.27       37.67       45.62       27.90       20.32       42.24       38.96       32.83       20.81       18.87       14.93       37.44       38.00       45.05       33.55       30.56       21.22       22.33       21.95       23.74       21.43       17.22       16.25       15.20       14.67       21.34       20.13       38.75       37.27       37.57       44.63       44.41       35.44       35.81       44.28       43.81       44.33
         9.3       636.0       0.982      20.322     209.798       3.711       29.60       30.68       34.60       23.66       18.33       33.01       30.56       27.40       18.68       16.58       13.39       29.61       31.01       35.23       31.08       25.59       18.98       20.95       19.51       19.68       17.91       14.95       14.20       13.59       13.16       18.70       17.47       30.53       29.60       30.59       34.34       36.23       27.85       28.82       36.80       33.48       37.18

         9.4       636.0       0.973      15.574     197.247       3.720       31.09       31.94       36.78       24.49       18.76       34.67       32.15       28.45       19.13       17.00       13.62       31.14       32.27       37.28       31.72       26.56       19.44       21.32       19.97       20.44       18.58       15.35       14.55       13.84       13.37       19.21       17.99       32.15       31.09       31.85       36.43       37.86       29.32       30.08       38.25       35.58       38.53

         9.5       636.0       0.964      11.357     183.124       3.728       32.87       33.47       39.39       25.44       19.21       37.17       34.34       29.69       19.61       17.52       13.95       32.96       33.79       39.57       32.31       27.69       19.94       21.63       20.52       21.38       19.39       15.86       15.01       14.19       13.69       19.83       18.61       34.06       32.87       33.37       38.83       39.75       31.08       31.60       39.93       37.98       40.11

         9.6       636.0       0.955       7.960     168.262       3.735       34.83       35.15       42.25       26.46       19.66       40.31       36.97       31.05       20.09       18.11       14.37       34.97       35.47       41.96       32.83       28.91       20.46       21.88       21.14       22.44       20.30       16.46       15.55       14.62       14.11       20.50       19.28       36.16       34.83       35.05       41.37       41.77       33.03       33.28       41.74       40.53       41.81

         9.7       636.0       0.948       5.762     155.775       3.742       36.52       36.60       44.71       27.31       20.02       43.19       39.34       32.22       20.49       18.63       14.75       36.70       36.92       43.95       33.21       29.95       20.88       22.06       21.67       23.36       21.10       16.99       16.03       15.01       14.49       21.07       19.87       37.97       36.52       36.50       43.53       43.49       34.70       34.73       43.27       42.69       43.27



