#atmflag = -2, [M/H] = -0.4, clear 
#Conversion factor  L_{Jupiter} = 8.710e-10 x L_{Sun} with L_{Sun} = 3.846e+33 erg/s
#1:log(Age/yr), 2:Mass/Mearth, 3:Radius/Rjupiter, 4:Luminosity/Ljupiter, 5:Teff/K, 6:logg/cgs, 7:NACOJ, 8:NACOH, 9:NACOKs, 10:NACOLp, 11:NACOMp, 12:CousinsR, 13:CousinsI, 14:WISE1, 15:WISE2, 16:WISE3, 17:WISE4, 18:F115W, 19:F150W, 20:F200W, 21:F277W, 22:F356W, 23:F444W, 24:F560W, 25:F770W, 26:F1000W, 27:F1280W, 28:F1500W, 29:F1800W, 30:F2100W, 31:F2550W, 32:VISIRB87, 33:VISIRSiC, 34:SPHEREY, 35:SPHEREJ, 36:SPHEREH, 37:SPHEREKs, 38:SPHEREJ2, 39:SPHEREJ3, 40:SPHEREH2, 41:SPHEREH3, 42:SPHEREK1, 43:SPHEREK2

         6.0         5.0       0.673       5.707     184.511       1.935       34.72       33.06       41.62       23.73       19.15       38.92       36.68       27.22       19.49       18.40       15.17       35.15       33.39       40.60       31.63       25.50       19.80       21.68       20.46       20.24       18.78       17.16       16.33       15.42       14.89       19.49       18.56       36.33       34.71       32.96       40.28       41.28       33.02       31.21       37.56       39.60       39.65
         6.0        10.0       0.872      23.184     230.062       2.011       29.80       28.99       34.81       21.30       17.37       35.29       31.65       24.42       17.71       16.49       13.77       30.07       29.32       34.83       28.52       22.87       18.01       19.67       18.67       17.81       16.61       15.30       14.65       13.97       13.55       17.54       16.56       30.99       29.79       28.90       34.67       35.54       28.13       27.16       33.15       34.12       35.34
         6.0        20.0       1.159      88.586     279.074       2.065       25.77       25.65       29.53       19.25       15.80       32.46       28.66       22.06       16.14       14.87       12.62       25.93       25.99       29.80       25.35       20.67       16.46       17.80       17.02       15.85       14.83       13.75       13.22       12.76       12.48       15.83       14.86       26.70       25.77       25.56       29.41       30.88       24.16       23.83       29.60       28.83       31.37
         6.0        50.0       1.229     400.540     395.156       2.412       20.84       21.31       22.98       16.85       14.12       29.81       25.82       19.21       14.44       13.29       11.72       20.92       21.64       23.36       21.27       18.08       14.73       15.71       15.22       13.82       13.09       12.36       11.96       11.79       11.68       14.04       13.19       21.50       20.84       21.22       22.89       24.93       19.35       19.63       24.67       22.19       25.62
         6.0       100.0       1.217    1038.136     503.832       2.722       18.57       19.17       19.99       15.61       13.29       28.18       23.81       17.75       13.56       12.59       11.37       18.56       19.49       20.35       19.19       16.77       13.81       14.66       14.34       12.92       12.34       11.79       11.46       11.40       11.34       13.21       12.45       18.91       18.57       19.07       19.93       21.80       17.18       17.69       21.95       19.23       22.76
         6.0       159.0       1.200    2114.299     606.248       2.936       17.33       17.88       18.27       14.85       12.79       26.77       22.29       16.83       13.02       12.14       11.15       17.32       18.19       18.62       17.90       15.98       13.24       14.00       13.79       12.36       11.86       11.45       11.19       11.17       11.14       12.69       11.97       17.59       17.32       17.78       18.25       19.81       16.05       16.54       20.23       17.57       21.02
         6.0       318.0       1.204    6096.508     788.617       3.234       15.89       16.32       16.35       13.88       12.18       24.77       20.43       15.58       12.33       11.39       10.76       15.89       16.62       16.65       16.26       14.92       12.51       13.02       12.87       11.46       11.07       10.88       10.76       10.77       10.75       11.86       11.15       16.08       15.88       16.22       16.36       17.39       14.80       15.16       18.04       15.71       18.79

         6.1         5.0       0.661       5.153     181.477       1.951       35.09       33.36       42.16       23.92       19.29       39.13       37.06       27.43       19.63       18.55       15.28       35.53       33.69       41.01       31.82       25.70       19.93       21.82       20.59       20.43       18.95       17.31       16.47       15.53       15.00       19.64       18.71       36.72       35.09       33.26       40.65       41.69       33.39       31.51       37.89       39.95       39.96
         6.1        10.0       0.855      20.734     226.002       2.029       30.17       29.28       35.32       21.48       17.51       35.53       31.93       24.62       17.84       16.63       13.87       30.45       29.61       35.29       28.80       23.06       18.15       19.84       18.81       17.99       16.77       15.44       14.78       14.08       13.64       17.69       16.71       31.37       30.16       29.19       35.15       35.96       28.50       27.44       33.45       34.60       35.67
         6.1        20.0       1.132      78.345     273.778       2.085       26.14       25.95       30.03       19.43       15.94       32.65       28.85       22.27       16.29       15.02       12.72       26.31       26.28       30.28       25.65       20.86       16.60       17.97       17.18       16.03       14.99       13.89       13.35       12.87       12.58       15.99       15.02       27.08       26.14       25.86       29.90       31.27       24.52       24.12       29.90       29.33       31.76
         6.1        50.0       1.205     349.155     385.518       2.429       21.16       21.59       23.42       17.02       14.26       29.96       26.02       19.41       14.58       13.43       11.82       21.24       21.93       23.79       21.56       18.26       14.88       15.88       15.37       13.99       13.23       12.48       12.07       11.88       11.77       14.19       13.33       21.84       21.15       21.50       23.32       25.26       19.66       19.89       24.95       22.63       26.00
         6.1       100.0       1.204     870.129     484.677       2.731       18.90       19.48       20.45       15.80       13.44       28.47       24.15       17.97       13.71       12.73       11.45       18.90       19.81       20.82       19.53       16.97       13.97       14.84       14.50       13.09       12.48       11.91       11.56       11.48       11.42       13.36       12.59       19.28       18.90       19.38       20.39       22.20       17.50       17.96       22.29       19.69       23.17
         6.1       159.0       1.190    1797.859     584.475       2.942       17.57       18.13       18.63       15.00       12.91       27.06       22.58       17.01       13.14       12.27       11.22       17.56       18.44       18.97       18.18       16.13       13.36       14.15       13.93       12.50       11.99       11.55       11.27       11.24       11.21       12.82       12.10       17.85       17.56       18.03       18.60       20.15       16.27       16.76       20.51       17.91       21.35
         6.1       318.0       1.196    5302.928     763.938       3.239       16.06       16.49       16.57       13.98       12.25       25.00       20.64       15.73       12.41       11.51       10.83       16.06       16.79       16.87       16.46       15.04       12.59       13.15       13.00       11.59       11.19       10.97       10.83       10.83       10.81       11.98       11.28       16.26       16.05       16.39       16.57       17.64       14.95       15.31       18.25       15.92       19.04

         6.2         5.0       0.648       4.586     178.049       1.968       35.52       33.70       42.79       24.12       19.45       39.36       37.50       27.67       19.79       18.73       15.41       35.97       34.03       41.48       32.04       25.93       20.09       21.98       20.74       20.65       19.15       17.48       16.62       15.67       15.13       19.81       18.89       37.16       35.51       33.61       41.06       42.16       33.82       31.86       38.26       40.34       40.31
         6.2        10.0       0.836      18.274     221.443       2.048       30.59       29.61       35.91       21.68       17.66       35.81       32.27       24.85       17.99       16.80       13.98       30.89       29.94       35.81       29.10       23.27       18.29       20.02       18.97       18.20       16.96       15.60       14.92       14.20       13.75       17.87       16.88       31.81       30.59       29.51       35.70       36.45       28.92       27.77       33.79       35.13       36.03
         6.2        20.0       1.104      68.374     267.941       2.107       26.56       26.28       30.60       19.63       16.10       32.87       29.09       22.50       16.44       15.18       12.83       26.74       26.61       30.82       25.98       21.08       16.76       18.16       17.35       16.23       15.17       14.05       13.50       12.99       12.68       16.17       15.19       27.50       26.56       26.19       30.47       31.71       24.94       24.45       30.23       29.91       32.19
         6.2        50.0       1.181     301.521     375.486       2.447       21.50       21.90       23.90       17.21       14.41       30.13       26.22       19.62       14.74       13.57       11.91       21.59       22.23       24.26       21.88       18.45       15.04       16.06       15.54       14.16       13.39       12.61       12.19       11.99       11.86       14.35       13.49       22.21       21.50       21.81       23.80       25.64       20.00       20.18       25.27       23.12       26.42
         6.2       100.0       1.191     727.080     465.998       2.741       19.25       19.81       20.95       15.99       13.59       28.74       24.48       18.20       13.87       12.87       11.54       19.27       20.14       21.31       19.88       17.17       14.13       15.03       14.67       13.26       12.63       12.03       11.67       11.58       11.51       13.52       12.74       19.68       19.25       19.71       20.87       22.62       17.84       18.25       22.65       20.18       23.61
         6.2       159.0       1.180    1505.499     561.439       2.950       17.84       18.41       19.04       15.17       13.04       27.37       22.90       17.22       13.28       12.40       11.30       17.84       18.73       19.38       18.48       16.30       13.51       14.33       14.08       12.66       12.13       11.66       11.36       11.32       11.28       12.97       12.24       18.14       17.84       18.31       18.99       20.53       16.53       17.01       20.83       18.31       21.72
         6.2       318.0       1.189    4528.201     736.777       3.245       16.25       16.69       16.83       14.11       12.34       25.27       20.87       15.90       12.51       11.64       10.90       16.26       17.00       17.14       16.69       15.17       12.69       13.31       13.15       11.74       11.33       11.07       10.91       10.91       10.89       12.11       11.42       16.47       16.24       16.59       16.83       17.93       15.13       15.49       18.49       16.17       19.32
         6.2       636.0       1.227   15177.956     981.283       3.518       14.78       15.11       14.94       13.05       11.68       23.12       18.99       14.55       11.77       10.80       10.42       14.77       15.42       15.18       14.98       14.02       11.89       12.22       12.15       10.77       10.46       10.42       10.41       10.42       10.40       11.24       10.50       14.91       14.76       15.03       14.97       15.69       13.87       14.16       16.06       14.34       17.02

         6.3         5.0       0.634       4.025     174.241       1.987       36.00       34.09       43.50       24.36       19.62       39.62       38.00       27.94       19.96       18.92       15.56       36.47       34.42       42.01       32.28       26.18       20.27       22.15       20.91       20.90       19.37       17.67       16.79       15.82       15.28       20.00       19.09       37.66       36.00       34.00       41.51       42.68       34.30       32.24       38.68       40.77       40.70
         6.3        10.0       0.816      15.875     216.402       2.069       31.07       29.98       36.59       21.91       17.83       36.12       32.67       25.12       18.16       16.99       14.11       31.39       30.31       36.40       29.44       23.52       18.46       20.23       19.15       18.44       17.17       15.78       15.09       14.33       13.87       18.06       17.08       32.31       31.07       29.89       36.30       37.01       29.40       28.14       34.19       35.72       36.45
         6.3        20.0       1.075      58.884     261.568       2.130       27.03       26.65       31.24       19.85       16.28       33.13       29.36       22.76       16.62       15.36       12.96       27.22       26.98       31.42       26.36       21.32       16.93       18.38       17.54       16.46       15.38       14.22       13.66       13.12       12.79       16.36       15.38       27.98       27.03       26.56       31.10       32.22       25.41       24.82       30.61       30.55       32.66
         6.3        50.0       1.155     257.628     364.958       2.466       21.88       22.23       24.43       17.41       14.58       30.31       26.44       19.86       14.91       13.73       12.02       21.98       22.57       24.78       22.23       18.66       15.21       16.27       15.72       14.36       13.56       12.75       12.33       12.10       11.96       14.53       13.65       22.60       21.88       22.14       24.33       26.05       20.37       20.49       25.61       23.65       26.88
         6.3       100.0       1.177     614.469     449.430       2.751       19.60       20.12       21.43       16.18       13.74       28.98       24.79       18.42       14.03       13.01       11.62       19.63       20.45       21.79       20.21       17.36       14.29       15.22       14.83       13.43       12.77       12.14       11.78       11.67       11.59       13.68       12.88       20.07       19.60       20.03       21.35       23.02       18.18       18.53       23.00       20.65       24.04
         6.3       159.0       1.170    1246.099     537.822       2.957       18.15       18.72       19.49       15.35       13.19       27.70       23.26       17.44       13.43       12.54       11.38       18.15       19.04       19.84       18.82       16.49       13.66       14.51       14.24       12.83       12.27       11.77       11.45       11.40       11.36       13.12       12.39       18.48       18.15       18.62       19.44       20.94       16.82       17.28       21.18       18.75       22.14
         6.3       318.0       1.180    3795.276     707.395       3.251       16.48       16.93       17.16       14.25       12.45       25.60       21.15       16.09       12.63       11.78       10.98       16.49       17.24       17.47       16.97       15.33       12.82       13.48       13.31       11.91       11.48       11.18       10.99       10.99       10.97       12.27       11.58       16.71       16.47       16.83       17.15       18.26       15.33       15.69       18.78       16.49       19.65
         6.3       636.0       1.218   12861.448     944.775       3.524       14.97       15.31       15.18       13.18       11.77       23.39       19.22       14.73       11.86       10.92       10.49       14.97       15.62       15.43       15.21       14.17       12.00       12.37       12.28       10.91       10.58       10.51       10.48       10.50       10.47       11.35       10.63       15.12       14.95       15.22       15.20       15.94       14.04       14.32       16.36       14.58       17.30

         6.4         5.0       0.619       3.482     170.051       2.008       36.54       34.52       44.29       24.62       19.81       39.89       38.56       28.24       20.16       19.13       15.72       37.02       34.85       42.59       32.55       26.47       20.46       22.35       21.09       21.18       19.61       17.88       16.97       15.98       15.44       20.21       19.31       38.22       36.53       34.43       42.01       43.27       34.84       32.67       39.15       41.24       41.14
         6.4        10.0       0.795      13.599     210.921       2.092       31.62       30.41       37.35       22.17       18.03       36.46       33.13       25.41       18.35       17.20       14.26       31.95       30.74       37.06       29.80       23.80       18.65       20.45       19.35       18.71       17.41       15.98       15.27       14.49       14.01       18.27       17.30       32.88       31.61       30.31       36.96       37.64       29.94       28.57       34.65       36.36       36.90
         6.4        20.0       1.046      50.048     254.675       2.154       27.56       27.06       31.95       20.10       16.47       33.43       29.67       23.05       16.81       15.57       13.09       27.76       27.39       32.09       26.77       21.58       17.12       18.61       17.74       16.71       15.60       14.41       13.83       13.26       12.91       16.58       15.59       28.52       27.55       26.97       31.81       32.80       25.93       25.23       31.04       31.27       33.17
         6.4        50.0       1.129     217.551     353.851       2.485       22.31       22.60       25.02       17.63       14.76       30.50       26.66       20.12       15.09       13.91       12.14       22.41       22.93       25.36       22.61       18.89       15.39       16.48       15.92       14.57       13.75       12.91       12.47       12.22       12.07       14.73       13.84       23.03       22.30       22.51       24.91       26.51       20.79       20.84       25.99       24.25       27.39
         6.4       100.0       1.162     524.598     434.704       2.762       19.94       20.43       21.90       16.36       13.89       29.19       25.07       18.63       14.18       13.14       11.70       19.99       20.76       22.26       20.53       17.55       14.45       15.40       14.99       13.59       12.92       12.25       11.88       11.75       11.67       13.83       13.03       20.46       19.94       20.33       21.81       23.41       18.52       18.81       23.33       21.12       24.46
         6.4       159.0       1.160    1021.089     513.968       2.965       18.50       19.06       20.00       15.55       13.34       28.05       23.65       17.68       13.59       12.68       11.46       18.51       19.39       20.34       19.19       16.70       13.83       14.71       14.41       13.01       12.43       11.89       11.56       11.49       11.44       13.29       12.54       18.85       18.50       18.96       19.93       21.39       17.15       17.57       21.57       19.24       22.60
         6.4       318.0       1.172    3140.026     677.058       3.257       16.73       17.19       17.53       14.41       12.58       25.93       21.45       16.30       12.76       11.94       11.07       16.74       17.50       17.84       17.28       15.50       12.95       13.67       13.49       12.09       11.64       11.31       11.09       11.08       11.06       12.43       11.75       16.98       16.72       17.09       17.51       18.62       15.56       15.92       19.09       16.84       20.02
         6.4       636.0       1.209   10753.985     906.706       3.530       15.18       15.52       15.46       13.32       11.86       23.69       19.47       14.91       11.97       11.05       10.57       15.18       15.83       15.71       15.46       14.32       12.11       12.53       12.43       11.05       10.72       10.62       10.56       10.57       10.55       11.48       10.78       15.35       15.16       15.43       15.47       16.23       14.22       14.49       16.68       14.84       17.60

         6.5         5.0       0.603       2.969     165.495       2.030       37.13       34.99       45.16       24.91       20.03       40.18       39.18       28.57       20.37       19.36       15.90       37.63       35.32       43.23       32.83       26.78       20.68       22.56       21.29       21.49       19.88       18.11       17.18       16.16       15.62       20.45       19.56       38.83       37.12       34.90       42.54       43.91       35.43       33.15       39.67       41.75       41.62
         6.5        10.0       0.773      11.500     205.056       2.116       32.22       30.88       38.21       22.45       18.24       36.84       33.68       25.75       18.56       17.43       14.43       32.57       31.21       37.77       30.19       24.11       18.87       20.69       19.56       19.01       17.68       16.21       15.47       14.66       14.17       18.51       17.55       33.50       32.22       30.79       37.66       38.33       30.54       29.04       35.16       37.04       37.41
         6.5        20.0       1.016      41.982     247.271       2.179       28.14       27.51       32.74       20.37       16.68       33.78       30.04       23.37       17.01       15.78       13.23       28.35       27.84       32.83       27.22       21.87       17.32       18.87       17.96       16.98       15.84       14.62       14.02       13.42       13.05       16.81       15.82       29.11       28.13       27.42       32.59       33.45       26.50       25.68       31.51       32.06       33.72
         6.5        50.0       1.103     181.517     342.160       2.506       22.78       23.00       25.67       17.88       14.96       30.70       26.88       20.40       15.29       14.10       12.26       22.89       23.34       26.00       23.03       19.15       15.59       16.72       16.13       14.81       13.95       13.08       12.63       12.35       12.19       14.94       14.04       23.50       22.78       22.91       25.57       27.03       21.26       21.23       26.41       24.92       27.95
         6.5       100.0       1.147     448.436     420.766       2.773       20.29       20.74       22.39       16.55       14.04       29.39       25.33       18.85       14.33       13.28       11.79       20.35       21.07       22.74       20.86       17.74       14.60       15.59       15.15       13.76       13.06       12.37       11.99       11.84       11.75       13.99       13.17       20.84       20.29       20.65       22.29       23.80       18.86       19.09       23.67       21.61       24.89
         6.5       159.0       1.149     828.121     489.938       2.973       18.89       19.43       20.56       15.77       13.51       28.39       24.06       17.94       13.77       12.84       11.56       18.91       19.76       20.90       19.59       16.93       14.02       14.93       14.60       13.20       12.59       12.02       11.67       11.59       11.53       13.47       12.71       19.29       18.89       19.33       20.48       21.87       17.53       17.90       21.98       19.79       23.11
         6.5       318.0       1.164    2565.503     646.043       3.263       17.01       17.48       17.93       14.59       12.71       26.29       21.79       16.53       12.90       12.10       11.16       17.02       17.79       18.25       17.61       15.68       13.10       13.87       13.68       12.28       11.81       11.43       11.19       11.17       11.15       12.61       11.92       17.27       17.00       17.38       17.90       19.01       15.81       16.17       19.43       17.23       20.43
         6.5       636.0       1.201    8853.506     866.878       3.537       15.41       15.76       15.77       13.47       11.97       24.02       19.75       15.11       12.09       11.19       10.65       15.42       16.08       16.04       15.74       14.48       12.23       12.71       12.59       11.22       10.87       10.73       10.65       10.66       10.64       11.62       10.94       15.60       15.39       15.67       15.78       16.56       14.42       14.69       17.02       15.14       17.94

         6.6         5.0       0.587       2.495     160.575       2.053       37.77       35.51       46.11       25.22       20.25       40.49       39.87       28.93       20.60       19.62       16.09       38.29       35.84       43.92       33.13       27.12       20.91       22.79       21.51       21.82       20.18       18.36       17.40       16.36       15.81       20.69       19.82       39.49       37.76       35.42       43.12       44.60       36.08       33.67       40.24       42.29       42.14
         6.6        10.0       0.752       9.611     198.877       2.140       32.89       31.40       39.17       22.77       18.47       37.23       34.31       26.11       18.80       17.69       14.61       33.26       31.73       38.54       30.59       24.45       19.10       20.95       19.79       19.34       17.97       16.46       15.70       14.85       14.34       18.77       17.81       34.20       32.88       31.31       38.39       39.09       31.21       29.56       35.73       37.74       37.96
         6.6        20.0       0.986      34.760     239.386       2.205       28.77       28.00       33.61       20.67       16.91       34.18       30.47       23.71       17.23       16.02       13.39       29.01       28.33       33.63       27.71       22.19       17.54       19.15       18.20       17.28       16.11       14.84       14.22       13.59       13.19       17.06       16.08       29.77       28.77       27.91       33.45       34.18       27.13       26.17       32.03       32.91       34.30
         6.6        50.0       1.078     149.903     330.055       2.526       23.31       23.44       26.39       18.14       15.17       30.92       27.12       20.70       15.50       14.30       12.39       23.41       23.77       26.71       23.49       19.43       15.81       16.98       16.36       15.06       14.17       13.26       12.81       12.50       12.31       15.17       14.25       24.00       23.31       23.35       26.29       27.60       21.79       21.65       26.88       25.65       28.57
         6.6       100.0       1.131     381.436     406.945       2.785       20.67       21.07       22.90       16.75       14.20       29.58       25.59       19.08       14.50       13.42       11.88       20.74       21.41       23.25       21.21       17.95       14.77       15.78       15.32       13.94       13.22       12.50       12.10       11.94       11.84       14.16       13.32       21.25       20.66       20.98       22.81       24.22       19.23       19.39       24.03       22.13       25.35
         6.6       159.0       1.139     676.905     467.985       2.981       19.30       19.80       21.12       15.99       13.68       28.71       24.45       18.20       13.95       12.99       11.65       19.33       20.13       21.46       19.98       17.16       14.20       15.15       14.78       13.39       12.76       12.14       11.79       11.69       11.62       13.64       12.87       19.74       19.29       19.71       21.04       22.36       17.92       18.23       22.40       20.36       23.62
         6.6       318.0       1.155    2069.112     614.468       3.269       17.31       17.79       18.39       14.78       12.86       26.67       22.16       16.77       13.06       12.26       11.25       17.33       18.11       18.71       17.97       15.88       13.26       14.08       13.87       12.48       11.98       11.56       11.29       11.27       11.23       12.79       12.10       17.60       17.30       17.69       18.35       19.43       16.09       16.45       19.80       17.68       20.88
         6.6       636.0       1.192    7154.235     824.965       3.543       15.67       16.03       16.12       13.64       12.09       24.39       20.06       15.33       12.22       11.35       10.75       15.68       16.34       16.40       16.04       14.66       12.37       12.90       12.77       11.41       11.05       10.86       10.74       10.75       10.73       11.79       11.12       15.88       15.65       15.93       16.12       16.92       14.64       14.91       17.38       15.48       18.31

         6.7         5.0       0.571       2.068     155.339       2.077       38.45       36.06       47.13       25.55       20.50       40.79       40.60       29.32       20.85       19.89       16.30       39.00       36.39       44.66       33.46       27.48       21.16       23.03       21.74       22.17       20.49       18.62       17.64       16.57       16.02       20.96       20.10       40.21       38.45       35.97       43.72       45.35       36.76       34.22       40.85       42.86       42.69
         6.7        10.0       0.730       7.947     192.440       2.166       33.61       31.98       40.22       23.12       18.73       37.63       35.02       26.51       19.05       17.97       14.81       34.01       32.31       39.36       31.00       24.83       19.35       21.22       20.04       19.70       18.29       16.73       15.94       15.06       14.54       19.05       18.11       34.95       33.61       31.89       39.14       39.91       31.93       30.14       36.35       38.46       38.55
         6.7        20.0       0.957      28.436     231.101       2.231       29.47       28.54       34.57       21.00       17.15       34.65       30.97       24.09       17.47       16.28       13.56       29.73       28.87       34.51       28.24       22.54       17.77       19.44       18.45       17.60       16.40       15.09       14.44       13.76       13.34       17.33       16.35       30.49       29.46       28.44       34.37       35.00       27.82       26.70       32.60       33.82       34.91
         6.7        50.0       1.052     122.885     317.789       2.547       23.90       23.91       27.18       18.42       15.40       31.16       27.37       21.03       15.73       14.52       12.53       23.99       24.24       27.47       23.98       19.73       16.03       17.25       16.60       15.33       14.41       13.46       12.99       12.65       12.44       15.41       14.48       24.55       23.89       23.81       27.08       28.23       22.36       22.11       27.38       26.45       29.23
         6.7       100.0       1.114     321.519     392.852       2.798       21.07       21.43       23.47       16.97       14.37       29.78       25.85       19.33       14.67       13.58       11.98       21.16       21.76       23.81       21.58       18.18       14.95       15.99       15.51       14.14       13.39       12.63       12.23       12.05       11.93       14.34       13.49       21.68       21.07       21.34       23.38       24.68       19.63       19.72       24.42       22.71       25.85
         6.7       159.0       1.128     565.527     449.539       2.989       19.68       20.14       21.65       16.20       13.84       28.96       24.79       18.44       14.12       13.13       11.73       19.73       20.47       21.99       20.34       17.37       14.37       15.34       14.95       13.57       12.91       12.26       11.89       11.78       11.70       13.81       13.02       20.16       19.68       20.05       21.56       22.80       18.30       18.53       22.78       20.88       24.09
         6.7       318.0       1.147    1656.168     583.324       3.276       17.64       18.14       18.90       14.98       13.01       27.07       22.56       17.02       13.23       12.42       11.34       17.66       18.46       19.22       18.36       16.10       13.43       14.29       14.06       12.67       12.15       11.69       11.40       11.36       11.32       12.97       12.26       17.96       17.63       18.04       18.84       19.88       16.39       16.75       20.20       18.17       21.35
         6.7       636.0       1.183    5734.057     783.460       3.550       15.94       16.31       16.50       13.81       12.22       24.78       20.39       15.56       12.36       11.53       10.84       15.96       16.62       16.79       16.37       14.85       12.52       13.12       12.96       11.61       11.23       10.99       10.84       10.85       10.83       11.97       11.31       16.17       15.92       16.21       16.49       17.30       14.88       15.15       17.74       15.85       18.71

         6.8        10.0       0.709       6.502     185.763       2.191       34.39       32.60       41.36       23.49       19.00       38.04       35.81       26.95       19.32       18.27       15.03       34.82       32.93       40.24       31.41       25.24       19.62       21.51       20.30       20.09       18.64       17.02       16.20       15.28       14.76       19.35       18.42       35.76       34.39       32.51       39.91       40.79       32.72       30.76       37.04       39.20       39.19
         6.8        20.0       0.929      23.028     222.544       2.257       30.22       29.12       35.61       21.35       17.40       35.15       31.57       24.49       17.72       16.56       13.74       30.51       29.45       35.44       28.78       22.92       18.02       19.76       18.72       17.96       16.72       15.36       14.68       13.96       13.51       17.62       16.64       31.27       30.22       29.03       35.34       35.90       28.57       27.28       33.23       34.76       35.56
         6.8        50.0       1.028     100.195     305.527       2.567       24.53       24.41       28.04       18.72       15.63       31.43       27.64       21.38       15.96       14.75       12.68       24.63       24.74       28.29       24.49       20.05       16.26       17.53       16.85       15.62       14.67       13.67       13.19       12.80       12.57       15.66       14.73       25.16       24.52       24.32       27.93       28.92       22.98       22.60       27.92       27.32       29.92
         6.8       100.0       1.097     267.917     378.295       2.812       21.53       21.82       24.11       17.20       14.56       29.98       26.10       19.60       14.86       13.76       12.09       21.62       22.15       24.43       21.99       18.42       15.15       16.22       15.71       14.36       13.57       12.79       12.37       12.16       12.03       14.53       13.67       22.15       21.52       21.73       24.01       25.20       20.07       20.09       24.85       23.35       26.41
         6.8       159.0       1.117     479.118     433.459       2.997       20.05       20.47       22.16       16.39       14.00       29.17       25.08       18.66       14.28       13.27       11.81       20.11       20.80       22.49       20.68       17.57       14.53       15.53       15.12       13.74       13.05       12.38       12.00       11.87       11.78       13.97       13.16       20.57       20.04       20.37       22.06       23.22       18.65       18.82       23.14       21.39       24.54
         6.8       318.0       1.138    1318.457     552.995       3.282       18.00       18.51       19.44       15.20       13.18       27.48       22.99       17.28       13.41       12.58       11.43       18.03       18.83       19.77       18.76       16.32       13.62       14.51       14.25       12.87       12.32       11.81       11.50       11.45       11.41       13.15       12.43       18.34       17.99       18.41       19.38       20.36       16.73       17.07       20.62       18.70       21.86
         6.8       636.0       1.174    4555.594     742.382       3.556       16.23       16.61       16.93       14.00       12.36       25.19       20.75       15.82       12.52       11.71       10.94       16.26       16.93       17.22       16.74       15.05       12.68       13.34       13.17       11.82       11.42       11.14       10.95       10.95       10.93       12.17       11.51       16.49       16.22       16.51       16.91       17.71       15.14       15.41       18.13       16.26       19.15

         6.9        10.0       0.688       5.264     178.856       2.217       35.23       33.27       42.58       23.89       19.28       38.44       36.68       27.41       19.61       18.58       15.27       35.68       33.60       41.16       31.84       25.68       19.91       21.80       20.57       20.51       19.01       17.34       16.48       15.53       14.99       19.66       18.75       36.64       35.23       33.18       40.71       41.72       33.56       31.43       37.78       39.96       39.88
         6.9        20.0       0.902      18.506     213.867       2.283       31.03       29.75       36.75       21.72       17.68       35.67       32.25       24.93       17.99       16.86       13.94       31.35       30.08       36.42       29.34       23.33       18.29       20.08       18.99       18.34       17.06       15.64       14.94       14.17       13.69       17.93       16.96       32.11       31.03       29.66       36.33       36.86       29.38       27.91       33.92       35.72       36.24
         6.9        50.0       1.005      81.377     293.387       2.587       25.21       24.94       28.95       19.04       15.87       31.74       27.95       21.75       16.19       14.99       12.83       25.31       25.27       29.17       25.03       20.39       16.50       17.83       17.11       15.92       14.93       13.90       13.39       12.96       12.71       15.93       14.98       25.82       25.20       24.85       28.84       29.65       23.66       23.13       28.50       28.26       30.65
         6.9       100.0       1.079     220.912     363.412       2.826       22.04       22.24       24.81       17.46       14.76       30.19       26.35       19.90       15.07       13.94       12.20       22.13       22.58       25.12       22.44       18.69       15.35       16.47       15.93       14.59       13.78       12.95       12.53       12.29       12.14       14.75       13.87       22.66       22.03       22.15       24.71       25.77       20.57       20.49       25.32       24.06       27.03
         6.9       159.0       1.105     405.523     418.002       3.007       20.43       20.80       22.69       16.59       14.15       29.37       25.36       18.89       14.44       13.41       11.90       20.51       21.13       23.01       21.04       17.78       14.70       15.73       15.29       13.92       13.21       12.50       12.11       11.96       11.86       14.13       13.31       20.99       20.42       20.71       22.59       23.66       19.03       19.13       23.51       21.92       25.02
         6.9       318.0       1.130    1046.770     523.872       3.288       18.39       18.90       20.02       15.43       13.36       27.87       23.45       17.55       13.59       12.73       11.52       18.43       19.22       20.34       19.17       16.56       13.81       14.74       14.44       13.06       12.49       11.94       11.62       11.55       11.50       13.33       12.60       18.77       18.38       18.80       19.94       20.86       17.10       17.41       21.06       19.27       22.39
         6.9       636.0       1.166    3561.696     700.580       3.562       16.55       16.94       17.40       14.21       12.51       25.63       21.15       16.09       12.68       11.90       11.05       16.58       17.26       17.70       17.13       15.27       12.85       13.59       13.40       12.05       11.63       11.29       11.07       11.06       11.04       12.38       11.72       16.83       16.53       16.84       17.37       18.14       15.43       15.70       18.53       16.72       19.64

         7.0        10.0       0.668       4.217     171.733       2.243       36.12       33.99       43.89       24.31       19.59       38.83       37.62       27.90       19.92       18.92       15.52       36.60       34.32       42.12       32.26       26.14       20.22       22.11       20.86       20.95       19.39       17.67       16.77       15.78       15.24       19.99       19.10       37.56       36.11       33.89       41.51       42.69       34.45       32.14       38.56       40.73       40.60
         7.0        20.0       0.876      14.789     205.184       2.308       31.90       30.43       37.98       22.12       17.96       36.19       33.03       25.40       18.28       17.17       14.16       32.24       30.76       37.44       29.88       23.77       18.58       20.41       19.28       18.75       17.42       15.95       15.21       14.39       13.90       18.25       17.29       33.01       31.89       30.33       37.32       37.88       30.24       28.58       34.66       36.68       36.96
         7.0        50.0       0.983      65.745     281.293       2.606       25.94       25.51       29.94       19.38       16.12       32.09       28.31       22.15       16.44       15.25       12.98       26.06       25.84       30.10       25.60       20.76       16.74       18.14       17.38       16.24       15.21       14.13       13.60       13.13       12.84       16.20       15.25       26.54       25.94       25.42       29.82       30.45       24.38       23.69       29.12       29.27       31.40
         7.0       100.0       1.061     180.469     348.355       2.840       22.60       22.70       25.59       17.74       14.98       30.40       26.60       20.23       15.29       14.15       12.33       22.69       23.04       25.88       22.93       18.99       15.58       16.73       16.16       14.85       14.00       13.13       12.69       12.42       12.26       14.98       14.09       23.20       22.59       22.61       25.48       26.40       21.12       20.93       25.84       24.85       27.70
         7.0       159.0       1.092     339.800     402.223       3.017       20.85       21.16       23.27       16.81       14.33       29.57       25.63       19.15       14.62       13.57       11.99       20.95       21.50       23.59       21.42       18.01       14.88       15.94       15.47       14.11       13.37       12.63       12.24       12.06       11.95       14.31       13.48       21.44       20.85       21.07       23.18       24.14       19.44       19.46       23.92       22.52       25.55
         7.0       318.0       1.122     846.590     498.590       3.294       18.78       19.27       20.58       15.65       13.53       28.22       23.87       17.81       13.77       12.88       11.61       18.83       19.59       20.90       19.57       16.79       13.99       14.95       14.62       13.25       12.65       12.06       11.72       11.64       11.58       13.50       12.76       19.20       18.77       19.17       20.50       21.34       17.47       17.73       21.48       19.83       22.91
         7.0       636.0       1.158    2796.085     661.743       3.568       16.87       17.27       17.88       14.41       12.67       26.07       21.56       16.35       12.85       12.09       11.16       16.91       17.59       18.18       17.53       15.49       13.02       13.83       13.63       12.28       11.82       11.43       11.19       11.17       11.14       12.59       11.93       17.19       16.86       17.17       17.84       18.57       15.72       15.98       18.92       17.18       20.14

         7.1        10.0       0.648       3.344     164.430       2.268       37.05       34.74       45.26       24.74       19.90       39.23       38.62       28.42       20.23       19.27       15.79       37.56       35.06       43.12       32.70       26.62       20.53       22.42       21.15       21.41       19.80       18.01       17.07       16.05       15.50       20.34       19.46       38.53       37.04       34.64       42.34       43.71       35.38       32.89       39.38       41.52       41.35
         7.1        20.0       0.851      11.758     196.543       2.333       32.82       31.15       39.31       22.55       18.27       36.69       33.92       25.90       18.58       17.51       14.40       33.19       31.48       38.49       30.42       24.24       18.88       20.75       19.58       19.19       17.81       16.27       15.50       14.64       14.13       18.59       17.64       33.97       32.81       31.06       38.30       38.94       31.16       29.31       35.45       37.62       37.71
         7.1        50.0       0.961      52.665     269.078       2.626       26.74       26.13       31.02       19.74       16.38       32.50       28.74       22.58       16.70       15.52       13.15       26.88       26.46       31.11       26.22       21.15       17.00       18.46       17.66       16.58       15.51       14.38       13.83       13.31       12.99       16.50       15.53       27.34       26.74       26.04       30.88       31.34       25.17       24.30       29.80       30.35       32.19
         7.1       100.0       1.044     146.346     333.320       2.855       23.22       23.20       26.43       18.05       15.21       30.62       26.84       20.58       15.52       14.37       12.46       23.31       23.53       26.70       23.46       19.31       15.81       17.02       16.41       15.13       14.24       13.33       12.88       12.56       12.38       15.22       14.32       23.78       23.22       23.11       26.32       27.10       21.74       21.41       26.39       25.71       28.41
         7.1       159.0       1.079     280.630     385.749       3.027       21.34       21.57       23.95       17.06       14.52       29.77       25.90       19.44       14.81       13.75       12.10       21.44       21.90       24.25       21.85       18.27       15.08       16.18       15.68       14.34       13.56       12.78       12.38       12.17       12.05       14.51       13.66       21.94       21.33       21.48       23.85       24.69       19.92       19.85       24.39       23.20       26.14
         7.1       318.0       1.114     698.939     477.025       3.301       19.17       19.61       21.11       15.86       13.68       28.51       24.25       18.05       13.93       13.03       11.69       19.23       19.94       21.43       19.93       17.00       14.16       15.15       14.79       13.43       12.79       12.18       11.83       11.73       11.66       13.67       12.91       19.62       19.16       19.52       21.03       21.80       17.85       18.04       21.87       20.36       23.40
         7.1       636.0       1.150    2181.823     624.062       3.574       17.21       17.63       18.41       14.63       12.84       26.52       22.00       16.63       13.02       12.28       11.26       17.27       17.96       18.71       17.95       15.72       13.20       14.07       13.85       12.50       12.01       11.58       11.30       11.28       11.24       12.80       12.12       17.57       17.21       17.54       18.36       19.03       16.04       16.29       19.34       17.70       20.67

         7.2        10.0       0.630       2.625     156.984       2.293       38.00       35.51       46.68       25.19       20.22       39.61       39.66       28.95       20.56       19.62       16.05       38.55       35.84       44.14       33.14       27.12       20.86       22.73       21.45       21.89       20.22       18.36       17.39       16.32       15.77       20.69       19.83       39.52       38.00       35.42       43.17       44.76       36.34       33.67       40.24       42.31       42.13
         7.2        20.0       0.828       9.286     187.890       2.358       33.80       31.93       40.73       23.00       18.59       37.18       34.90       26.44       18.90       17.87       14.65       34.21       32.26       39.59       30.94       24.74       19.20       21.09       19.89       19.67       18.23       16.62       15.81       14.90       14.38       18.94       18.02       34.99       33.79       31.84       39.27       40.06       32.14       30.09       36.31       38.55       38.52
         7.2        50.0       0.940      41.716     256.651       2.645       27.61       26.80       32.20       20.12       16.66       32.96       29.24       23.04       16.97       15.80       13.32       27.77       27.13       32.20       26.88       21.57       17.27       18.81       17.95       16.95       15.84       14.65       14.07       13.50       13.14       16.81       15.84       28.22       27.60       26.70       32.02       32.34       26.03       24.97       30.53       31.50       33.01
         7.2       100.0       1.027     117.838     318.364       2.869       23.91       23.73       27.35       18.37       15.45       30.87       27.12       20.96       15.77       14.60       12.60       23.99       24.06       27.59       24.02       19.66       16.06       17.32       16.67       15.43       14.50       13.54       13.07       12.72       12.50       15.49       14.57       24.42       23.90       23.64       27.24       27.87       22.41       21.93       26.99       26.64       29.18
         7.2       159.0       1.066     228.837     368.846       3.038       21.88       22.02       24.70       17.34       14.73       29.99       26.17       19.76       15.03       13.94       12.21       21.99       22.35       24.99       22.34       18.56       15.30       16.44       15.90       14.58       13.77       12.95       12.53       12.30       12.15       14.73       13.87       22.48       21.88       21.93       24.60       25.32       20.45       20.27       24.90       23.97       26.81
         7.2       318.0       1.105     581.876     457.422       3.308       19.56       19.95       21.65       16.06       13.84       28.77       24.60       18.29       14.10       13.17       11.77       19.64       20.29       21.96       20.30       17.22       14.33       15.35       14.96       13.60       12.94       12.30       11.93       11.82       11.74       13.83       13.05       20.06       19.55       19.86       21.56       22.25       18.23       18.34       22.25       20.90       23.89
         7.2       636.0       1.142    1706.244     588.799       3.580       17.58       18.01       18.97       14.85       13.01       26.97       22.47       16.90       13.20       12.45       11.36       17.64       18.34       19.27       18.37       15.96       13.39       14.31       14.06       12.71       12.19       11.71       11.42       11.38       11.34       12.99       12.30       17.97       17.57       17.92       18.90       19.51       16.39       16.62       19.77       18.25       21.21

         7.3        20.0       0.805       7.275     179.193       2.381       34.83       32.76       42.24       23.48       18.93       37.66       35.98       27.00       19.24       18.24       14.93       35.28       33.09       40.72       31.46       25.27       19.54       21.44       20.21       20.17       18.67       16.99       16.13       15.18       14.65       19.32       18.41       36.07       34.82       32.67       40.24       41.21       33.18       30.92       37.22       39.47       39.36
         7.3        50.0       0.920      32.725     244.166       2.664       28.54       27.51       33.47       20.54       16.95       33.44       29.83       23.53       17.25       16.11       13.51       28.73       27.84       33.36       27.58       22.03       17.55       19.19       18.26       17.35       16.19       14.94       14.33       13.70       13.30       17.14       16.16       29.17       28.53       27.42       33.24       33.46       26.95       25.68       31.31       32.70       33.85
         7.3       100.0       1.010      94.103     303.438       2.883       24.67       24.32       28.37       18.72       15.71       31.19       27.44       21.37       16.02       14.86       12.75       24.75       24.65       28.56       24.62       20.03       16.31       17.64       16.94       15.75       14.78       13.77       13.28       12.88       12.64       15.77       14.84       25.13       24.67       24.23       28.26       28.72       23.16       22.51       27.65       27.68       29.99
         7.3       159.0       1.053     184.971     351.948       3.049       22.49       22.51       25.54       17.64       14.95       30.21       26.43       20.11       15.26       14.15       12.34       22.60       22.84       25.80       22.86       18.87       15.53       16.72       16.15       14.85       14.00       13.14       12.70       12.43       12.27       14.97       14.09       23.05       22.49       22.42       25.44       26.02       21.05       20.74       25.46       24.81       27.54
         7.3       318.0       1.096     484.312     438.684       3.315       19.97       20.31       22.21       16.28       14.01       29.00       24.93       18.54       14.27       13.31       11.86       20.08       20.64       22.51       20.67       17.44       14.51       15.56       15.14       13.79       13.10       12.42       12.05       11.91       11.82       14.00       13.21       20.53       19.97       20.21       22.12       22.73       18.63       18.67       22.65       21.46       24.41
         7.3       636.0       1.135    1345.484     556.659       3.586       17.96       18.40       19.54       15.08       13.18       27.40       22.93       17.17       13.38       12.60       11.45       18.04       18.73       19.83       18.78       16.19       13.58       14.53       14.25       12.91       12.36       11.84       11.53       11.48       11.43       13.17       12.47       18.39       17.95       18.30       19.46       19.99       16.75       16.96       20.21       18.81       21.74

         7.4        20.0       0.785       5.658     170.489       2.404       35.90       33.63       43.82       23.97       19.27       38.14       37.12       27.59       19.59       18.63       15.21       36.38       33.95       41.87       31.96       25.82       19.89       21.79       20.54       20.69       19.12       17.38       16.47       15.48       14.93       19.70       18.81       37.19       35.89       33.53       41.20       42.40       34.25       31.78       38.17       40.39       40.23
         7.4        50.0       0.901      25.530     231.900       2.682       29.52       28.26       34.82       20.97       17.25       33.91       30.50       24.05       17.55       16.44       13.70       29.75       28.59       34.56       28.31       22.51       17.84       19.57       18.57       17.77       16.57       15.24       14.60       13.91       13.47       17.48       16.51       30.18       29.52       28.17       34.49       34.68       27.93       26.43       32.13       33.91       34.69
         7.4       100.0       0.994      74.501     288.563       2.898       25.51       24.96       29.50       19.09       15.97       31.61       27.84       21.82       16.28       15.13       12.91       25.60       25.29       29.62       25.27       20.44       16.57       17.98       17.23       16.10       15.09       14.02       13.51       13.05       12.77       16.07       15.13       25.93       25.50       24.87       29.38       29.65       23.99       23.15       28.36       28.83       30.85
         7.4       159.0       1.039     148.543     335.287       3.060       23.17       23.03       26.45       17.96       15.19       30.45       26.70       20.49       15.50       14.38       12.47       23.26       23.37       26.68       23.42       19.22       15.78       17.02       16.40       15.14       14.25       13.34       12.89       12.58       12.39       15.23       14.33       23.67       23.16       22.94       26.34       26.79       21.71       21.25       26.06       25.74       28.31
         7.4       318.0       1.087     400.897     420.214       3.322       20.42       20.68       22.83       16.51       14.18       29.21       25.24       18.81       14.45       13.47       11.95       20.55       21.02       23.11       21.07       17.68       14.69       15.78       15.33       13.99       13.27       12.55       12.17       12.01       11.90       14.18       13.37       21.02       20.42       20.59       22.73       23.25       19.08       19.01       23.08       22.08       24.97
         7.4       636.0       1.128    1066.861     526.982       3.591       18.37       18.78       20.12       15.31       13.35       27.79       23.40       17.44       13.56       12.76       11.54       18.45       19.11       20.41       19.19       16.43       13.76       14.76       14.44       13.10       12.52       11.96       11.64       11.57       11.51       13.35       12.63       18.83       18.36       18.69       20.04       20.49       17.13       17.30       20.64       19.38       22.29

         7.5        20.0       0.765       4.372     161.835       2.425       36.99       34.51       45.43       24.47       19.62       38.62       38.29       28.19       19.95       19.02       15.51       37.51       34.84       43.03       32.45       26.38       20.25       22.13       20.87       21.21       19.58       17.77       16.81       15.77       15.22       20.09       19.22       38.32       36.98       34.41       42.15       43.60       35.35       32.67       39.14       41.30       41.12
         7.5        50.0       0.883      19.841     219.962       2.700       30.55       29.06       36.27       21.43       17.57       34.41       31.28       24.60       17.86       16.78       13.91       30.82       29.39       35.81       29.03       23.01       18.15       19.97       18.89       18.22       16.96       15.57       14.88       14.14       13.67       17.84       16.87       31.24       30.55       28.97       35.74       35.97       28.95       27.23       33.01       35.10       35.55
         7.5       100.0       0.978      58.655     273.989       2.911       26.41       25.66       30.72       19.49       16.25       32.08       28.32       22.30       16.56       15.42       13.08       26.51       25.99       30.75       25.96       20.88       16.85       18.33       17.54       16.47       15.41       14.29       13.75       13.24       12.92       16.39       15.43       26.81       26.41       25.57       30.58       30.68       24.89       23.84       29.12       30.05       31.74
         7.5       159.0       1.026     118.469     318.863       3.071       23.91       23.60       27.45       18.30       15.44       30.72       27.00       20.90       15.75       14.62       12.61       23.99       23.94       27.63       24.03       19.58       16.03       17.33       16.67       15.46       14.52       13.56       13.09       12.73       12.51       15.51       14.59       24.34       23.91       23.51       27.33       27.64       22.44       21.81       26.71       26.74       29.13
         7.5       318.0       1.078     329.368     401.829       3.330       20.92       21.09       23.50       16.75       14.37       29.41       25.54       19.10       14.64       13.64       12.05       21.06       21.42       23.77       21.51       17.94       14.89       16.01       15.53       14.20       13.45       12.70       12.30       12.12       12.00       14.38       13.55       21.54       20.91       21.00       23.40       23.82       19.56       19.39       23.55       22.76       25.58
         7.5       636.0       1.120     866.553     501.914       3.597       18.76       19.14       20.67       15.52       13.51       28.12       23.81       17.69       13.73       12.90       11.62       18.86       19.47       20.95       19.57       16.65       13.94       14.96       14.62       13.28       12.67       12.08       11.74       11.66       11.59       13.52       12.78       19.27       18.75       19.05       20.58       20.96       17.51       17.61       21.04       19.93       22.80

         7.6        20.0       0.748       3.353     153.229       2.446       38.08       35.40       47.05       24.97       19.97       39.11       39.48       28.79       20.30       19.42       15.80       38.65       35.73       44.19       32.94       26.93       20.60       22.47       21.19       21.75       20.05       18.16       17.15       16.07       15.51       20.47       19.64       39.46       38.08       35.30       43.08       44.80       36.45       33.56       40.12       42.21       42.01
         7.6        50.0       0.865      15.340     208.305       2.717       31.65       29.92       37.83       21.91       17.90       34.98       32.19       25.18       18.19       17.15       14.15       31.96       30.26       37.08       29.73       23.54       18.47       20.36       19.22       18.71       17.39       15.92       15.19       14.39       13.89       18.22       17.26       32.37       31.65       29.83       36.97       37.33       30.05       28.09       33.96       36.28       36.45
         7.6       100.0       0.963      46.147     260.034       2.925       27.36       26.38       32.00       19.90       16.54       32.53       28.85       22.80       16.83       15.72       13.25       27.48       26.72       31.92       26.67       21.34       17.12       18.70       17.84       16.86       15.75       14.57       13.99       13.43       13.06       16.71       15.75       27.74       27.35       26.29       31.81       31.79       25.82       24.56       29.92       31.29       32.62
         7.6       159.0       1.014      93.898     302.752       3.082       24.73       24.23       28.54       18.66       15.71       31.04       27.33       21.34       16.01       14.89       12.76       24.80       24.56       28.67       24.67       19.98       16.29       17.67       16.96       15.79       14.82       13.80       13.31       12.89       12.64       15.80       14.87       25.08       24.72       24.14       28.42       28.57       23.25       22.43       27.41       27.86       30.00
         7.6       318.0       1.068     267.954     383.352       3.337       21.48       21.53       24.26       17.03       14.57       29.62       25.82       19.43       14.85       13.83       12.16       21.62       21.86       24.51       21.99       18.23       15.10       16.27       15.76       14.44       13.65       12.86       12.45       12.23       12.10       14.60       13.75       22.10       21.47       21.44       24.16       24.46       20.10       19.81       24.07       23.53       26.26
         7.6       636.0       1.113     719.676     480.759       3.603       19.14       19.47       21.18       15.72       13.66       28.39       24.19       17.92       13.89       13.04       11.70       19.27       19.81       21.45       19.92       16.85       14.10       15.16       14.79       13.45       12.81       12.19       11.84       11.74       11.66       13.68       12.92       19.70       19.13       19.38       21.09       21.41       17.88       17.91       21.41       20.44       23.29

         7.7        50.0       0.849      11.824     197.033       2.733       32.81       30.84       39.50       22.42       18.25       35.66       33.25       25.79       18.54       17.54       14.42       33.16       31.17       38.38       30.40       24.11       18.82       20.76       19.57       19.24       17.85       16.30       15.52       14.66       14.14       18.61       17.68       33.56       32.80       30.75       38.16       38.71       31.20       29.01       34.97       37.42       37.40
         7.7       100.0       0.949      36.286     246.690       2.938       28.34       27.14       33.34       20.31       16.83       32.92       29.44       23.31       17.11       16.03       13.43       28.48       27.47       33.11       27.40       21.80       17.40       19.08       18.15       17.26       16.11       14.85       14.24       13.62       13.22       17.05       16.08       28.71       28.33       27.04       33.06       32.99       26.79       25.31       30.74       32.52       33.49
         7.7       159.0       1.001      74.247     287.250       3.092       25.61       24.90       29.72       19.05       15.98       31.41       27.71       21.80       16.27       15.16       12.92       25.68       25.23       29.76       25.34       20.40       16.55       18.01       17.25       16.15       15.13       14.05       13.53       13.07       12.77       16.11       15.16       25.90       25.60       24.81       29.59       29.57       24.11       23.09       28.15       29.05       30.88
         7.7       318.0       1.058     215.883     364.866       3.345       22.09       22.02       25.11       17.33       14.80       29.84       26.10       19.78       15.08       14.04       12.28       22.24       22.35       25.33       22.52       18.55       15.33       16.55       16.00       14.71       13.88       13.04       12.62       12.36       12.21       14.84       13.97       22.69       22.09       21.93       25.00       25.19       20.70       20.27       24.63       24.39       27.00
         7.7       636.0       1.105     599.006     460.819       3.609       19.55       19.82       21.72       15.92       13.82       28.63       24.54       18.16       14.05       13.18       11.78       19.70       20.15       21.98       20.28       17.07       14.27       15.35       14.96       13.62       12.96       12.30       11.95       11.83       11.74       13.84       13.07       20.16       19.54       19.72       21.63       21.87       18.28       18.22       21.79       20.99       23.79

         7.8        50.0       0.834       9.116     186.283       2.749       33.99       31.80       41.23       22.94       18.62       36.48       34.43       26.43       18.90       17.95       14.70       34.40       32.13       39.66       31.00       24.70       19.19       21.13       19.92       19.79       18.34       16.70       15.87       14.96       14.42       19.02       18.11       34.79       33.99       31.71       39.30       40.08       32.40       29.97       36.02       38.51       38.38
         7.8       100.0       0.935      28.386     233.691       2.950       29.36       27.93       34.76       20.75       17.13       33.28       30.11       23.85       17.41       16.35       13.62       29.55       28.26       34.35       28.15       22.29       17.69       19.47       18.46       17.69       16.48       15.16       14.51       13.82       13.39       17.39       16.42       29.74       29.36       27.84       34.33       34.31       27.81       26.10       31.60       33.74       34.37
         7.8       159.0       0.989      58.741     272.534       3.103       26.53       25.61       30.97       19.44       16.25       31.80       28.14       22.28       16.54       15.45       13.08       26.60       25.94       30.90       26.03       20.84       16.82       18.37       17.55       16.52       15.45       14.32       13.77       13.24       12.91       16.42       15.47       26.76       26.52       25.51       30.81       30.64       25.02       23.79       28.93       30.28       31.76
         7.8       318.0       1.048     172.233     346.439       3.354       22.78       22.55       26.05       17.65       15.03       30.10       26.40       20.17       15.32       14.27       12.40       22.91       22.89       26.23       23.10       18.90       15.58       16.86       16.26       15.01       14.13       13.24       12.80       12.51       12.33       15.10       14.22       23.31       22.78       22.46       25.94       26.00       21.38       20.79       25.25       25.35       27.81
         7.8       636.0       1.097     493.300     440.599       3.615       20.00       20.19       22.33       16.15       13.99       28.86       24.88       18.43       14.23       13.33       11.87       20.17       20.53       22.57       20.68       17.30       14.45       15.57       15.14       13.82       13.12       12.43       12.07       11.93       11.83       14.02       13.23       20.66       19.99       20.10       22.23       22.39       18.72       18.56       22.22       21.60       24.35

         7.9        50.0       0.820       7.030     176.029       2.763       35.19       32.78       43.00       23.46       18.98       37.42       35.67       27.07       19.27       18.36       15.00       35.64       33.10       40.92       31.56       25.29       19.55       21.50       20.26       20.35       18.83       17.11       16.23       15.26       14.71       19.43       18.54       36.01       35.19       32.68       40.37       41.43       33.60       30.94       37.09       39.55       39.36
         7.9       100.0       0.922      22.048     220.949       2.963       30.46       28.78       36.29       21.21       17.45       33.73       30.91       24.41       17.72       16.70       13.83       30.68       29.11       35.63       28.91       22.80       18.00       19.88       18.79       18.15       16.89       15.48       14.80       14.05       13.58       17.76       16.79       30.84       30.45       28.69       35.60       35.71       28.89       26.95       32.53       34.95       35.27
         7.9       159.0       0.978      46.356     258.381       3.113       27.50       26.35       32.28       19.84       16.53       32.19       28.65       22.79       16.81       15.75       13.25       27.58       26.68       32.07       26.75       21.30       17.09       18.74       17.86       16.91       15.80       14.59       14.01       13.43       13.05       16.75       15.79       27.68       27.49       26.26       32.06       31.80       25.98       24.53       29.74       31.53       32.64
         7.9       318.0       1.039     136.442     328.360       3.362       23.55       23.14       27.08       17.99       15.28       30.41       26.73       20.59       15.56       14.51       12.54       23.65       23.47       27.20       23.72       19.27       15.83       17.18       16.54       15.32       14.41       13.46       13.00       12.66       12.45       15.38       14.48       23.95       23.54       23.04       26.96       26.90       22.13       21.36       25.92       26.39       28.66
         7.9       636.0       1.089     402.007     420.206       3.622       20.51       20.60       23.01       16.39       14.18       29.07       25.20       18.72       14.42       13.50       11.97       20.69       20.94       23.24       21.12       17.57       14.65       15.81       15.35       14.04       13.31       12.58       12.20       12.03       11.92       14.22       13.41       21.20       20.50       20.51       22.92       22.98       19.21       18.94       22.69       22.29       24.99

         8.0        50.0       0.808       5.375     165.909       2.777       36.41       33.77       44.81       23.99       19.35       38.47       36.99       27.72       19.64       18.78       15.31       36.90       34.10       42.18       32.10       25.89       19.93       21.85       20.61       20.93       19.33       17.53       16.59       15.57       15.02       19.85       18.99       37.26       36.40       33.68       41.42       42.78       34.82       31.94       38.19       40.57       40.37
         8.0       100.0       0.910      17.065     208.672       2.974       31.60       29.68       37.92       21.70       17.79       34.38       31.85       25.01       18.05       17.06       14.06       31.86       30.01       36.92       29.63       23.35       18.33       20.28       19.12       18.64       17.32       15.84       15.10       14.30       13.79       18.14       17.19       31.99       31.60       29.59       36.85       37.16       30.03       27.85       33.53       36.13       36.21
         8.0       159.0       0.966      36.272     244.431       3.123       28.53       27.15       33.71       20.28       16.83       32.60       29.27       23.32       17.10       16.07       13.43       28.64       27.48       33.30       27.51       21.78       17.38       19.13       18.17       17.33       16.17       14.89       14.27       13.63       13.21       17.09       16.13       28.68       28.53       27.06       33.35       33.11       27.01       25.33       30.62       32.79       33.54
         8.0       318.0       1.029     107.960     311.118       3.370       24.37       23.76       28.19       18.35       15.54       30.70       27.05       21.02       15.82       14.78       12.69       24.44       24.10       28.24       24.37       19.66       16.08       17.52       16.82       15.66       14.70       13.69       13.21       12.82       12.57       15.68       14.76       24.64       24.37       23.67       28.06       27.87       22.93       21.98       26.63       27.50       29.54
         8.0       636.0       1.080     324.705     399.896       3.628       21.06       21.05       23.78       16.67       14.38       29.28       25.51       19.05       14.63       13.69       12.08       21.26       21.38       23.98       21.60       17.86       14.86       16.08       15.58       14.28       13.51       12.74       12.35       12.15       12.02       14.44       13.61       21.75       21.06       20.96       23.68       23.63       19.76       19.36       23.22       23.07       25.69

         8.1        50.0       0.795       4.021     155.476       2.790       37.69       34.82       46.72       24.54       19.73       39.66       38.39       28.40       20.03       19.23       15.63       38.23       35.15       43.48       32.64       26.52       20.32       22.22       20.98       21.54       19.86       17.97       16.97       15.90       15.34       20.29       19.45       38.58       37.68       34.73       42.50       44.19       36.11       32.99       39.35       41.63       41.42
         8.1       100.0       0.898      13.199     196.983       2.986       32.78       30.63       39.63       22.20       18.14       35.29       32.95       25.63       18.40       17.46       14.32       33.09       30.96       38.20       30.30       23.91       18.67       20.66       19.46       19.17       17.79       16.22       15.43       14.57       14.04       18.54       17.60       33.19       32.78       30.53       38.03       38.59       31.22       28.80       34.57       37.26       37.18
         8.1       159.0       0.955      28.119     230.687       3.133       29.64       28.01       35.25       20.73       17.15       33.11       30.06       23.88       17.41       16.41       13.63       29.78       28.34       34.59       28.30       22.29       17.68       19.54       18.50       17.78       16.56       15.21       14.55       13.84       13.39       17.46       16.49       29.76       29.64       27.92       34.66       34.56       28.10       26.18       31.56       34.04       34.47
         8.1       318.0       1.020      85.545     294.869       3.377       25.24       24.43       29.36       18.72       15.81       30.94       27.36       21.48       16.08       15.05       12.84       25.29       24.76       29.31       25.03       20.07       16.34       17.86       17.11       16.01       15.01       13.94       13.44       12.98       12.70       15.98       15.04       25.38       25.24       24.34       29.22       28.89       23.79       22.63       27.38       28.68       30.41
         8.1       636.0       1.072     258.973     379.378       3.635       21.69       21.55       24.66       16.97       14.61       29.50       25.81       19.41       14.86       13.91       12.20       21.89       21.88       24.82       22.15       18.18       15.10       16.37       15.83       14.55       13.74       12.92       12.51       12.28       12.13       14.69       13.84       22.35       21.69       21.45       24.56       24.39       20.36       19.83       23.81       23.96       26.46

         8.2       100.0       0.886      10.130     185.554       2.997       34.02       31.63       41.46       22.72       18.50       36.51       34.22       26.27       18.77       17.88       14.61       34.38       31.96       39.50       30.91       24.51       19.04       21.04       19.82       19.75       18.29       16.63       15.79       14.87       14.33       18.96       18.05       34.44       34.02       31.54       39.19       40.03       32.46       29.80       35.69       38.37       38.20
         8.2       159.0       0.945      21.683     217.402       3.143       30.80       28.92       36.88       21.21       17.49       33.82       31.02       24.48       17.74       16.77       13.85       30.98       29.25       35.90       29.07       22.83       18.01       19.96       18.83       18.27       16.99       15.55       14.85       14.08       13.59       17.84       16.88       30.90       30.80       28.83       35.95       36.08       29.26       27.09       32.56       35.26       35.42
         8.2       318.0       1.011      67.567     279.236       3.385       26.18       25.15       30.62       19.11       16.08       31.16       27.69       21.96       16.35       15.33       12.99       26.22       25.48       30.44       25.73       20.50       16.61       18.21       17.41       16.39       15.33       14.21       13.67       13.16       12.83       16.30       15.35       26.20       26.18       25.06       30.46       29.99       24.72       23.35       28.17       29.93       31.31
         8.2       636.0       1.064     206.547     359.911       3.642       22.36       22.07       25.59       17.28       14.84       29.74       26.09       19.79       15.10       14.13       12.32       22.55       22.41       25.70       22.71       18.52       15.33       16.67       16.09       14.84       13.99       13.12       12.69       12.42       12.25       14.95       14.08       22.93       22.36       21.98       25.49       25.20       21.02       20.33       24.43       24.90       27.27

         8.3       100.0       0.875       7.590     173.719       3.008       35.37       32.74       43.46       23.30       18.90       38.05       35.69       26.98       19.17       18.34       14.94       35.78       33.07       40.88       31.52       25.16       19.45       21.42       20.20       20.38       18.84       17.08       16.18       15.21       14.65       19.42       18.53       35.80       35.37       32.65       40.38       41.55       33.82       30.91       36.93       39.53       39.32
         8.3       159.0       0.934      16.667     204.683       3.153       32.01       29.88       38.62       21.71       17.84       34.80       32.15       25.09       18.08       17.15       14.10       32.22       30.21       37.22       29.80       23.39       18.35       20.36       19.18       18.79       17.45       15.92       15.17       14.34       13.82       18.24       17.29       32.09       32.00       29.78       37.20       37.60       30.47       28.05       33.63       36.44       36.41
         8.3       318.0       1.002      52.913     263.864       3.393       27.20       25.93       32.01       19.52       16.38       31.50       28.14       22.48       16.63       15.64       13.16       27.23       26.26       31.63       26.47       20.96       16.90       18.59       17.73       16.79       15.69       14.49       13.92       13.34       12.97       16.63       15.68       27.12       27.20       25.84       31.76       31.22       25.72       24.12       29.04       31.23       32.22
         8.3       636.0       1.056     164.535     341.336       3.649       23.09       22.63       26.58       17.61       15.08       29.98       26.37       20.19       15.34       14.37       12.45       23.24       22.96       26.62       23.30       18.87       15.58       16.98       16.36       15.15       14.25       13.33       12.88       12.56       12.36       15.22       14.33       23.51       23.08       22.54       26.47       26.08       21.72       20.87       25.07       25.90       28.10

         8.4       100.0       0.865       5.517     161.375       3.018       36.82       33.94       45.63       23.91       19.33       39.87       37.33       27.74       19.61       18.84       15.31       37.29       34.27       42.33       32.14       25.86       19.89       21.82       20.61       21.08       19.44       17.58       16.61       15.58       15.01       19.91       19.06       37.26       36.82       33.85       41.61       43.14       35.28       32.11       38.27       40.74       40.52
         8.4       159.0       0.924      12.669     192.135       3.162       33.29       30.92       40.50       22.25       18.21       36.15       33.49       25.76       18.46       17.58       14.39       33.56       31.25       38.57       30.48       24.00       18.73       20.76       19.55       19.38       17.96       16.34       15.53       14.64       14.10       18.67       17.74       33.37       33.29       30.83       38.43       39.15       31.76       29.09       34.79       37.62       37.47
         8.4       318.0       0.993      41.134     248.873       3.401       28.28       26.77       33.49       19.96       16.69       32.06       28.82       23.02       16.93       15.97       13.35       28.33       27.10       32.88       27.24       21.45       17.20       19.00       18.05       17.22       16.07       14.79       14.18       13.54       13.13       16.99       16.03       28.12       28.28       26.68       33.09       32.60       26.80       24.96       29.97       32.53       33.16
         8.4       636.0       1.047     130.797     323.547       3.655       23.87       23.22       27.64       17.94       15.33       30.24       26.66       20.60       15.58       14.62       12.59       23.98       23.56       27.60       23.91       19.24       15.82       17.30       16.64       15.47       14.53       13.55       13.09       12.71       12.48       15.50       14.59       24.11       23.87       23.13       27.52       27.02       22.49       21.46       25.76       26.97       28.95

         8.5       159.0       0.915       9.379     179.143       3.171       34.71       32.08       42.59       22.84       18.63       37.90       35.08       26.49       18.88       18.07       14.73       35.03       32.41       40.01       31.14       24.68       19.15       21.16       19.95       20.04       18.53       16.81       15.94       14.99       14.43       19.15       18.25       34.79       34.71       31.99       39.70       40.76       33.18       30.25       36.10       38.86       38.64
         8.5       318.0       0.984      31.888     234.545       3.408       29.41       27.64       35.06       20.41       17.01       32.94       29.75       23.57       17.24       16.30       13.54       29.47       27.97       34.13       28.03       21.96       17.50       19.41       18.38       17.67       16.46       15.11       14.45       13.75       13.30       17.35       16.39       29.18       29.40       27.55       34.39       34.11       27.91       25.82       30.94       33.76       34.10
         8.5       636.0       1.039     103.372     306.240       3.662       24.74       23.88       28.79       18.30       15.59       30.54       27.01       21.04       15.84       14.89       12.73       24.80       24.21       28.63       24.56       19.63       16.08       17.64       16.92       15.82       14.83       13.79       13.30       12.87       12.60       15.80       14.88       24.80       24.73       23.79       28.65       28.06       23.34       22.10       26.50       28.12       29.82

         8.6       159.0       0.906       6.786     166.021       3.179       36.21       33.32       44.82       23.47       19.07       39.92       36.84       27.27       19.32       18.58       15.10       36.58       33.65       41.49       31.79       25.40       19.60       21.55       20.37       20.76       19.15       17.32       16.38       15.36       14.80       19.65       18.80       36.29       36.20       33.22       40.98       42.40       34.69       31.49       37.50       40.11       39.89
         8.6       318.0       0.976      24.589     220.724       3.416       30.58       28.56       36.71       20.88       17.34       34.12       30.93       24.16       17.57       16.66       13.76       30.68       28.89       35.41       28.80       22.49       17.83       19.82       18.71       18.15       16.88       15.44       14.74       13.98       13.49       17.74       16.77       30.31       30.57       28.47       35.65       35.69       29.08       26.74       31.97       34.95       35.06
         8.6       636.0       1.031      81.005     289.245       3.669       25.69       24.61       30.08       18.69       15.87       30.90       27.48       21.52       16.11       15.18       12.89       25.73       24.94       29.76       25.26       20.06       16.36       18.00       17.23       16.20       15.16       14.06       13.54       13.05       12.73       16.12       15.19       25.62       25.69       24.51       29.91       29.20       24.28       22.82       27.33       29.38       30.73

         8.7       159.0       0.898       4.955     154.130       3.187       37.59       34.46       46.89       24.05       19.47       41.87       38.50       28.00       19.74       19.07       15.45       38.02       34.79       42.85       32.35       26.06       20.02       21.91       20.75       21.43       19.73       17.80       16.79       15.72       15.15       20.12       19.31       37.67       37.58       34.37       42.14       43.89       36.08       32.64       38.80       41.26       41.04
         8.7       318.0       0.968      18.596     206.689       3.423       31.86       29.59       38.56       21.40       17.71       35.65       32.37       24.80       17.93       17.07       14.02       32.01       29.92       36.77       29.58       23.08       18.19       20.25       19.07       18.70       17.37       15.83       15.08       14.26       13.74       18.16       17.21       31.57       31.86       29.49       36.95       37.36       30.37       27.77       33.13       36.18       36.11
         8.7       636.0       1.024      63.059     272.738       3.675       26.72       25.40       31.48       19.10       16.17       31.44       28.13       22.04       16.40       15.49       13.06       26.77       25.73       30.94       26.00       20.52       16.65       18.39       17.55       16.60       15.52       14.34       13.79       13.23       12.87       16.47       15.52       26.56       26.72       25.31       31.24       30.45       25.30       23.61       28.22       30.71       31.67

         8.8       318.0       0.960      13.633     192.019       3.430       33.32       30.77       40.69       22.01       18.13       37.57       34.14       25.55       18.35       17.55       14.34       33.53       31.10       38.26       30.34       23.76       18.61       20.68       19.48       19.37       17.94       16.30       15.48       14.59       14.05       18.64       17.72       33.02       33.32       30.68       38.32       39.13       31.84       28.95       34.48       37.49       37.31
         8.8       636.0       1.016      48.895     256.907       3.682       27.81       26.24       32.96       19.54       16.49       32.26       29.01       22.57       16.71       15.81       13.24       27.88       26.57       32.15       26.76       21.00       16.95       18.78       17.88       17.03       15.90       14.64       14.05       13.43       13.02       16.82       15.86       27.60       27.81       26.15       32.57       31.83       26.38       24.44       29.16       32.01       32.61

         8.9       318.0       0.953       9.908     177.948       3.436       34.82       32.01       42.90       22.63       18.57       39.66       36.03       26.32       18.80       18.06       14.70       35.09       32.34       39.75       31.04       24.47       19.06       21.08       19.89       20.08       18.56       16.81       15.92       14.96       14.41       19.14       18.26       34.54       34.82       31.91       39.64       40.80       33.35       30.18       35.90       38.77       38.55
         8.9       636.0       1.008      37.594     241.471       3.689       28.95       27.13       34.55       19.99       16.82       33.46       30.16       23.13       17.03       16.15       13.43       29.07       27.46       33.40       27.55       21.51       17.27       19.20       18.21       17.49       16.30       14.96       14.32       13.64       13.19       17.19       16.23       28.72       28.95       27.04       33.89       33.38       27.52       25.33       30.17       33.27       33.57

         9.0       318.0       0.947       7.384     165.882       3.442       36.15       33.11       44.88       23.19       18.96       41.59       37.76       27.02       19.20       18.53       15.04       36.49       33.44       41.07       31.62       25.11       19.47       21.42       20.27       20.73       19.12       17.27       16.32       15.31       14.74       19.59       18.75       35.90       36.15       33.02       40.77       42.23       34.70       31.29       37.18       39.90       39.67
         9.0       636.0       1.001      28.201     225.542       3.695       30.23       28.13       36.36       20.50       17.18       35.11       31.66       23.76       17.38       16.54       13.66       30.40       28.46       34.76       28.40       22.08       17.62       19.65       18.56       18.01       16.76       15.33       14.64       13.89       13.40       17.61       16.65       30.00       30.23       28.04       35.25       35.16       28.80       26.32       31.32       34.55       34.61

         9.1       318.0       0.941       5.613     155.354       3.447       37.34       34.10       46.65       23.69       19.31       43.33       39.32       27.64       19.55       18.96       15.34       37.73       34.43       42.22       32.11       25.68       19.83       21.71       20.60       21.31       19.63       17.69       16.68       15.62       15.04       20.00       19.19       37.12       37.34       34.01       41.76       43.47       35.90       32.28       38.32       40.88       40.66
         9.1       636.0       0.994      20.564     209.136       3.701       31.67       29.28       38.42       21.08       17.59       37.17       33.52       24.48       17.78       16.99       13.95       31.91       29.61       36.24       29.27       22.73       18.03       20.12       18.96       18.62       17.30       15.76       15.01       14.19       13.67       18.07       17.13       31.47       31.67       29.18       36.66       37.09       30.25       27.46       32.64       35.88       35.78

         9.2       636.0       0.988      15.093     194.182       3.706       33.10       30.44       40.50       21.67       18.00       39.32       35.46       25.21       18.20       17.47       14.27       33.43       30.77       37.69       30.05       23.40       18.45       20.54       19.35       19.28       17.86       16.22       15.41       14.52       13.98       18.54       17.64       33.00       33.10       30.35       37.98       38.84       31.70       28.63       33.99       37.14       36.96

         9.3       636.0       0.982      11.445     181.721       3.711       34.38       31.50       42.39       22.20       18.38       41.26       37.25       25.88       18.58       17.91       14.58       34.80       31.83       38.96       30.66       24.01       18.83       20.87       19.70       19.89       18.39       16.65       15.78       14.84       14.28       18.97       18.10       34.39       34.38       31.41       39.10       40.27       33.00       29.69       35.22       38.24       38.02

         9.4       636.0       0.977       8.777     170.512       3.716       35.58       32.50       44.16       22.71       18.73       43.10       38.95       26.51       18.94       18.33       14.88       36.09       32.83       40.14       31.21       24.59       19.20       21.17       20.03       20.48       18.90       17.07       16.14       15.15       14.58       19.38       18.55       35.72       35.58       32.41       40.13       41.53       34.22       30.69       36.39       39.26       39.03

         9.5       636.0       0.972       6.585     159.098       3.720       36.84       33.55       46.01       23.24       19.10       45.02       40.74       27.18       19.32       18.78       15.20       37.43       33.88       41.37       31.75       25.20       19.58       21.46       20.38       21.10       19.44       17.52       16.53       15.48       14.90       19.80       19.02       37.12       36.84       33.46       41.19       42.79       35.51       31.74       37.61       40.31       40.08





