 #atmflag =           -2 , [M/H] = 0.80, clear
 #Conversion factor  L_{Jupiter} = 8.710e-10 x L_{Sun} with L_{Sun} = 3.846e+33 erg/s
 #1:log(Age/yr), 2:Mass/Mearth, 3:Radius/Rjupiter, 4:Luminosity/Ljupiter, 5:Teff/K, 6:logg/cgs, 7:NACOJ, 8:NACOH, 9:NACOKs, 10:NACOLp, 11:NACOMp, 12:CousinsR, 13:CousinsI, 14:WISE1, 15:WISE2, 16:WISE3, 17:WISE4, 18:F115W, 19:F150W, 20:F200W, 21:F277W, 22:F356W, 23:F444W, 24:F560W, 25:F770W, 26:F1000W, 27:F1280W, 28:F1500W, 29:F1800W, 30:F2100W, 31:F2550W, 32:VISIRB87, 33:VISIRSiC, 34:SPHEREY, 35:SPHEREJ, 36:SPHEREH, 37:SPHEREKs, 38:SPHEREJ2, 39:SPHEREJ3, 40:SPHEREH2, 41:SPHEREH3, 42:SPHEREK1, 43:SPHEREK2
         6.0         5.0       0.725       6.030     180.204       1.870       34.54       37.12       39.74       26.69       20.12       38.91       37.31       30.90       20.60       18.11       14.62       34.69       37.45       40.23       33.40       28.91       20.94       22.82       21.26       21.99       19.95       16.46       15.60       14.84       14.37       20.43       19.16       36.39       34.54       37.03       39.44       42.23       32.73       35.26       43.13       38.59       43.30
         6.1         5.0       0.711       5.482     177.704       1.888       34.90       37.45       40.28       26.91       20.26       39.22       37.70       31.17       20.74       18.25       14.72       35.05       37.78       40.76       33.54       29.17       21.08       22.93       21.41       22.21       20.15       16.60       15.73       14.95       14.47       20.59       19.32       36.76       34.90       37.36       39.98       42.58       33.08       35.59       43.46       39.13       43.66
         6.2         5.0       0.695       4.915     174.846       1.907       35.31       37.83       40.90       27.17       20.42       39.58       38.16       31.49       20.90       18.42       14.84       35.46       38.16       41.37       33.71       29.45       21.25       23.04       21.57       22.47       20.38       16.76       15.88       15.07       14.58       20.77       19.51       37.20       35.31       37.74       40.60       42.98       33.49       35.97       43.83       39.76       44.08
         6.3         5.0       0.678       4.347     171.647       1.928       35.78       38.26       41.61       27.46       20.59       39.99       38.70       31.84       21.08       18.60       14.97       35.93       38.59       42.06       33.89       29.78       21.43       23.17       21.76       22.75       20.63       16.94       16.05       15.21       14.72       20.98       19.71       37.69       35.78       38.17       41.30       43.42       33.95       36.40       44.25       40.47       44.55
         6.4         5.0       0.661       3.790     168.094       1.951       36.30       38.75       42.40       27.78       20.79       40.46       39.31       32.23       21.28       18.80       15.12       36.46       39.07       42.83       34.09       30.14       21.64       23.31       21.97       23.08       20.92       17.15       16.24       15.36       14.86       21.20       19.94       38.25       36.30       38.65       42.08       43.93       34.47       36.89       44.73       41.26       45.08
         6.5         5.0       0.642       3.260     164.222       1.976       36.88       39.28       43.26       28.13       21.00       40.97       39.99       32.66       21.50       19.03       15.28       37.04       39.60       43.67       34.30       30.54       21.86       23.45       22.20       23.43       21.24       17.37       16.44       15.53       15.03       21.45       20.19       38.85       36.88       39.18       42.94       44.48       35.05       37.42       45.25       42.13       45.65
         6.6         5.0       0.623       2.769     160.048       2.002       37.51       39.85       44.20       28.51       21.23       41.53       40.75       33.12       21.73       19.26       15.46       37.68       40.18       44.58       34.53       30.96       22.10       23.60       22.45       23.81       21.58       17.61       16.66       15.71       15.20       21.71       20.46       39.52       37.51       39.76       43.87       45.08       35.68       37.99       45.81       43.07       46.27
         6.7         5.0       0.604       2.323     155.605       2.030       38.19       40.47       45.20       28.91       21.47       42.13       41.57       33.61       21.98       19.52       15.65       38.37       40.80       45.55       34.76       31.42       22.36       23.76       22.70       24.21       21.94       17.86       16.90       15.91       15.39       21.99       20.74       40.23       38.19       40.38       44.87       45.72       36.35       38.61       46.42       44.08       46.93
         6.8         5.0       0.584       1.925     150.893       2.058       38.92       41.13       46.27       29.34       21.72       42.77       42.45       34.13       22.24       19.79       15.85       39.10       41.46       46.59       35.01       31.90       22.63       23.92       22.98       24.64       22.32       18.13       17.15       16.11       15.59       22.29       21.04       41.00       38.92       41.04       45.93       46.41       37.08       39.27       47.06       45.16       47.63
