 #atmflag =           -2 , [M/H] = 1.20, clear
 #Conversion factor  L_{Jupiter} = 8.710e-10 x L_{Sun} with L_{Sun} = 3.846e+33 erg/s
 #1:log(Age/yr), 2:Mass/Mearth, 3:Radius/Rjupiter, 4:Luminosity/Ljupiter, 5:Teff/K, 6:logg/cgs, 7:NACOJ, 8:NACOH, 9:NACOKs, 10:NACOLp, 11:NACOMp, 12:CousinsR, 13:CousinsI, 14:WISE1, 15:WISE2, 16:WISE3, 17:WISE4, 18:F115W, 19:F150W, 20:F200W, 21:F277W, 22:F356W, 23:F444W, 24:F560W, 25:F770W, 26:F1000W, 27:F1280W, 28:F1500W, 29:F1800W, 30:F2100W, 31:F2550W, 32:VISIRB87, 33:VISIRSiC, 34:SPHEREY, 35:SPHEREJ, 36:SPHEREH, 37:SPHEREKs, 38:SPHEREJ2, 39:SPHEREJ3, 40:SPHEREH2, 41:SPHEREH3, 42:SPHEREK1, 43:SPHEREK2
         6.0       159.0       1.291    2288.879     596.002       2.871       17.47       18.35       17.41       15.47       12.90       26.74       23.06       17.31       13.19       11.38       10.86       17.45       18.65       17.87       17.74       16.71       13.48       13.81       13.57       11.49       10.87       10.85       10.82       10.85       10.85       12.15       10.97       17.78       17.47       18.23       17.51       21.37       16.06       17.17       23.03       16.84       22.19
         6.1       159.0       1.276    1967.125     577.381       2.882       17.67       18.64       17.68       15.62       13.00       26.89       23.24       17.52       13.30       11.51       10.94       17.64       18.94       18.14       18.01       16.88       13.59       13.99       13.71       11.65       11.01       10.95       10.90       10.94       10.93       12.29       11.12       18.00       17.67       18.52       17.77       21.91       16.22       17.45       23.36       17.10       22.48
         6.2       159.0       1.259    1656.566     556.711       2.893       17.90       18.98       17.96       15.80       13.13       27.05       23.44       17.75       13.42       11.67       11.03       17.87       19.29       18.44       18.33       17.06       13.72       14.19       13.88       11.84       11.17       11.07       11.00       11.04       11.03       12.46       11.30       18.25       17.90       18.86       18.04       22.51       16.42       17.78       23.73       17.37       22.81
         6.3       159.0       1.242    1367.187     534.208       2.905       18.17       19.36       18.26       15.99       13.26       27.22       23.66       18.02       13.56       11.85       11.14       18.13       19.67       18.75       18.69       17.26       13.86       14.42       14.08       12.06       11.37       11.21       11.11       11.14       11.13       12.65       11.51       18.54       18.18       19.24       18.32       23.16       16.65       18.15       24.12       17.65       23.18
         6.4       159.0       1.225    1115.122     511.150       2.917       18.48       19.76       18.57       16.19       13.41       27.39       23.89       18.30       13.71       12.06       11.25       18.43       20.08       19.06       19.08       17.48       14.01       14.66       14.29       12.30       11.59       11.37       11.22       11.25       11.24       12.87       11.74       18.87       18.49       19.64       18.61       23.81       16.92       18.54       24.53       17.93       23.57
         6.5       159.0       1.209     908.819     488.996       2.929       18.81       20.15       18.87       16.40       13.56       27.55       24.10       18.57       13.86       12.26       11.35       18.75       20.47       19.37       19.48       17.70       14.16       14.89       14.51       12.54       11.81       11.52       11.34       11.36       11.35       13.10       11.98       19.20       18.81       20.03       18.89       24.40       17.22       18.90       24.93       18.20       23.97
         6.6       159.0       1.193     739.168     467.534       2.941       19.17       20.54       19.18       16.61       13.72       27.70       24.30       18.86       14.02       12.47       11.46       19.10       20.86       19.69       19.89       17.93       14.32       15.13       14.72       12.79       12.05       11.68       11.45       11.46       11.46       13.33       12.23       19.57       19.18       20.42       19.18       24.96       17.55       19.25       25.34       18.48       24.37
         6.7       159.0       1.177     595.593     445.904       2.952       19.60       20.94       19.54       16.85       13.89       27.87       24.50       19.17       14.20       12.69       11.56       19.51       21.27       20.05       20.35       18.18       14.50       15.38       14.94       13.06       12.31       11.84       11.56       11.57       11.56       13.58       12.49       20.00       19.60       20.83       19.50       25.51       17.96       19.62       25.79       18.79       24.83
         6.8       159.0       1.162     479.339     425.045       2.963       20.07       21.37       19.93       17.11       14.07       28.04       24.70       19.50       14.38       12.92       11.67       19.98       21.70       20.45       20.86       18.46       14.69       15.65       15.16       13.35       12.59       12.00       11.68       11.68       11.67       13.84       12.77       20.48       20.08       21.26       19.86       26.06       18.42       19.99       26.28       19.13       25.33
         6.9       159.0       1.148     395.328     407.578       2.974       20.50       21.78       20.30       17.37       14.25       28.20       24.89       19.82       14.56       13.12       11.77       20.40       22.11       20.83       21.35       18.73       14.87       15.89       15.37       13.61       12.84       12.15       11.79       11.78       11.76       14.07       13.01       20.91       20.50       21.67       20.21       26.54       18.83       20.34       26.74       19.46       25.81
         7.0       159.0       1.133     333.681     393.092       2.985       20.86       22.15       20.65       17.60       14.41       28.35       25.05       20.11       14.72       13.30       11.85       20.76       22.48       21.18       21.80       18.98       15.03       16.11       15.56       13.86       13.06       12.28       11.89       11.88       11.85       14.27       13.22       21.27       20.87       22.04       20.53       26.94       19.19       20.67       27.15       19.76       26.24
         7.1       159.0       1.119     284.684     380.181       2.996       21.19       22.52       20.99       17.83       14.56       28.49       25.21       20.38       14.88       13.47       11.94       21.08       22.85       21.53       22.24       19.22       15.19       16.33       15.74       14.10       13.27       12.40       11.99       11.97       11.93       14.47       13.42       21.59       21.20       22.42       20.86       27.32       19.52       20.98       27.55       20.07       26.67
         7.2       159.0       1.105     242.759     367.718       3.007       21.52       22.92       21.37       18.07       14.73       28.64       25.38       20.68       15.05       13.63       12.03       21.40       23.25       21.91       22.70       19.48       15.36       16.55       15.93       14.34       13.48       12.52       12.09       12.06       12.02       14.67       13.61       21.91       21.53       22.81       21.21       27.71       19.84       21.33       27.96       20.40       27.12
         7.3       159.0       1.090     205.574     355.128       3.019       21.86       23.36       21.80       18.34       14.91       28.81       25.56       21.00       15.23       13.80       12.12       21.73       23.69       22.34       23.20       19.77       15.55       16.80       16.14       14.60       13.69       12.65       12.20       12.16       12.10       14.88       13.81       22.24       21.87       23.26       21.62       28.12       20.18       21.72       28.42       20.79       27.63
         7.4       159.0       1.075     172.275     342.160       3.031       22.24       23.86       22.30       18.66       15.11       29.00       25.76       21.37       15.44       13.98       12.22       22.09       24.20       22.85       23.75       20.10       15.76       17.07       16.37       14.87       13.92       12.79       12.31       12.26       12.20       15.11       14.02       22.59       22.25       23.76       22.10       28.59       20.55       22.17       28.93       21.24       28.20
         7.5       159.0       1.060     142.622     328.733       3.043       22.65       24.43       22.88       19.01       15.34       29.21       26.00       21.78       15.68       14.17       12.33       22.49       24.77       23.43       24.35       20.48       15.99       17.38       16.61       15.17       14.16       12.93       12.44       12.38       12.30       15.37       14.25       22.98       22.66       24.34       22.65       29.11       20.95       22.69       29.51       21.77       28.85
         7.6       159.0       1.044     116.854     315.058       3.056       23.09       25.06       23.50       19.39       15.59       29.46       26.28       22.23       15.93       14.38       12.45       22.92       25.39       24.05       25.02       20.89       16.24       17.71       16.88       15.50       14.43       13.09       12.58       12.50       12.41       15.64       14.49       23.41       23.10       24.96       23.26       29.66       21.39       23.28       30.14       22.36       29.56
         7.7       159.0       1.029      94.876     301.292       3.069       23.57       25.73       24.15       19.79       15.85       29.75       26.62       22.72       16.19       14.59       12.57       23.38       26.07       24.70       25.73       21.32       16.51       18.06       17.17       15.85       14.71       13.25       12.72       12.63       12.52       15.95       14.76       23.88       23.58       25.64       23.90       30.24       21.86       23.92       30.82       22.97       30.31
         7.8       159.0       1.013      76.314     287.479       3.082       24.07       26.45       24.82       20.21       16.12       30.08       27.03       23.23       16.47       14.82       12.69       23.90       26.79       25.37       26.50       21.78       16.78       18.43       17.47       16.24       15.03       13.43       12.88       12.76       12.62       16.27       15.05       24.41       24.08       26.36       24.55       30.84       22.36       24.62       31.55       23.61       31.10
         7.9       159.0       0.998      61.122     274.044       3.095       24.65       27.24       25.59       20.67       16.41       30.44       27.49       23.80       16.78       15.06       12.81       24.48       27.57       26.13       27.31       22.28       17.09       18.83       17.78       16.68       15.39       13.61       13.04       12.89       12.72       16.61       15.37       25.03       24.66       27.14       25.31       31.50       22.92       25.39       32.36       24.36       31.96
         8.0       159.0       0.983      49.033     261.384       3.109       25.31       28.08       26.51       21.20       16.76       30.79       27.95       24.43       17.13       15.31       12.92       25.17       28.41       27.06       28.12       22.86       17.44       19.25       18.10       17.18       15.79       13.80       13.20       13.02       12.81       16.98       15.73       25.79       25.32       27.99       26.23       32.26       23.58       26.23       33.24       25.27       32.91
         8.1       159.0       0.967      39.527     249.646       3.123       26.08       28.99       27.64       21.81       17.15       31.08       28.40       25.13       17.53       15.56       13.03       25.97       29.32       28.19       28.92       23.51       17.84       19.69       18.44       17.73       16.24       14.00       13.37       13.13       12.89       17.37       16.11       26.68       26.09       28.90       27.35       33.13       24.34       27.14       34.19       26.39       33.97
         8.2       159.0       0.952      31.946     238.615       3.136       26.96       29.98       28.98       22.50       17.59       31.33       28.82       25.91       17.98       15.82       13.12       26.89       30.31       29.55       29.72       24.26       18.29       20.15       18.78       18.34       16.74       14.22       13.54       13.25       12.96       17.78       16.52       27.72       26.96       29.89       28.69       34.14       25.21       28.12       35.22       27.72       35.13
         8.3       159.0       0.936      25.645     227.710       3.151       27.98       31.07       30.54       23.28       18.07       31.62       29.33       26.79       18.48       16.11       13.23       27.95       31.40       31.12       30.51       25.10       18.79       20.63       19.17       19.02       17.31       14.46       13.73       13.37       13.05       18.22       16.98       28.92       27.98       30.98       30.25       35.29       26.22       29.21       36.36       29.28       36.43
         8.4       159.0       0.921      20.392     216.784       3.165       29.14       32.27       32.31       24.12       18.58       32.07       30.02       27.76       18.99       16.42       13.35       29.15       32.60       32.90       31.28       26.02       19.31       21.09       19.58       19.77       17.94       14.73       13.96       13.52       13.15       18.71       17.47       30.27       29.14       32.18       32.02       36.56       27.38       30.41       37.59       31.05       37.85
         8.5       159.0       0.907      16.159     206.150       3.178       30.41       33.54       34.19       24.99       19.05       32.76       30.94       28.78       19.49       16.76       13.51       30.45       33.87       34.76       31.96       26.98       19.81       21.51       20.02       20.55       18.59       15.04       14.23       13.70       13.29       19.21       17.98       31.69       30.41       33.45       33.89       37.90       28.63       31.68       38.87       32.93       39.32
         8.6       159.0       0.893      12.668     195.473       3.192       31.80       34.91       36.19       25.87       19.49       33.83       32.22       29.87       19.95       17.15       13.72       31.87       35.23       36.73       32.56       27.97       20.29       21.86       20.50       21.36       19.29       15.40       14.55       13.92       13.48       19.74       18.50       33.22       31.80       34.81       35.90       39.30       30.01       33.05       40.23       34.94       40.85
         8.7       159.0       0.880       9.708     184.274       3.205       33.37       36.44       38.40       26.81       19.91       35.40       33.94       31.06       20.38       17.58       13.98       33.46       36.76       38.86       33.08       29.04       20.75       22.15       21.04       22.24       20.05       15.83       14.93       14.21       13.74       20.32       19.06       34.90       33.37       36.34       38.09       40.83       31.57       34.57       41.73       37.15       42.52
         8.8       159.0       0.867       7.343     173.095       3.217       35.04       38.04       40.68       27.76       20.28       37.34       35.96       32.30       20.78       18.05       14.29       35.14       38.36       41.04       33.51       30.12       21.18       22.39       21.60       23.14       20.83       16.30       15.36       14.53       14.04       20.91       19.62       36.64       35.04       37.94       40.37       42.39       33.22       36.17       43.29       39.44       44.21
         8.9       159.0       0.855       5.488     162.046       3.229       36.74       39.66       42.99       28.69       20.61       39.52       38.15       33.54       21.14       18.53       14.62       36.85       39.99       43.23       33.88       31.20       21.59       22.58       22.17       24.03       21.61       16.78       15.80       14.88       14.37       21.51       20.17       38.40       36.74       39.56       42.67       43.97       34.91       37.80       44.87       41.76       45.91
